Q,nflux,nflux_err,time,ampl,logg,prot,rstar,teff
1.0,1.00023686886,0.000284519628622,131.512929809,0.0041426926,4.76,34.4552286678,0.494,3823
1.0,0.999446213245,0.000284570734948,131.574233125,0.0041426926,4.76,34.4552286678,0.494,3823
1.0,1.0000679493,0.000284720241325,131.63553644,0.0041426926,4.76,34.4552286678,0.494,3823
1.0,0.999445617199,0.000284751178697,131.696839855,0.0041426926,4.76,34.4552286678,0.494,3823
1.0,0.999765217304,0.000284828885924,131.758143167,0.0041426926,4.76,34.4552286678,0.494,3823
1.0,0.999772012234,0.000284698413452,131.819446479,0.0041426926,4.76,34.4552286678,0.494,3823
1.0,0.999533355236,0.000284824986011,131.880749689,0.0041426926,4.76,34.4552286678,0.494,3823
1.0,0.999420940876,0.000284834823105,131.942052998,0.0041426926,4.76,34.4552286678,0.494,3823
1.0,0.999420940876,0.000284801295493,132.003356306,0.0041426926,4.76,34.4552286678,0.494,3823
1.0,0.999811410904,0.000284841138637,132.064659613,0.0041426926,4.76,34.4552286678,0.494,3823
1.0,0.99976849556,0.000284886016743,132.125962918,0.0041426926,4.76,34.4552286678,0.494,3823
1.0,0.999814927578,0.00028482725611,132.187266222,0.0041426926,4.76,34.4552286678,0.494,3823
1.0,0.999757826328,0.000284863257548,132.248569425,0.0041426926,4.76,34.4552286678,0.494,3823
1.0,0.99998241663,0.000284936133539,132.309872727,0.0041426926,4.76,34.4552286678,0.494,3823
1.0,0.999269366264,0.000284865032881,132.371176027,0.0041426926,4.76,34.4552286678,0.494,3823
1.0,0.999349951744,0.000284845853457,132.432479326,0.0041426926,4.76,34.4552286678,0.494,3823
1.0,0.999498724937,0.000284850073513,132.493782624,0.0041426926,4.76,34.4552286678,0.494,3823
1.0,0.999560058117,0.000284869573079,132.555085921,0.0041426926,4.76,34.4552286678,0.494,3823
1.0,0.999175786972,0.000284861162072,132.616389216,0.0041426926,4.76,34.4552286678,0.494,3823
1.0,0.999729812145,0.000284847570583,132.67769241,0.0041426926,4.76,34.4552286678,0.494,3823
1.0,0.999749243259,0.000284894340439,132.738995703,0.0041426926,4.76,34.4552286678,0.494,3823
1.0,0.999288976192,0.000284901791019,132.800298995,0.0041426926,4.76,34.4552286678,0.494,3823
1.0,1.00006043911,0.000284880428808,132.861602285,0.0041426926,4.76,34.4552286678,0.494,3823
1.0,0.999085247517,0.000284791138256,132.922905574,0.0041426926,4.76,34.4552286678,0.494,3823
1.0,1.00020027161,0.000284869398456,132.984208962,0.0041426926,4.76,34.4552286678,0.494,3823
1.0,0.999411821365,0.00028487254167,133.045512149,0.0041426926,4.76,34.4552286678,0.494,3823
1.0,0.99971729517,0.000284907640889,133.106815434,0.0041426926,4.76,34.4552286678,0.494,3823
1.0,0.999375581741,0.000284885376459,133.168118718,0.0041426926,4.76,34.4552286678,0.494,3823
1.0,0.999454200268,0.000284913490759,133.229422001,0.0041426926,4.76,34.4552286678,0.494,3823
1.0,0.99976682663,0.000284779205685,133.290725282,0.0041426926,4.76,34.4552286678,0.494,3823
1.0,1.00049877167,0.000284887733869,133.352028562,0.0041426926,4.76,34.4552286678,0.494,3823
1.0,0.999059677124,0.000284725043457,133.413331841,0.0041426926,4.76,34.4552286678,0.494,3823
1.0,0.999272406101,0.000284746434772,133.474635019,0.0041426926,4.76,34.4552286678,0.494,3823
1.0,0.999149143696,0.000284868350718,133.535938295,0.0041426926,4.76,34.4552286678,0.494,3823
1.0,0.999669790268,0.000284804555122,133.59724157,0.0041426926,4.76,34.4552286678,0.494,3823
1.0,0.999709665775,0.000284861627733,133.658544943,0.0041426926,4.76,34.4552286678,0.494,3823
1.0,0.999527513981,0.000284848851152,133.719848216,0.0041426926,4.76,34.4552286678,0.494,3823
1.0,0.999648869038,0.000284905778244,133.781151487,0.0041426926,4.76,34.4552286678,0.494,3823
1.0,0.999720573425,0.000284870126052,133.842454657,0.0041426926,4.76,34.4552286678,0.494,3823
1.0,0.999981880188,0.000284923909931,133.903757925,0.0041426926,4.76,34.4552286678,0.494,3823
1.0,0.999596059322,0.000284812675091,133.965061192,0.0041426926,4.76,34.4552286678,0.494,3823
1.0,0.999988913536,0.000284920417471,134.026364458,0.0041426926,4.76,34.4552286678,0.494,3823
1.0,0.99969547987,0.00028484777431,134.087667723,0.0041426926,4.76,34.4552286678,0.494,3823
1.0,1.00005817413,0.000284945883323,134.148970986,0.0041426926,4.76,34.4552286678,0.494,3823
1.0,0.999991953373,0.000284925859887,134.210274248,0.0041426926,4.76,34.4552286678,0.494,3823
1.0,0.999225318432,0.000284846144496,134.271577408,0.0041426926,4.76,34.4552286678,0.494,3823
1.0,0.999908089638,0.000284943234874,134.332880668,0.0041426926,4.76,34.4552286678,0.494,3823
1.0,0.999767720699,0.000284936511889,134.414618345,0.0041426926,4.76,34.4552286678,0.494,3823
1.0,1.00011873245,0.000284957233816,134.475921601,0.0041426926,4.76,34.4552286678,0.494,3823
1.0,1.00028347969,0.000284690730041,134.537224855,0.0041426926,4.76,34.4552286678,0.494,3823
1.0,1.00000011921,0.000284503563307,134.598528109,0.0041426926,4.76,34.4552286678,0.494,3823
1.0,1.00075745583,0.000284814217594,134.659831361,0.0041426926,4.76,34.4552286678,0.494,3823
1.0,0.999851763248,0.000284881156404,134.721134612,0.0041426926,4.76,34.4552286678,0.494,3823
1.0,0.999949336052,0.000284848938463,134.782437761,0.0041426926,4.76,34.4552286678,0.494,3823
1.0,0.999773800373,0.000284902169369,134.843741009,0.0041426926,4.76,34.4552286678,0.494,3823
1.0,0.999434173107,0.000284833426122,134.905044356,0.0041426926,4.76,34.4552286678,0.494,3823
1.0,0.999940991402,0.000284938811092,134.966347602,0.0041426926,4.76,34.4552286678,0.494,3823
1.0,0.999842166901,0.000284976034891,135.027650846,0.0041426926,4.76,34.4552286678,0.494,3823
1.0,0.99996984005,0.000284994981484,135.088954088,0.0041426926,4.76,34.4552286678,0.494,3823
1.0,1.00007605553,0.00028494905564,135.15025733,0.0041426926,4.76,34.4552286678,0.494,3823
1.0,1.00010120869,0.000284984562313,135.21156047,0.0041426926,4.76,34.4552286678,0.494,3823
1.0,0.999688088894,0.000284958165139,135.272863708,0.0041426926,4.76,34.4552286678,0.494,3823
1.0,1.00032842159,0.000284949637717,135.334166946,0.0041426926,4.76,34.4552286678,0.494,3823
1.0,0.999738335609,0.000284928712063,135.395470182,0.0041426926,4.76,34.4552286678,0.494,3823
1.0,0.999610543251,0.000284972571535,135.456773416,0.0041426926,4.76,34.4552286678,0.494,3823
1.0,1.00071048737,0.000284939655103,135.518076649,0.0041426926,4.76,34.4552286678,0.494,3823
1.0,1.00013387203,0.000285032350803,135.579379781,0.0041426926,4.76,34.4552286678,0.494,3823
1.0,1.00024926662,0.00028495825245,135.640683012,0.0041426926,4.76,34.4552286678,0.494,3823
1.0,1.0003837347,0.000284936133539,135.701986241,0.0041426926,4.76,34.4552286678,0.494,3823
1.0,0.999917924404,0.00028497033054,135.763289468,0.0041426926,4.76,34.4552286678,0.494,3823
1.0,1.00053024292,0.000285017624265,135.824592695,0.0041426926,4.76,34.4552286678,0.494,3823
1.0,0.999997019768,0.000285017187707,135.88589592,0.0041426926,4.76,34.4552286678,0.494,3823
1.0,0.999970376492,0.000285032321699,135.947199043,0.0041426926,4.76,34.4552286678,0.494,3823
1.0,0.99958729744,0.000285013840767,136.008502265,0.0041426926,4.76,34.4552286678,0.494,3823
1.0,0.999457001686,0.000284990266664,136.069805486,0.0041426926,4.76,34.4552286678,0.494,3823
1.0,0.999809861183,0.000285008951323,136.131108805,0.0041426926,4.76,34.4552286678,0.494,3823
1.0,0.999681770802,0.00028499783366,136.192412023,0.0041426926,4.76,34.4552286678,0.494,3823
1.0,0.999887645245,0.000284937472316,136.25371524,0.0041426926,4.76,34.4552286678,0.494,3823
1.0,0.999926924706,0.000284913781798,136.315018455,0.0041426926,4.76,34.4552286678,0.494,3823
1.0,1.00000584126,0.00028489343822,136.376321569,0.0041426926,4.76,34.4552286678,0.494,3823
1.0,0.999739646912,0.000284954643575,136.437624781,0.0041426926,4.76,34.4552286678,0.494,3823
1.0,0.999584078789,0.000284929788904,136.498927992,0.0041426926,4.76,34.4552286678,0.494,3823
1.0,1.0003105402,0.000284985464532,136.560231202,0.0041426926,4.76,34.4552286678,0.494,3823
1.0,0.999953210354,0.000284957350232,136.62153441,0.0041426926,4.76,34.4552286678,0.494,3823
1.0,0.999735057354,0.000284957524855,136.682837617,0.0041426926,4.76,34.4552286678,0.494,3823
1.0,1.00006973743,0.000284972309601,136.744140722,0.0041426926,4.76,34.4552286678,0.494,3823
1.0,0.999966323376,0.000284943875158,136.805443926,0.0041426926,4.76,34.4552286678,0.494,3823
1.0,0.999991059303,0.00028491721605,136.866747228,0.0041426926,4.76,34.4552286678,0.494,3823
1.0,1.00017356873,0.000284982670564,136.928050429,0.0041426926,4.76,34.4552286678,0.494,3823
1.0,1.00001299381,0.000284955633106,136.989353629,0.0041426926,4.76,34.4552286678,0.494,3823
1.0,1.0004709959,0.000285002490273,137.050656827,0.0041426926,4.76,34.4552286678,0.494,3823
1.0,1.00010514259,0.000284977897536,137.111960024,0.0041426926,4.76,34.4552286678,0.494,3823
1.0,0.998983263969,0.000284900888801,137.173263119,0.0041426926,4.76,34.4552286678,0.494,3823
1.0,0.999955773354,0.000284959824057,137.234566313,0.0041426926,4.76,34.4552286678,0.494,3823
1.0,0.999921262264,0.000284985901089,137.295869506,0.0041426926,4.76,34.4552286678,0.494,3823
1.0,0.999731838703,0.000284960406134,137.357172697,0.0041426926,4.76,34.4552286678,0.494,3823
1.0,0.999556541443,0.000284949375782,137.438910282,0.0041426926,4.76,34.4552286678,0.494,3823
1.0,0.998921751976,0.000284918176476,137.50021347,0.0041426926,4.76,34.4552286678,0.494,3823
1.0,0.999183416367,0.000284912763163,137.561516656,0.0041426926,4.76,34.4552286678,0.494,3823
1.0,1.00084042549,0.00028503278736,137.622819841,0.0041426926,4.76,34.4552286678,0.494,3823
1.0,0.998849868774,0.000284892332274,137.684122924,0.0041426926,4.76,34.4552286678,0.494,3823
1.0,0.999239385128,0.000284926092718,137.745426106,0.0041426926,4.76,34.4552286678,0.494,3823
1.0,1.00021481514,0.000285015092231,137.806729287,0.0041426926,4.76,34.4552286678,0.494,3823
1.0,0.999194085598,0.00028494707658,137.868032466,0.0041426926,4.76,34.4552286678,0.494,3823
1.0,0.998957753181,0.000284890615148,137.929335643,0.0041426926,4.76,34.4552286678,0.494,3823
1.0,0.999206244946,0.000284787383862,137.990638819,0.0041426926,4.76,34.4552286678,0.494,3823
1.0,0.998678982258,0.000284777808702,138.051941894,0.0041426926,4.76,34.4552286678,0.494,3823
1.0,0.998687624931,0.000284801819362,138.113245067,0.0041426926,4.76,34.4552286678,0.494,3823
1.0,0.999206662178,0.000284875975922,138.174548238,0.0041426926,4.76,34.4552286678,0.494,3823
1.0,0.998942792416,0.000284867041046,138.235851509,0.0041426926,4.76,34.4552286678,0.494,3823
1.0,0.998570680618,0.000284898065729,138.297154677,0.0041426926,4.76,34.4552286678,0.494,3823
1.0,0.998679816723,0.000284899258986,138.358457844,0.0041426926,4.76,34.4552286678,0.494,3823
1.0,0.998705625534,0.000284918787656,138.41976101,0.0041426926,4.76,34.4552286678,0.494,3823
1.0,0.999168455601,0.000285018322757,138.481064074,0.0041426926,4.76,34.4552286678,0.494,3823
1.0,0.998709917068,0.000284906680463,138.542367237,0.0041426926,4.76,34.4552286678,0.494,3823
1.0,0.99857032299,0.0002849882585,138.603670398,0.0041426926,4.76,34.4552286678,0.494,3823
1.0,0.998346626759,0.000284931651549,138.664973558,0.0041426926,4.76,34.4552286678,0.494,3823
1.0,0.998296737671,0.000284922018182,138.726276717,0.0041426926,4.76,34.4552286678,0.494,3823
1.0,0.998430192471,0.000285002257442,138.787579873,0.0041426926,4.76,34.4552286678,0.494,3823
1.0,0.998505592346,0.000284993293462,138.848882929,0.0041426926,4.76,34.4552286678,0.494,3823
1.0,0.998171210289,0.000284962152364,138.910186083,0.0041426926,4.76,34.4552286678,0.494,3823
1.0,0.998128831387,0.000284965673927,138.971489235,0.0041426926,4.76,34.4552286678,0.494,3823
1.0,0.997693359852,0.00028495353763,139.032792386,0.0041426926,4.76,34.4552286678,0.494,3823
1.0,0.998406410217,0.000284956768155,139.094095535,0.0041426926,4.76,34.4552286678,0.494,3823
1.0,0.998092293739,0.000284952111542,139.155398683,0.0041426926,4.76,34.4552286678,0.494,3823
1.0,0.997663855553,0.000284960784484,139.216701729,0.0041426926,4.76,34.4552286678,0.494,3823
1.0,0.997607529163,0.000284917623503,139.278004874,0.0041426926,4.76,34.4552286678,0.494,3823
1.0,0.997552573681,0.000284912443021,139.339308117,0.0041426926,4.76,34.4552286678,0.494,3823
1.0,0.997999072075,0.00028485772782,139.400611259,0.0041426926,4.76,34.4552286678,0.494,3823
1.0,0.997983753681,0.000284952373477,139.461914399,0.0041426926,4.76,34.4552286678,0.494,3823
1.0,0.997411131859,0.000284896203084,139.523217538,0.0041426926,4.76,34.4552286678,0.494,3823
1.0,0.997569978237,0.000284931535134,139.584520675,0.0041426926,4.76,34.4552286678,0.494,3823
1.0,0.997157275677,0.000284900685074,139.645823711,0.0041426926,4.76,34.4552286678,0.494,3823
1.0,0.996520996094,0.000284885521978,139.707126845,0.0041426926,4.76,34.4552286678,0.494,3823
1.0,0.99724316597,0.000284885580186,139.768429977,0.0041426926,4.76,34.4552286678,0.494,3823
1.0,0.997054219246,0.000284811365418,139.829733108,0.0041426926,4.76,34.4552286678,0.494,3823
1.0,0.99707698822,0.000284743029624,139.891036238,0.0041426926,4.76,34.4552286678,0.494,3823
1.0,0.997500061989,0.000284820300294,139.952339466,0.0041426926,4.76,34.4552286678,0.494,3823
1.0,0.997332811356,0.000284861424007,140.013642393,0.0041426926,4.76,34.4552286678,0.494,3823
1.0,0.996987223625,0.000284672220005,140.074945618,0.0041426926,4.76,34.4552286678,0.494,3823
1.0,0.996879816055,0.000284636043943,140.136248741,0.0041426926,4.76,34.4552286678,0.494,3823
1.0,0.99732619524,0.00028474163264,140.197551863,0.0041426926,4.76,34.4552286678,0.494,3823
1.0,0.997394382954,0.000284810230369,140.258854983,0.0041426926,4.76,34.4552286678,0.494,3823
1.0,0.996577978134,0.000284708745312,140.320158102,0.0041426926,4.76,34.4552286678,0.494,3823
1.0,0.996733367443,0.000284826994175,140.401895591,0.0041426926,4.76,34.4552286678,0.494,3823
1.0,0.997093439102,0.000284659618046,140.463198706,0.0041426926,4.76,34.4552286678,0.494,3823
1.0,0.997614145279,0.000284860492684,140.52450162,0.0041426926,4.76,34.4552286678,0.494,3823
1.0,0.996258735657,0.000284560781438,140.585804832,0.0041426926,4.76,34.4552286678,0.494,3823
1.0,0.99630510807,0.000284613808617,140.647107943,0.0041426926,4.76,34.4552286678,0.494,3823
1.0,0.99655854702,0.00028478258173,140.708411052,0.0041426926,4.76,34.4552286678,0.494,3823
1.0,0.996608674526,0.000284566718619,140.769714159,0.0041426926,4.76,34.4552286678,0.494,3823
1.0,0.996495366096,0.000284620589809,140.831017265,0.0041426926,4.76,34.4552286678,0.494,3823
1.0,0.996035158634,0.000284826644929,140.892320269,0.0041426926,4.76,34.4552286678,0.494,3823
1.0,0.996503174305,0.000284816313069,140.953623371,0.0041426926,4.76,34.4552286678,0.494,3823
1.0,0.996580600739,0.000284717418253,141.014926473,0.0041426926,4.76,34.4552286678,0.494,3823
1.0,0.996194422245,0.000284690147964,141.076229572,0.0041426926,4.76,34.4552286678,0.494,3823
1.0,0.996117651463,0.000284761772491,141.13753267,0.0041426926,4.76,34.4552286678,0.494,3823
1.0,0.996585428715,0.000284767185804,141.198835766,0.0041426926,4.76,34.4552286678,0.494,3823
1.0,0.99632281065,0.000284806708805,141.260138861,0.0041426926,4.76,34.4552286678,0.494,3823
1.0,0.996278047562,0.000284839712549,141.321441854,0.0041426926,4.76,34.4552286678,0.494,3823
1.0,0.99663490057,0.000284877954982,141.382744946,0.0041426926,4.76,34.4552286678,0.494,3823
1.0,0.99534958601,0.000284808455035,141.444048136,0.0041426926,4.76,34.4552286678,0.494,3823
1.0,0.99658960104,0.000284884823486,141.505351224,0.0041426926,4.76,34.4552286678,0.494,3823
1.0,0.996063530445,0.000284840411041,141.566654211,0.0041426926,4.76,34.4552286678,0.494,3823
1.0,0.995825588703,0.000284797657514,141.627957396,0.0041426926,4.76,34.4552286678,0.494,3823
1.0,0.996034443378,0.000284829060547,141.68926038,0.0041426926,4.76,34.4552286678,0.494,3823
1.0,0.996075510979,0.000284802576061,141.750563462,0.0041426926,4.76,34.4552286678,0.494,3823
1.0,0.995621025562,0.000284770852886,141.811866542,0.0041426926,4.76,34.4552286678,0.494,3823
1.0,0.995585501194,0.000284801295493,141.873169621,0.0041426926,4.76,34.4552286678,0.494,3823
1.0,0.995844900608,0.000284755893517,141.934472699,0.0041426926,4.76,34.4552286678,0.494,3823
1.0,0.995752453804,0.00028476017178,141.995775774,0.0041426926,4.76,34.4552286678,0.494,3823
1.0,0.995876431465,0.00028475682484,142.057078748,0.0041426926,4.76,34.4552286678,0.494,3823
1.0,0.99562472105,0.000284811045276,142.118381821,0.0041426926,4.76,34.4552286678,0.494,3823
1.0,0.996186971664,0.000284779962385,142.179684891,0.0041426926,4.76,34.4552286678,0.494,3823
1.0,0.995423197746,0.000284733076114,142.24098796,0.0041426926,4.76,34.4552286678,0.494,3823
1.0,0.995744466782,0.000284820911475,142.302291028,0.0041426926,4.76,34.4552286678,0.494,3823
1.0,0.995000839233,0.000284770852886,142.363594194,0.0041426926,4.76,34.4552286678,0.494,3823
1.0,0.995803177357,0.000284753536107,142.424897258,0.0041426926,4.76,34.4552286678,0.494,3823
1.0,0.99548971653,0.000284790003207,142.486200121,0.0041426926,4.76,34.4552286678,0.494,3823
1.0,0.995709598064,0.000284686946543,142.547503282,0.0041426926,4.76,34.4552286678,0.494,3823
1.0,0.995414614677,0.000284691312118,142.608806341,0.0041426926,4.76,34.4552286678,0.494,3823
1.0,0.994953155518,0.000284700741759,142.670109399,0.0041426926,4.76,34.4552286678,0.494,3823
1.0,0.995452880859,0.000284711684799,142.731412455,0.0041426926,4.76,34.4552286678,0.494,3823
1.0,0.995377421379,0.000284599838778,142.79271551,0.0041426926,4.76,34.4552286678,0.494,3823
1.0,0.995559811592,0.000284725509118,142.854018463,0.0041426926,4.76,34.4552286678,0.494,3823
1.0,0.995677471161,0.000284849316813,142.915321514,0.0041426926,4.76,34.4552286678,0.494,3823
1.0,0.996002554893,0.000284750189167,142.976624564,0.0041426926,4.76,34.4552286678,0.494,3823
1.0,0.995263040066,0.000284748384729,143.037927612,0.0041426926,4.76,34.4552286678,0.494,3823
1.0,0.995424807072,0.000284815410851,143.099230658,0.0041426926,4.76,34.4552286678,0.494,3823
1.0,0.995787322521,0.000284862151602,143.160533703,0.0041426926,4.76,34.4552286678,0.494,3823
1.0,0.995315849781,0.000284719426418,143.221836645,0.0041426926,4.76,34.4552286678,0.494,3823
1.0,0.995433151722,0.000284804147668,143.283139787,0.0041426926,4.76,34.4552286678,0.494,3823
1.0,0.996135234833,0.000284564768663,143.364877073,0.0041426926,4.76,34.4552286678,0.494,3823
1.0,0.995636343956,0.000284669658868,143.42618011,0.0041426926,4.76,34.4552286678,0.494,3823
1.0,0.99614495039,0.000284584937617,143.487483146,0.0041426926,4.76,34.4552286678,0.494,3823
1.0,0.995158076286,0.000284339970676,143.54878628,0.0041426926,4.76,34.4552286678,0.494,3823
1.0,0.995861768723,0.000284795474727,143.610089313,0.0041426926,4.76,34.4552286678,0.494,3823
1.0,0.996084153652,0.000284799578367,143.671392343,0.0041426926,4.76,34.4552286678,0.494,3823
1.0,0.996030151844,0.000284630048554,143.732695273,0.0041426926,4.76,34.4552286678,0.494,3823
1.0,0.99588572979,0.000284682872007,143.7939983,0.0041426926,4.76,34.4552286678,0.494,3823
1.0,0.995376527309,0.000284627400106,143.855301326,0.0041426926,4.76,34.4552286678,0.494,3823
1.0,0.99530339241,0.000284747802652,143.91660435,0.0041426926,4.76,34.4552286678,0.494,3823
1.0,0.995624959469,0.000284733308945,143.977907373,0.0041426926,4.76,34.4552286678,0.494,3823
1.0,0.995813727379,0.000284655281575,144.039210393,0.0041426926,4.76,34.4552286678,0.494,3823
1.0,0.9955265522,0.000284661859041,144.100513412,0.0041426926,4.76,34.4552286678,0.494,3823
1.0,0.996236741543,0.000284715206362,144.16181633,0.0041426926,4.76,34.4552286678,0.494,3823
1.0,0.995961010456,0.000284609821392,144.223119346,0.0041426926,4.76,34.4552286678,0.494,3823
1.0,0.996561825275,0.00028479937464,144.28442236,0.0041426926,4.76,34.4552286678,0.494,3823
1.0,0.996119558811,0.000284679641481,144.345725372,0.0041426926,4.76,34.4552286678,0.494,3823
1.0,0.996483922005,0.00028481928166,144.407028383,0.0041426926,4.76,34.4552286678,0.494,3823
1.0,0.995631098747,0.000284694950096,144.468331392,0.0041426926,4.76,34.4552286678,0.494,3823
1.0,0.995732188225,0.000284779904177,144.529634299,0.0041426926,4.76,34.4552286678,0.494,3823
1.0,0.995886325836,0.000284844631096,144.590937304,0.0041426926,4.76,34.4552286678,0.494,3823
1.0,0.99676412344,0.000284915178781,144.652240308,0.0041426926,4.76,34.4552286678,0.494,3823
1.0,0.996460139751,0.000284920766717,144.713543311,0.0041426926,4.76,34.4552286678,0.494,3823
1.0,0.996266841888,0.00028480857145,144.774846311,0.0041426926,4.76,34.4552286678,0.494,3823
1.0,0.99695289135,0.000284862762783,144.83614941,0.0041426926,4.76,34.4552286678,0.494,3823
1.0,0.997107386589,0.000284961395664,144.897452307,0.0041426926,4.76,34.4552286678,0.494,3823
1.0,0.996209383011,0.000284788897261,144.958755302,0.0041426926,4.76,34.4552286678,0.494,3823
1.0,0.996865093708,0.000284729932901,145.020058296,0.0041426926,4.76,34.4552286678,0.494,3823
1.0,0.996391773224,0.000284741574433,145.081361288,0.0041426926,4.76,34.4552286678,0.494,3823
1.0,0.996489524841,0.000284878711682,145.142664278,0.0041426926,4.76,34.4552286678,0.494,3823
1.0,0.996569335461,0.000284737237962,145.203967266,0.0041426926,4.76,34.4552286678,0.494,3823
1.0,0.997223556042,0.000284802896203,145.265270253,0.0041426926,4.76,34.4552286678,0.494,3823
1.0,0.996523857117,0.00028479663888,145.326573138,0.0041426926,4.76,34.4552286678,0.494,3823
1.0,0.996980249882,0.000284784066025,145.387876121,0.0041426926,4.76,34.4552286678,0.494,3823
1.0,0.997087359428,0.000284849229502,145.449179103,0.0041426926,4.76,34.4552286678,0.494,3823
1.0,0.997142672539,0.000284809269942,145.510482083,0.0041426926,4.76,34.4552286678,0.494,3823
1.0,0.997514247894,0.000284844078124,145.571785161,0.0041426926,4.76,34.4552286678,0.494,3823
1.0,0.996926367283,0.000284810172161,145.633088137,0.0041426926,4.76,34.4552286678,0.494,3823
1.0,0.997161448002,0.000284820009256,145.694390912,0.0041426926,4.76,34.4552286678,0.494,3823
1.0,0.99768435955,0.000284867244773,145.755693985,0.0041426926,4.76,34.4552286678,0.494,3823
1.0,0.998320639133,0.000284865644062,145.816996956,0.0041426926,4.76,34.4552286678,0.494,3823
1.0,0.997728586197,0.000284867914161,145.878299925,0.0041426926,4.76,34.4552286678,0.494,3823
1.0,0.997500181198,0.000284833193291,145.939602893,0.0041426926,4.76,34.4552286678,0.494,3823
1.0,0.997765958309,0.000284836802166,146.000905859,0.0041426926,4.76,34.4552286678,0.494,3823
1.0,0.997915804386,0.000284862355329,146.062208823,0.0041426926,4.76,34.4552286678,0.494,3823
1.0,0.997653186321,0.000284812558675,146.123511686,0.0041426926,4.76,34.4552286678,0.494,3823
1.0,0.998160660267,0.000284824549453,146.184814646,0.0041426926,4.76,34.4552286678,0.494,3823
1.0,0.998394787312,0.000284847599687,146.246117605,0.0041426926,4.76,34.4552286678,0.494,3823
1.0,0.998576939106,0.000284905225271,146.307420562,0.0041426926,4.76,34.4552286678,0.494,3823
1.0,0.99914675951,0.000284971494693,146.389157836,0.0041426926,4.76,34.4552286678,0.494,3823
1.0,0.9993019104,0.000284974492388,146.450460789,0.0041426926,4.76,34.4552286678,0.494,3823
1.0,0.999379694462,0.000285015470581,146.51176374,0.0041426926,4.76,34.4552286678,0.494,3823
1.0,0.999159216881,0.00028496820596,146.57306669,0.0041426926,4.76,34.4552286678,0.494,3823
1.0,0.998878657818,0.000284745416138,146.634369538,0.0041426926,4.76,34.4552286678,0.494,3823
1.0,0.999047756195,0.000284867972368,146.695672484,0.0041426926,4.76,34.4552286678,0.494,3823
1.0,0.999225735664,0.000284646288492,146.756975528,0.0041426926,4.76,34.4552286678,0.494,3823
1.0,1.00024712086,0.00028494556318,146.81827847,0.0041426926,4.76,34.4552286678,0.494,3823
1.0,0.999469220638,0.000284805486444,146.879581411,0.0041426926,4.76,34.4552286678,0.494,3823
1.0,0.999597489834,0.000284854118945,146.94088435,0.0041426926,4.76,34.4552286678,0.494,3823
1.0,0.999730944633,0.000284913869109,147.002187187,0.0041426926,4.76,34.4552286678,0.494,3823
1.0,0.999931156635,0.000284718524199,147.063490122,0.0041426926,4.76,34.4552286678,0.494,3823
1.0,0.999998807907,0.000284901616396,147.124793056,0.0041426926,4.76,34.4552286678,0.494,3823
1.0,0.999929904938,0.000284695037408,147.186095988,0.0041426926,4.76,34.4552286678,0.494,3823
1.0,1.00048530102,0.00028485423536,147.247398918,0.0041426926,4.76,34.4552286678,0.494,3823
1.0,1.00030970573,0.000284738955088,147.308701846,0.0041426926,4.76,34.4552286678,0.494,3823
1.0,0.999991476536,0.000284823036054,147.370004672,0.0041426926,4.76,34.4552286678,0.494,3823
1.0,1.00024092197,0.000284802343231,147.431307597,0.0041426926,4.76,34.4552286678,0.494,3823
1.0,1.00036227703,0.000284757377813,147.49261052,0.0041426926,4.76,34.4552286678,0.494,3823
1.0,1.00051760674,0.000284766079858,147.553913441,0.0041426926,4.76,34.4552286678,0.494,3823
1.0,1.0010882616,0.000284941634163,147.61521636,0.0041426926,4.76,34.4552286678,0.494,3823
1.0,1.00102460384,0.000284979469143,147.676519277,0.0041426926,4.76,34.4552286678,0.494,3823
1.0,1.00128567219,0.00028492466663,147.737822193,0.0041426926,4.76,34.4552286678,0.494,3823
1.0,1.00129771233,0.000284799287328,147.799125007,0.0041426926,4.76,34.4552286678,0.494,3823
1.0,1.00125193596,0.000284916197415,147.860427919,0.0041426926,4.76,34.4552286678,0.494,3823
1.0,1.00134003162,0.000284973211819,147.942165132,0.0041426926,4.76,34.4552286678,0.494,3823
1.0,1.00156128407,0.000284938025288,148.00346804,0.0041426926,4.76,34.4552286678,0.494,3823
1.0,1.00134766102,0.000285042566247,148.064770946,0.0041426926,4.76,34.4552286678,0.494,3823
1.0,1.00202095509,0.000285079499008,148.12607385,0.0041426926,4.76,34.4552286678,0.494,3823
1.0,1.00147938728,0.000284977519186,148.187376752,0.0041426926,4.76,34.4552286678,0.494,3823
1.0,1.00172817707,0.000285104644718,148.248679752,0.0041426926,4.76,34.4552286678,0.494,3823
1.0,1.00228226185,0.000285075191641,148.309982551,0.0041426926,4.76,34.4552286678,0.494,3823
1.0,1.00218582153,0.000285044312477,148.371285448,0.0041426926,4.76,34.4552286678,0.494,3823
1.0,1.00208878517,0.000285005866317,148.432588343,0.0041426926,4.76,34.4552286678,0.494,3823
1.0,1.00241947174,0.000285115209408,148.493891236,0.0041426926,4.76,34.4552286678,0.494,3823
1.0,1.00241780281,0.000285062909825,148.555194128,0.0041426926,4.76,34.4552286678,0.494,3823
1.0,1.00259852409,0.000285024289042,148.616497017,0.0041426926,4.76,34.4552286678,0.494,3823
1.0,1.00347936153,0.00028514652513,148.677799805,0.0041426926,4.76,34.4552286678,0.494,3823
1.0,1.00215804577,0.000285055837594,148.739102691,0.0041426926,4.76,34.4552286678,0.494,3823
1.0,1.00333213806,0.000285179645289,148.800405575,0.0041426926,4.76,34.4552286678,0.494,3823
1.0,1.00408935547,0.00028520685737,148.861708457,0.0041426926,4.76,34.4552286678,0.494,3823
1.0,1.00311613083,0.000285083253402,148.923011337,0.0041426926,4.76,34.4552286678,0.494,3823
1.0,1.00297760963,0.000285145477392,148.984314216,0.0041426926,4.76,34.4552286678,0.494,3823
1.0,1.00309479237,0.000285066082142,149.045616992,0.0041426926,4.76,34.4552286678,0.494,3823
1.0,1.00351715088,0.00028513406869,149.106919867,0.0041426926,4.76,34.4552286678,0.494,3823
1.0,1.00340759754,0.000285182701191,149.16822274,0.0041426926,4.76,34.4552286678,0.494,3823
1.0,1.00343859196,0.000285092392005,149.229525711,0.0041426926,4.76,34.4552286678,0.494,3823
1.0,1.00387334824,0.000285202258965,149.29082858,0.0041426926,4.76,34.4552286678,0.494,3823
1.0,1.00486803055,0.000285256042844,149.372565636,0.0041426926,4.76,34.4552286678,0.494,3823
1.0,1.00404322147,0.000285150192212,149.433868501,0.0041426926,4.76,34.4552286678,0.494,3823
1.0,1.00432777405,0.000285236426862,149.495171364,0.0041426926,4.76,34.4552286678,0.494,3823
1.0,1.00439941883,0.00028524332447,149.556474326,0.0041426926,4.76,34.4552286678,0.494,3823
1.0,1.00495147705,0.000285197747871,149.617776985,0.0041426926,4.76,34.4552286678,0.494,3823
1.0,1.00464951992,0.000285278365482,149.679079842,0.0041426926,4.76,34.4552286678,0.494,3823
1.0,1.00444626808,0.000285212940071,149.740382798,0.0041426926,4.76,34.4552286678,0.494,3823
1.0,1.00561439991,0.000285337242531,149.801685652,0.0041426926,4.76,34.4552286678,0.494,3823
1.0,1.00513756275,0.00028521407512,149.862988503,0.0041426926,4.76,34.4552286678,0.494,3823
1.0,1.00497233868,0.000285291753244,149.924291354,0.0041426926,4.76,34.4552286678,0.494,3823
1.0,1.00547039509,0.000285288522718,149.985594101,0.0041426926,4.76,34.4552286678,0.494,3823
1.0,1.00519967079,0.000285358983092,150.046896948,0.0041426926,4.76,34.4552286678,0.494,3823
1.0,1.00587916374,0.000285316957161,150.108199792,0.0041426926,4.76,34.4552286678,0.494,3823
1.0,1.00589323044,0.000285407149931,150.169502634,0.0041426926,4.76,34.4552286678,0.494,3823
1.0,1.00586736202,0.000285307847662,150.230805475,0.0041426926,4.76,34.4552286678,0.494,3823
1.0,1.00602602959,0.000285627524136,150.292108414,0.0041426926,4.76,34.4552286678,0.494,3823
1.0,1.00537729263,0.000285343296127,150.35341105,0.0041426926,4.76,34.4552286678,0.494,3823
1.0,1.00654745102,0.000285392685328,150.414713885,0.0041426926,4.76,34.4552286678,0.494,3823
1.0,1.0061044693,0.000285362795694,150.476016818,0.0041426926,4.76,34.4552286678,0.494,3823
1.0,1.0059710741,0.000285398011329,150.537319649,0.0041426926,4.76,34.4552286678,0.494,3823
1.0,1.00551819801,0.000285355199594,150.598622479,0.0041426926,4.76,34.4552286678,0.494,3823
1.0,1.00632154942,0.000285451998934,150.659925306,0.0041426926,4.76,34.4552286678,0.494,3823
1.0,1.0064022541,0.000285401125439,150.721228131,0.0041426926,4.76,34.4552286678,0.494,3823
1.0,1.00596606731,0.000285404152237,150.782530855,0.0041426926,4.76,34.4552286678,0.494,3823
1.0,1.00617647171,0.000285443878965,150.843833676,0.0041426926,4.76,34.4552286678,0.494,3823
1.0,1.00555360317,0.000285370188067,150.905136496,0.0041426926,4.76,34.4552286678,0.494,3823
1.0,1.00650918484,0.000285420799628,150.966439314,0.0041426926,4.76,34.4552286678,0.494,3823
1.0,1.00670087337,0.000285446381895,151.02774213,0.0041426926,4.76,34.4552286678,0.494,3823
1.0,1.00625562668,0.00028541914071,151.089044944,0.0041426926,4.76,34.4552286678,0.494,3823
1.0,1.00725781918,0.000285473652184,151.150347656,0.0041426926,4.76,34.4552286678,0.494,3823
1.0,1.00685846806,0.000285432499368,151.211650466,0.0041426926,4.76,34.4552286678,0.494,3823
1.0,1.00625538826,0.000285377929686,151.272953274,0.0041426926,4.76,34.4552286678,0.494,3823
1.0,1.00672805309,0.000285444606561,151.334256081,0.0041426926,4.76,34.4552286678,0.494,3823
1.0,1.00680172443,0.000285367394099,151.395558885,0.0041426926,4.76,34.4552286678,0.494,3823
1.0,1.00662851334,0.000285281334072,151.456861687,0.0041426926,4.76,34.4552286678,0.494,3823
1.0,1.00639033318,0.000285237154458,151.518164488,0.0041426926,4.76,34.4552286678,0.494,3823
1.0,1.00681328773,0.0002853795595,151.579467287,0.0041426926,4.76,34.4552286678,0.494,3823
1.0,1.00705635548,0.000285312533379,151.640770083,0.0041426926,4.76,34.4552286678,0.494,3823
1.0,1.0069026947,0.000285406917101,151.722507142,0.0041426926,4.76,34.4552286678,0.494,3823
1.0,1.00679242611,0.000285453861579,151.783809935,0.0041426926,4.76,34.4552286678,0.494,3823
1.0,1.0070079565,0.000285414193058,151.845112725,0.0041426926,4.76,34.4552286678,0.494,3823
1.0,1.00678992271,0.000285277579678,151.906415513,0.0041426926,4.76,34.4552286678,0.494,3823
1.0,1.00658524036,0.000285259069642,151.967718299,0.0041426926,4.76,34.4552286678,0.494,3823
1.0,1.0072003603,0.000285331276245,152.029021084,0.0041426926,4.76,34.4552286678,0.494,3823
1.0,1.00665712357,0.000285385554889,152.090323766,0.0041426926,4.76,34.4552286678,0.494,3823
1.0,1.00700247288,0.00028538130573,152.151626547,0.0041426926,4.76,34.4552286678,0.494,3823
1.0,1.0069051981,0.00028526969254,152.212929326,0.0041426926,4.76,34.4552286678,0.494,3823
1.0,1.00729489326,0.000285182584776,152.274232102,0.0041426926,4.76,34.4552286678,0.494,3823
1.0,1.00747954845,0.000285387912299,152.355969135,0.0041426926,4.76,34.4552286678,0.494,3823
1.0,1.00663340092,0.000285089918179,152.417271907,0.0041426926,4.76,34.4552286678,0.494,3823
1.0,1.00747823715,0.000285132962745,152.478574677,0.0041426926,4.76,34.4552286678,0.494,3823
1.0,1.0071502924,0.00028508840478,152.539877445,0.0041426926,4.76,34.4552286678,0.494,3823
1.0,1.00670993328,0.000285203044768,152.601180111,0.0041426926,4.76,34.4552286678,0.494,3823
1.0,1.00760686398,0.000284980196739,152.68291713,0.0041426926,4.76,34.4552286678,0.494,3823
1.0,1.00720322132,0.000284838461084,152.744219891,0.0041426926,4.76,34.4552286678,0.494,3823
1.0,1.00755810738,0.000285063724732,152.805522651,0.0041426926,4.76,34.4552286678,0.494,3823
1.0,1.00719726086,0.000285184243694,152.866825409,0.0041426926,4.76,34.4552286678,0.494,3823
1.0,1.00730836391,0.000285152316792,152.928128165,0.0041426926,4.76,34.4552286678,0.494,3823
1.0,1.00736010075,0.000285077607259,152.989430919,0.0041426926,4.76,34.4552286678,0.494,3823
1.0,1.00763392448,0.000285063462798,153.05073367,0.0041426926,4.76,34.4552286678,0.494,3823
1.0,1.00706970692,0.00028514166479,153.11203632,0.0041426926,4.76,34.4552286678,0.494,3823
1.0,1.0072234869,0.000284991081571,153.173339068,0.0041426926,4.76,34.4552286678,0.494,3823
1.0,1.00777244568,0.000284980604192,153.234641914,0.0041426926,4.76,34.4552286678,0.494,3823
1.0,1.00664591789,0.000284780369839,153.295944658,0.0041426926,4.76,34.4552286678,0.494,3823
1.0,1.00733232498,0.000284880050458,153.3572473,0.0041426926,4.76,34.4552286678,0.494,3823
1.0,1.00694012642,0.000285118963802,153.41855014,0.0041426926,4.76,34.4552286678,0.494,3823
1.0,1.00693416595,0.000285166868707,153.479852777,0.0041426926,4.76,34.4552286678,0.494,3823
1.0,1.00862157345,0.00028526049573,153.541155513,0.0041426926,4.76,34.4552286678,0.494,3823
1.0,1.00726473331,0.000285187998088,153.602458248,0.0041426926,4.76,34.4552286678,0.494,3823
1.0,1.00751149654,0.000285225483822,153.66376098,0.0041426926,4.76,34.4552286678,0.494,3823
1.0,1.00762856007,0.00028525738162,153.72506371,0.0041426926,4.76,34.4552286678,0.494,3823
1.0,1.00749242306,0.000285322137643,153.786366438,0.0041426926,4.76,34.4552286678,0.494,3823
1.0,1.00692129135,0.000285278249066,153.847669064,0.0041426926,4.76,34.4552286678,0.494,3823
1.0,1.00698852539,0.000285274640191,153.908971787,0.0041426926,4.76,34.4552286678,0.494,3823
1.0,1.00683116913,0.000285320944386,153.970274509,0.0041426926,4.76,34.4552286678,0.494,3823
1.0,1.00707364082,0.000285287533188,154.03157723,0.0041426926,4.76,34.4552286678,0.494,3823
1.0,1.00696456432,0.000285344955046,154.092879947,0.0041426926,4.76,34.4552286678,0.494,3823
1.0,1.00676238537,0.000285293033812,154.154182664,0.0041426926,4.76,34.4552286678,0.494,3823
1.0,1.0069950819,0.000285314017674,154.215485377,0.0041426926,4.76,34.4552286678,0.494,3823
1.0,1.00715398788,0.000285347166937,154.276787989,0.0041426926,4.76,34.4552286678,0.494,3823
1.0,1.00706589222,0.000285315676592,154.338090699,0.0041426926,4.76,34.4552286678,0.494,3823
1.0,1.00684440136,0.000285335700028,154.399393407,0.0041426926,4.76,34.4552286678,0.494,3823
1.0,1.00657355785,0.000285401445581,154.460696213,0.0041426926,4.76,34.4552286678,0.494,3823
1.0,1.0069051981,0.000285401620204,154.521998917,0.0041426926,4.76,34.4552286678,0.494,3823
1.0,1.00722801685,0.000285344896838,154.583301619,0.0041426926,4.76,34.4552286678,0.494,3823
1.0,1.00640845299,0.000285365589662,154.644604219,0.0041426926,4.76,34.4552286678,0.494,3823
1.0,1.00691640377,0.000285388639895,154.705906917,0.0041426926,4.76,34.4552286678,0.494,3823
1.0,1.00624442101,0.000285362824798,154.767209613,0.0041426926,4.76,34.4552286678,0.494,3823
1.0,1.00666558743,0.000285345711745,154.828512307,0.0041426926,4.76,34.4552286678,0.494,3823
1.0,1.00607323647,0.000285343790893,154.889814998,0.0041426926,4.76,34.4552286678,0.494,3823
1.0,1.00656473637,0.000285388930934,154.951117688,0.0041426926,4.76,34.4552286678,0.494,3823
1.0,1.00576519966,0.000285295420326,155.012420276,0.0041426926,4.76,34.4552286678,0.494,3823
1.0,1.00594305992,0.000285356596578,155.073722962,0.0041426926,4.76,34.4552286678,0.494,3823
1.0,1.00557732582,0.000285273825284,155.135025645,0.0041426926,4.76,34.4552286678,0.494,3823
1.0,1.00603747368,0.00028532766737,155.196328427,0.0041426926,4.76,34.4552286678,0.494,3823
1.0,1.00599515438,0.000285334186628,155.257631107,0.0041426926,4.76,34.4552286678,0.494,3823
1.0,1.00603961945,0.00028532804572,155.33936791,0.0041426926,4.76,34.4552286678,0.494,3823
1.0,1.00574707985,0.000285322283162,155.400670585,0.0041426926,4.76,34.4552286678,0.494,3823
1.0,1.00625443459,0.000285394489765,155.461973357,0.0041426926,4.76,34.4552286678,0.494,3823
1.0,1.00582146645,0.000285313319182,155.523275828,0.0041426926,4.76,34.4552286678,0.494,3823
1.0,1.00610756874,0.000285333342617,155.605012819,0.0041426926,4.76,34.4552286678,0.494,3823
1.0,1.00556063652,0.000285290851025,155.666315385,0.0041426926,4.76,34.4552286678,0.494,3823
1.0,1.00540661812,0.000285297923256,155.727618049,0.0041426926,4.76,34.4552286678,0.494,3823
1.0,1.00439274311,0.000285180227365,155.788920711,0.0041426926,4.76,34.4552286678,0.494,3823
1.0,1.00543177128,0.000285229005385,155.850223371,0.0041426926,4.76,34.4552286678,0.494,3823
1.0,1.00495815277,0.000285147427348,155.911526129,0.0041426926,4.76,34.4552286678,0.494,3823
1.0,1.00502824783,0.000285265501589,155.972828784,0.0041426926,4.76,34.4552286678,0.494,3823
1.0,1.00483500957,0.000285176269244,156.034131238,0.0041426926,4.76,34.4552286678,0.494,3823
1.0,1.00450730324,0.000285221525701,156.095433989,0.0041426926,4.76,34.4552286678,0.494,3823
1.0,1.00460529327,0.00028516355087,156.156736639,0.0041426926,4.76,34.4552286678,0.494,3823
1.0,1.00472414494,0.000285184156382,156.218039287,0.0041426926,4.76,34.4552286678,0.494,3823
1.0,1.00418329239,0.000285125919618,156.279341932,0.0041426926,4.76,34.4552286678,0.494,3823
1.0,1.00405311584,0.000285135523882,156.340644575,0.0041426926,4.76,34.4552286678,0.494,3823
1.0,1.00408411026,0.000285125192022,156.401947117,0.0041426926,4.76,34.4552286678,0.494,3823
1.0,1.00357186794,0.000284927577013,156.463249756,0.0041426926,4.76,34.4552286678,0.494,3823
1.0,1.00423669815,0.0002848742879,156.524552393,0.0041426926,4.76,34.4552286678,0.494,3823
1.0,1.00360929966,0.000284936220851,156.585855028,0.0041426926,4.76,34.4552286678,0.494,3823
1.0,1.0043592453,0.000284893671051,156.647157661,0.0041426926,4.76,34.4552286678,0.494,3823
1.0,1.0031144619,0.000284908310277,156.708460292,0.0041426926,4.76,34.4552286678,0.494,3823
1.0,1.00375771523,0.000285123765934,156.76976282,0.0041426926,4.76,34.4552286678,0.494,3823
1.0,1.00310873985,0.000284945650492,156.831065547,0.0041426926,4.76,34.4552286678,0.494,3823
1.0,1.00281822681,0.000285038462607,156.892368172,0.0041426926,4.76,34.4552286678,0.494,3823
1.0,1.00323307514,0.000285085552605,156.953670794,0.0041426926,4.76,34.4552286678,0.494,3823
1.0,1.00292694569,0.000284936511889,157.014973415,0.0041426926,4.76,34.4552286678,0.494,3823
1.0,1.00340080261,0.000285153946606,157.076276033,0.0041426926,4.76,34.4552286678,0.494,3823
1.0,1.00252771378,0.000285017129499,157.137578649,0.0041426926,4.76,34.4552286678,0.494,3823
1.0,1.00241649151,0.000285071932012,157.198881164,0.0041426926,4.76,34.4552286678,0.494,3823
1.0,1.00266301632,0.000285031564999,157.260183776,0.0041426926,4.76,34.4552286678,0.494,3823
1.0,1.00298213959,0.00028500056942,157.321486386,0.0041426926,4.76,34.4552286678,0.494,3823
1.0,1.00304234028,0.000285091256956,157.382788993,0.0041426926,4.76,34.4552286678,0.494,3823
1.0,1.00181996822,0.000284981419099,157.444091599,0.0041426926,4.76,34.4552286678,0.494,3823
1.0,1.00209867954,0.000285047775833,157.505394203,0.0041426926,4.76,34.4552286678,0.494,3823
1.0,1.00167298317,0.000284990266664,157.566696704,0.0041426926,4.76,34.4552286678,0.494,3823
1.0,1.0014923811,0.00028497481253,157.627999304,0.0041426926,4.76,34.4552286678,0.494,3823
1.0,1.00250148773,0.000285051006358,157.689301901,0.0041426926,4.76,34.4552286678,0.494,3823
1.0,1.00221395493,0.000285014481051,157.750604497,0.0041426926,4.76,34.4552286678,0.494,3823
1.0,1.00121033192,0.000284952664515,157.81190709,0.0041426926,4.76,34.4552286678,0.494,3823
1.0,1.00134658813,0.00028496934101,157.873209681,0.0041426926,4.76,34.4552286678,0.494,3823
1.0,1.00148010254,0.000284977897536,157.93451217,0.0041426926,4.76,34.4552286678,0.494,3823
1.0,1.00096547604,0.000284878711682,157.995814757,0.0041426926,4.76,34.4552286678,0.494,3823
1.0,1.00134825706,0.000284983339952,158.057117341,0.0041426926,4.76,34.4552286678,0.494,3823
1.0,1.00120186806,0.000284941896098,158.118420024,0.0041426926,4.76,34.4552286678,0.494,3823
1.0,1.00050294399,0.000284844805719,158.179722604,0.0041426926,4.76,34.4552286678,0.494,3823
1.0,1.00082838535,0.000284807407297,158.241025183,0.0041426926,4.76,34.4552286678,0.494,3823
1.0,1.00046396255,0.000284778070636,158.32276195,0.0041426926,4.76,34.4552286678,0.494,3823
1.0,1.0004478693,0.000284833105979,158.384064524,0.0041426926,4.76,34.4552286678,0.494,3823
1.0,1.00047814846,0.000284825568087,158.445366995,0.0041426926,4.76,34.4552286678,0.494,3823
1.0,1.00027596951,0.00028491782723,158.506669564,0.0041426926,4.76,34.4552286678,0.494,3823
1.0,1.00039243698,0.00028487975942,158.567972131,0.0041426926,4.76,34.4552286678,0.494,3823
1.0,1.00048220158,0.000284915382508,158.629274696,0.0041426926,4.76,34.4552286678,0.494,3823
1.0,1.00011694431,0.000284867041046,158.690577259,0.0041426926,4.76,34.4552286678,0.494,3823
1.0,0.999348104,0.0002848385775,158.751879819,0.0041426926,4.76,34.4552286678,0.494,3823
1.0,0.999669373035,0.000284840876702,158.813182378,0.0041426926,4.76,34.4552286678,0.494,3823
1.0,0.999815702438,0.00028485438088,158.874484834,0.0041426926,4.76,34.4552286678,0.494,3823
1.0,0.999823331833,0.00028484428185,158.935787388,0.0041426926,4.76,34.4552286678,0.494,3823
1.0,0.999452292919,0.000284810346784,158.99708994,0.0041426926,4.76,34.4552286678,0.494,3823
1.0,0.999787986279,0.000284843903501,159.05839249,0.0041426926,4.76,34.4552286678,0.494,3823
1.0,0.999415814877,0.000284826412098,159.119695138,0.0041426926,4.76,34.4552286678,0.494,3823
1.0,0.999116063118,0.000284749112325,159.180997684,0.0041426926,4.76,34.4552286678,0.494,3823
1.0,0.999476313591,0.000284785463009,159.242300027,0.0041426926,4.76,34.4552286678,0.494,3823
1.0,0.998205721378,0.000284666894004,159.303602668,0.0041426926,4.76,34.4552286678,0.494,3823
1.0,0.998810470104,0.000284753448796,159.364905208,0.0041426926,4.76,34.4552286678,0.494,3823
1.0,0.998498976231,0.000284621404717,159.426207744,0.0041426926,4.76,34.4552286678,0.494,3823
1.0,0.999279439449,0.000284763140371,159.487510279,0.0041426926,4.76,34.4552286678,0.494,3823
1.0,0.999071419239,0.000284610228846,159.548812812,0.0041426926,4.76,34.4552286678,0.494,3823
1.0,0.998778522015,0.000284668756649,159.610115243,0.0041426926,4.76,34.4552286678,0.494,3823
1.0,0.998824954033,0.000284639158053,159.671417771,0.0041426926,4.76,34.4552286678,0.494,3823
1.0,0.998507142067,0.000284667388769,159.732720297,0.0041426926,4.76,34.4552286678,0.494,3823
1.0,0.998423814774,0.000284612760879,159.794022821,0.0041426926,4.76,34.4552286678,0.494,3823
1.0,0.998318314552,0.000284511654172,159.855325343,0.0041426926,4.76,34.4552286678,0.494,3823
1.0,0.998903393745,0.000284484063741,159.916627863,0.0041426926,4.76,34.4552286678,0.494,3823
1.0,0.997980833054,0.000284548674244,159.97793038,0.0041426926,4.76,34.4552286678,0.494,3823
1.0,0.998232185841,0.000284491485218,160.039232896,0.0041426926,4.76,34.4552286678,0.494,3823
1.0,0.998054742813,0.000284465641016,160.100535409,0.0041426926,4.76,34.4552286678,0.494,3823
1.0,0.998415708542,0.000284597976133,160.16183792,0.0041426926,4.76,34.4552286678,0.494,3823
1.0,0.997962892056,0.000284588459181,160.223140429,0.0041426926,4.76,34.4552286678,0.494,3823
1.0,0.998075187206,0.000284505833406,160.284442935,0.0041426926,4.76,34.4552286678,0.494,3823
1.0,0.997336030006,0.000284452835331,160.34574544,0.0041426926,4.76,34.4552286678,0.494,3823
1.0,0.997471511364,0.000284461362753,160.407047842,0.0041426926,4.76,34.4552286678,0.494,3823
1.0,0.997489333153,0.000284477457171,160.468350342,0.0041426926,4.76,34.4552286678,0.494,3823
1.0,0.997864305973,0.000284553767415,160.52965284,0.0041426926,4.76,34.4552286678,0.494,3823
1.0,0.997328698635,0.00028452090919,160.590955336,0.0041426926,4.76,34.4552286678,0.494,3823
1.0,0.997975468636,0.000284504843876,160.652257829,0.0041426926,4.76,34.4552286678,0.494,3823
1.0,0.997861027718,0.000284534005914,160.713560321,0.0041426926,4.76,34.4552286678,0.494,3823
1.0,0.996554434299,0.000284450739855,160.77486271,0.0041426926,4.76,34.4552286678,0.494,3823
1.0,0.996950566769,0.000284440466203,160.836165197,0.0041426926,4.76,34.4552286678,0.494,3823
1.0,0.996967852116,0.000284506299067,160.897467682,0.0041426926,4.76,34.4552286678,0.494,3823
1.0,0.997163534164,0.000284505076706,160.958770164,0.0041426926,4.76,34.4552286678,0.494,3823
1.0,0.996837377548,0.000284482317511,161.020072645,0.0041426926,4.76,34.4552286678,0.494,3823
1.0,0.996527731419,0.000284442183329,161.081375123,0.0041426926,4.76,34.4552286678,0.494,3823
1.0,0.996636688709,0.000284421199467,161.142677699,0.0041426926,4.76,34.4552286678,0.494,3823
1.0,0.996735692024,0.000284431473119,161.203979973,0.0041426926,4.76,34.4552286678,0.494,3823
1.0,0.996507763863,0.000284445122816,161.285716601,0.0041426926,4.76,34.4552286678,0.494,3823
1.0,0.996294736862,0.0002844389237,161.34701907,0.0041426926,4.76,34.4552286678,0.494,3823
1.0,0.996681511402,0.00028444887721,161.408321536,0.0041426926,4.76,34.4552286678,0.494,3823
1.0,0.996419847012,0.000284437090158,161.469624,0.0041426926,4.76,34.4552286678,0.494,3823
1.0,0.9964402318,0.000284376641503,161.530926462,0.0041426926,4.76,34.4552286678,0.494,3823
1.0,0.996539652348,0.00028440656024,161.592229022,0.0041426926,4.76,34.4552286678,0.494,3823
1.0,0.995563566685,0.000284154375549,161.65353148,0.0041426926,4.76,34.4552286678,0.494,3823
1.0,0.996490240097,0.000284403125988,161.714833835,0.0041426926,4.76,34.4552286678,0.494,3823
1.0,0.995737075806,0.000284286681563,161.776136288,0.0041426926,4.76,34.4552286678,0.494,3823
1.0,0.995664894581,0.000284331850708,161.837438739,0.0041426926,4.76,34.4552286678,0.494,3823
1.0,0.995959222317,0.000284326786641,161.898741188,0.0041426926,4.76,34.4552286678,0.494,3823
1.0,0.995849728584,0.000284239504253,161.960043634,0.0041426926,4.76,34.4552286678,0.494,3823
1.0,0.995871901512,0.000284200184979,162.021346079,0.0041426926,4.76,34.4552286678,0.494,3823
1.0,0.996432840824,0.000284205103526,162.082648421,0.0041426926,4.76,34.4552286678,0.494,3823
1.0,0.995107412338,0.000284157664282,162.143950861,0.0041426926,4.76,34.4552286678,0.494,3823
1.0,0.995099663734,0.000284103181912,162.205253298,0.0041426926,4.76,34.4552286678,0.494,3823
1.0,0.996111214161,0.000284034846118,162.266555734,0.0041426926,4.76,34.4552286678,0.494,3823
1.0,0.995185792446,0.000284088571789,162.327858267,0.0041426926,4.76,34.4552286678,0.494,3823
1.0,0.99557352066,0.000283757253783,162.389160698,0.0041426926,4.76,34.4552286678,0.494,3823
1.0,0.995395898819,0.000283953093458,162.450462926,0.0041426926,4.76,34.4552286678,0.494,3823
1.0,0.994844794273,0.0002840240777,162.511764853,0.0041426926,4.76,34.4552286678,0.494,3823
1.0,0.994862914085,0.000283926841803,162.573067277,0.0041426926,4.76,34.4552286678,0.494,3823
1.0,0.995090842247,0.000283983536065,162.634369699,0.0041426926,4.76,34.4552286678,0.494,3823
1.0,0.995082437992,0.000283943256363,162.695672119,0.0041426926,4.76,34.4552286678,0.494,3823
1.0,0.995147943497,0.00028392492095,162.756974536,0.0041426926,4.76,34.4552286678,0.494,3823
1.0,0.995094716549,0.000283871020656,162.818276952,0.0041426926,4.76,34.4552286678,0.494,3823
1.0,0.994904756546,0.000283906294499,162.879579265,0.0041426926,4.76,34.4552286678,0.494,3823
1.0,0.995532691479,0.000283762667095,162.940881675,0.0041426926,4.76,34.4552286678,0.494,3823
1.0,0.994531452656,0.000283865549136,163.002184084,0.0041426926,4.76,34.4552286678,0.494,3823
1.0,0.994858205318,0.000283840636257,163.06348659,0.0041426926,4.76,34.4552286678,0.494,3823
1.0,0.994445085526,0.000283752538962,163.124788994,0.0041426926,4.76,34.4552286678,0.494,3823
1.0,0.994376420975,0.00028392256354,163.186091396,0.0041426926,4.76,34.4552286678,0.494,3823
1.0,0.995043694973,0.000283910980215,163.247393695,0.0041426926,4.76,34.4552286678,0.494,3823
1.0,0.994461655617,0.000283812114503,163.308696093,0.0041426926,4.76,34.4552286678,0.494,3823
1.0,0.995346605778,0.000284004519926,163.369998488,0.0041426926,4.76,34.4552286678,0.494,3823
1.0,0.993761241436,0.00028382052551,163.431300881,0.0041426926,4.76,34.4552286678,0.494,3823
1.0,0.99424290657,0.000283842062345,163.492603271,0.0041426926,4.76,34.4552286678,0.494,3823
1.0,0.994688153267,0.000283872941509,163.553905659,0.0041426926,4.76,34.4552286678,0.494,3823
1.0,0.994964778423,0.000283948145807,163.615207945,0.0041426926,4.76,34.4552286678,0.494,3823
1.0,0.994725763798,0.000283772038529,163.676510329,0.0041426926,4.76,34.4552286678,0.494,3823
1.0,0.994670808315,0.000283220491838,163.73781271,0.0041426926,4.76,34.4552286678,0.494,3823
1.0,0.993798077106,0.000283749512164,163.79911509,0.0041426926,4.76,34.4552286678,0.494,3823
1.0,0.99375641346,0.000283655303065,163.860417466,0.0041426926,4.76,34.4552286678,0.494,3823
1.0,0.994436621666,0.000283780653263,163.921719841,0.0041426926,4.76,34.4552286678,0.494,3823
1.0,0.994016826153,0.000283698696876,163.983022213,0.0041426926,4.76,34.4552286678,0.494,3823
1.0,0.99427074194,0.000283788132947,164.044324483,0.0041426926,4.76,34.4552286678,0.494,3823
1.0,0.993690907955,0.000283713714452,164.105626951,0.0041426926,4.76,34.4552286678,0.494,3823
1.0,0.993963897228,0.00028359494172,164.166929217,0.0041426926,4.76,34.4552286678,0.494,3823
1.0,0.994656324387,0.000283820932964,164.2486657,0.0041426926,4.76,34.4552286678,0.494,3823
1.0,0.994097530842,0.000283853180008,164.309968061,0.0041426926,4.76,34.4552286678,0.494,3823
1.0,0.993697762489,0.000283774279524,164.371270519,0.0041426926,4.76,34.4552286678,0.494,3823
1.0,0.993475198746,0.000283745204797,164.432572774,0.0041426926,4.76,34.4552286678,0.494,3823
1.0,0.9936876297,0.000283754779957,164.493875228,0.0041426926,4.76,34.4552286678,0.494,3823
1.0,0.993969142437,0.000283832458081,164.555177479,0.0041426926,4.76,34.4552286678,0.494,3823
1.0,0.994674324989,0.000283730536466,164.616479828,0.0041426926,4.76,34.4552286678,0.494,3823
1.0,0.994285166264,0.000283800734906,164.677782174,0.0041426926,4.76,34.4552286678,0.494,3823
1.0,0.993399441242,0.000283560220851,164.739084518,0.0041426926,4.76,34.4552286678,0.494,3823
1.0,0.993700444698,0.000283571629552,164.80038686,0.0041426926,4.76,34.4552286678,0.494,3823
1.0,0.993839621544,0.000283557223156,164.8616892,0.0041426926,4.76,34.4552286678,0.494,3823
1.0,0.993577957153,0.000283700501313,164.922991437,0.0041426926,4.76,34.4552286678,0.494,3823
1.0,0.99328994751,0.00028353111702,164.984293772,0.0041426926,4.76,34.4552286678,0.494,3823
2.0,1.00271201134,0.000279122585198,169.806749635,0.0041426926,4.76,34.4552286678,0.494,3823
2.0,1.00435423851,0.000279259838862,169.868051883,0.0041426926,4.76,34.4552286678,0.494,3823
2.0,1.0035033226,0.000279211584711,169.929354028,0.0041426926,4.76,34.4552286678,0.494,3823
2.0,1.00477540493,0.000279301661067,169.990656171,0.0041426926,4.76,34.4552286678,0.494,3823
2.0,1.00505435467,0.000279319734545,170.051958211,0.0041426926,4.76,34.4552286678,0.494,3823
2.0,1.0042514801,0.000279293308267,170.113260349,0.0041426926,4.76,34.4552286678,0.494,3823
2.0,1.00453412533,0.000279309315374,170.194996529,0.0041426926,4.76,34.4552286678,0.494,3823
2.0,1.00508344173,0.000279332627542,170.256298661,0.0041426926,4.76,34.4552286678,0.494,3823
2.0,1.00422668457,0.000279325613519,170.317600791,0.0041426926,4.76,34.4552286678,0.494,3823
2.0,1.00486385822,0.000279439962469,170.378902919,0.0041426926,4.76,34.4552286678,0.494,3823
2.0,1.00471270084,0.000279429747025,170.440205044,0.0041426926,4.76,34.4552286678,0.494,3823
2.0,1.00432538986,0.000279368832707,170.501507166,0.0041426926,4.76,34.4552286678,0.494,3823
2.0,1.00439035892,0.000279378087725,170.562809287,0.0041426926,4.76,34.4552286678,0.494,3823
2.0,1.00425040722,0.000279452739051,170.624111304,0.0041426926,4.76,34.4552286678,0.494,3823
2.0,1.00438702106,0.000279464846244,170.68541342,0.0041426926,4.76,34.4552286678,0.494,3823
2.0,1.00449371338,0.000279452418908,170.746715532,0.0041426926,4.76,34.4552286678,0.494,3823
2.0,1.00443816185,0.000279510219116,170.808017643,0.0041426926,4.76,34.4552286678,0.494,3823
2.0,1.00414538383,0.00027943085297,170.869319751,0.0041426926,4.76,34.4552286678,0.494,3823
2.0,1.00429236889,0.000279493251583,170.930621956,0.0041426926,4.76,34.4552286678,0.494,3823
2.0,1.00419747829,0.000279486237559,170.99192406,0.0041426926,4.76,34.4552286678,0.494,3823
2.0,1.00384616852,0.000279420695733,171.05322616,0.0041426926,4.76,34.4552286678,0.494,3823
2.0,1.00429105759,0.000279462052276,171.114528159,0.0041426926,4.76,34.4552286678,0.494,3823
2.0,1.00424969196,0.000279468338704,171.175830255,0.0041426926,4.76,34.4552286678,0.494,3823
2.0,1.00319480896,0.000279421044979,171.237132348,0.0041426926,4.76,34.4552286678,0.494,3823
2.0,1.00426793098,0.000279470259557,171.298434439,0.0041426926,4.76,34.4552286678,0.494,3823
2.0,1.00391805172,0.000279433559626,171.359736528,0.0041426926,4.76,34.4552286678,0.494,3823
2.0,1.00364840031,0.000279423606116,171.421038614,0.0041426926,4.76,34.4552286678,0.494,3823
2.0,1.00346946716,0.000279473752016,171.482340698,0.0041426926,4.76,34.4552286678,0.494,3823
2.0,1.00314962864,0.000279404514004,171.543642679,0.0041426926,4.76,34.4552286678,0.494,3823
2.0,1.00300967693,0.000279400468571,171.604944758,0.0041426926,4.76,34.4552286678,0.494,3823
2.0,1.0038510561,0.000279506231891,171.666246834,0.0041426926,4.76,34.4552286678,0.494,3823
2.0,1.0030452013,0.000279450672679,171.727548908,0.0041426926,4.76,34.4552286678,0.494,3823
2.0,1.00400686264,0.000279526429949,171.788850979,0.0041426926,4.76,34.4552286678,0.494,3823
2.0,1.00345420837,0.00027949741343,171.850153048,0.0041426926,4.76,34.4552286678,0.494,3823
2.0,1.00297236443,0.000279459985904,171.911455115,0.0041426926,4.76,34.4552286678,0.494,3823
2.0,1.00347054005,0.000279468542431,171.972757079,0.0041426926,4.76,34.4552286678,0.494,3823
2.0,1.0033352375,0.000279487168882,172.034059141,0.0041426926,4.76,34.4552286678,0.494,3823
2.0,1.00316786766,0.000279476924334,172.0953612,0.0041426926,4.76,34.4552286678,0.494,3823
2.0,1.00311505795,0.000279460684396,172.156663357,0.0041426926,4.76,34.4552286678,0.494,3823
2.0,1.0028578043,0.000279420753941,172.217965411,0.0041426926,4.76,34.4552286678,0.494,3823
2.0,1.0036714077,0.000279515486909,172.279267463,0.0041426926,4.76,34.4552286678,0.494,3823
2.0,1.00300550461,0.000279459491139,172.340569512,0.0041426926,4.76,34.4552286678,0.494,3823
2.0,1.00263535976,0.000279457512079,172.401871459,0.0041426926,4.76,34.4552286678,0.494,3823
2.0,1.00268232822,0.000279449654045,172.463173504,0.0041426926,4.76,34.4552286678,0.494,3823
2.0,1.00297307968,0.000279438681901,172.524475546,0.0041426926,4.76,34.4552286678,0.494,3823
2.0,1.00268936157,0.000279471511021,172.585777585,0.0041426926,4.76,34.4552286678,0.494,3823
2.0,1.00322699547,0.000279461673927,172.647079622,0.0041426926,4.76,34.4552286678,0.494,3823
2.0,1.00298798084,0.000279465632048,172.708381657,0.0041426926,4.76,34.4552286678,0.494,3823
2.0,1.00260353088,0.000279455183772,172.769683689,0.0041426926,4.76,34.4552286678,0.494,3823
2.0,1.00192499161,0.000279408530332,172.830985619,0.0041426926,4.76,34.4552286678,0.494,3823
2.0,1.00243020058,0.000279426574707,172.892287646,0.0041426926,4.76,34.4552286678,0.494,3823
2.0,1.00233769417,0.000279424595647,172.953589671,0.0041426926,4.76,34.4552286678,0.494,3823
2.0,1.00233769417,0.000279454950942,173.014891693,0.0041426926,4.76,34.4552286678,0.494,3823
2.0,1.00227320194,0.000279435131233,173.076193713,0.0041426926,4.76,34.4552286678,0.494,3823
2.0,1.00213241577,0.000279423722532,173.13749573,0.0041426926,4.76,34.4552286678,0.494,3823
2.0,1.00303661823,0.00027950227377,173.219231749,0.0041426926,4.76,34.4552286678,0.494,3823
2.0,1.00179886818,0.000279468164081,173.280533761,0.0041426926,4.76,34.4552286678,0.494,3823
2.0,1.00207579136,0.00027947104536,173.34183577,0.0041426926,4.76,34.4552286678,0.494,3823
2.0,1.00200903416,0.000279440486338,173.403137677,0.0041426926,4.76,34.4552286678,0.494,3823
2.0,1.0014654398,0.000279430445516,173.464439681,0.0041426926,4.76,34.4552286678,0.494,3823
2.0,1.00173020363,0.0002794333559,173.525741682,0.0041426926,4.76,34.4552286678,0.494,3823
2.0,1.00198125839,0.000279460451566,173.587043682,0.0041426926,4.76,34.4552286678,0.494,3823
2.0,1.00203001499,0.000279464700725,173.648345678,0.0041426926,4.76,34.4552286678,0.494,3823
2.0,1.00234270096,0.000279487110674,173.709647672,0.0041426926,4.76,34.4552286678,0.494,3823
2.0,1.00109398365,0.000279434374534,173.770949764,0.0041426926,4.76,34.4552286678,0.494,3823
2.0,1.00146591663,0.000279433821561,173.832251553,0.0041426926,4.76,34.4552286678,0.494,3823
2.0,1.00142598152,0.000279451225651,173.89355354,0.0041426926,4.76,34.4552286678,0.494,3823
2.0,1.00180661678,0.000279483880149,173.954855624,0.0041426926,4.76,34.4552286678,0.494,3823
2.0,1.00125277042,0.000279346626485,174.016157606,0.0041426926,4.76,34.4552286678,0.494,3823
2.0,1.00136709213,0.000279372383375,174.077459585,0.0041426926,4.76,34.4552286678,0.494,3823
2.0,1.0007969141,0.0002793323074,174.138761562,0.0041426926,4.76,34.4552286678,0.494,3823
2.0,1.00085020065,0.000279320171103,174.200063536,0.0041426926,4.76,34.4552286678,0.494,3823
2.0,1.00122964382,0.000279339932604,174.261365408,0.0041426926,4.76,34.4552286678,0.494,3823
2.0,1.00125527382,0.000279325497104,174.322667377,0.0041426926,4.76,34.4552286678,0.494,3823
2.0,1.00108778477,0.000279314961517,174.383969344,0.0041426926,4.76,34.4552286678,0.494,3823
2.0,1.0013178587,0.00027932744706,174.445271308,0.0041426926,4.76,34.4552286678,0.494,3823
2.0,1.00133860111,0.000279325031443,174.50657337,0.0041426926,4.76,34.4552286678,0.494,3823
2.0,1.00103068352,0.000279345898889,174.567875229,0.0041426926,4.76,34.4552286678,0.494,3823
2.0,1.00109779835,0.000279353407677,174.629177186,0.0041426926,4.76,34.4552286678,0.494,3823
2.0,1.00111162663,0.000279328989564,174.69047914,0.0041426926,4.76,34.4552286678,0.494,3823
2.0,1.00152635574,0.000279341678834,174.751781092,0.0041426926,4.76,34.4552286678,0.494,3823
2.0,1.00062096119,0.000279291823972,174.813083042,0.0041426926,4.76,34.4552286678,0.494,3823
2.0,0.999828159809,0.000279289903119,174.874384988,0.0041426926,4.76,34.4552286678,0.494,3823
2.0,1.0006364584,0.000279276631773,174.935686932,0.0041426926,4.76,34.4552286678,0.494,3823
2.0,1.00004327297,0.000279258005321,174.996988874,0.0041426926,4.76,34.4552286678,0.494,3823
2.0,1.00073850155,0.000279278843664,175.058290813,0.0041426926,4.76,34.4552286678,0.494,3823
2.0,1.0004825592,0.000279263593256,175.140026728,0.0041426926,4.76,34.4552286678,0.494,3823
2.0,1.00024032593,0.000279235304333,175.201328662,0.0041426926,4.76,34.4552286678,0.494,3823
2.0,1.00034856796,0.000279262865661,175.262630493,0.0041426926,4.76,34.4552286678,0.494,3823
2.0,0.999962151051,0.000279208470602,175.323932421,0.0041426926,4.76,34.4552286678,0.494,3823
2.0,1.0002579689,0.000279271422187,175.385234347,0.0041426926,4.76,34.4552286678,0.494,3823
2.0,0.999964654446,0.000279211322777,175.44653627,0.0041426926,4.76,34.4552286678,0.494,3823
2.0,1.00072133541,0.000279255764326,175.507838191,0.0041426926,4.76,34.4552286678,0.494,3823
2.0,1.00004899502,0.000279231491731,175.569140109,0.0041426926,4.76,34.4552286678,0.494,3823
2.0,0.999714970589,0.000279226456769,175.630442025,0.0041426926,4.76,34.4552286678,0.494,3823
2.0,1.00038909912,0.000279227358988,175.691743838,0.0041426926,4.76,34.4552286678,0.494,3823
2.0,0.999910414219,0.000279194442555,175.753045749,0.0041426926,4.76,34.4552286678,0.494,3823
2.0,1.00011014938,0.000279200612567,175.814347657,0.0041426926,4.76,34.4552286678,0.494,3823
2.0,1.00018870831,0.000279228552245,175.875649563,0.0041426926,4.76,34.4552286678,0.494,3823
2.0,1.00032222271,0.000279204075923,175.936951466,0.0041426926,4.76,34.4552286678,0.494,3823
2.0,0.999922215939,0.000279177475022,175.998253366,0.0041426926,4.76,34.4552286678,0.494,3823
2.0,0.998814284801,0.000279165251413,176.059555364,0.0041426926,4.76,34.4552286678,0.494,3823
2.0,0.999793171883,0.000279206084087,176.12085706,0.0041426926,4.76,34.4552286678,0.494,3823
2.0,0.999421417713,0.000279178377241,176.202593017,0.0041426926,4.76,34.4552286678,0.494,3823
2.0,0.999244391918,0.000279186817352,176.263894806,0.0041426926,4.76,34.4552286678,0.494,3823
2.0,0.999159455299,0.000279169442365,176.325196693,0.0041426926,4.76,34.4552286678,0.494,3823
2.0,0.998795092106,0.00027907412732,176.386498578,0.0041426926,4.76,34.4552286678,0.494,3823
2.0,0.999728024006,0.00027915899409,176.44780046,0.0041426926,4.76,34.4552286678,0.494,3823
2.0,0.999922931194,0.000279150932329,176.509102339,0.0041426926,4.76,34.4552286678,0.494,3823
2.0,0.998523175716,0.000279065105133,176.570404317,0.0041426926,4.76,34.4552286678,0.494,3823
2.0,0.999973654747,0.000279174360912,176.631706191,0.0041426926,4.76,34.4552286678,0.494,3823
2.0,0.999310255051,0.000279083033092,176.693007963,0.0041426926,4.76,34.4552286678,0.494,3823
2.0,0.998834848404,0.000279109488474,176.754309832,0.0041426926,4.76,34.4552286678,0.494,3823
2.0,0.998688340187,0.000279069994576,176.815611699,0.0041426926,4.76,34.4552286678,0.494,3823
2.0,0.999090731144,0.00027909653727,176.876913563,0.0041426926,4.76,34.4552286678,0.494,3823
2.0,0.999752700329,0.000279058032902,176.938215425,0.0041426926,4.76,34.4552286678,0.494,3823
2.0,0.9994982481,0.00027909030905,176.999517284,0.0041426926,4.76,34.4552286678,0.494,3823
2.0,0.998780727386,0.000279060739558,177.060819141,0.0041426926,4.76,34.4552286678,0.494,3823
2.0,0.999800503254,0.00027912092628,177.122120895,0.0041426926,4.76,34.4552286678,0.494,3823
2.0,0.999861121178,0.000279085332295,177.183422746,0.0041426926,4.76,34.4552286678,0.494,3823
2.0,0.999669551849,0.000279095605947,177.244724595,0.0041426926,4.76,34.4552286678,0.494,3823
2.0,0.999368906021,0.00027908658376,177.306026442,0.0041426926,4.76,34.4552286678,0.494,3823
2.0,0.999212324619,0.000279055850115,177.367328285,0.0041426926,4.76,34.4552286678,0.494,3823
2.0,0.999420821667,0.000279051600955,177.428630127,0.0041426926,4.76,34.4552286678,0.494,3823
2.0,0.999579012394,0.000279080413748,177.489931966,0.0041426926,4.76,34.4552286678,0.494,3823
2.0,0.999039053917,0.000279064523056,177.551233702,0.0041426926,4.76,34.4552286678,0.494,3823
2.0,0.999170362949,0.000279062252957,177.612535535,0.0041426926,4.76,34.4552286678,0.494,3823
2.0,0.999158501625,0.000279075175058,177.673837367,0.0041426926,4.76,34.4552286678,0.494,3823
2.0,0.99924069643,0.000279051921098,177.735139195,0.0041426926,4.76,34.4552286678,0.494,3823
2.0,0.999084353447,0.00027905558818,177.796441121,0.0041426926,4.76,34.4552286678,0.494,3823
2.0,0.998992323875,0.000279018800939,177.857742945,0.0041426926,4.76,34.4552286678,0.494,3823
2.0,0.998403310776,0.000279013183899,177.919044765,0.0041426926,4.76,34.4552286678,0.494,3823
2.0,0.998797059059,0.000279034604318,177.980346484,0.0041426926,4.76,34.4552286678,0.494,3823
2.0,0.999006867409,0.00027903530281,178.041648299,0.0041426926,4.76,34.4552286678,0.494,3823
2.0,0.999541163445,0.000279087340459,178.102950113,0.0041426926,4.76,34.4552286678,0.494,3823
2.0,0.999290108681,0.000279081781628,178.164251923,0.0041426926,4.76,34.4552286678,0.494,3823
2.0,1.00022017956,0.000279061147012,178.225553731,0.0041426926,4.76,34.4552286678,0.494,3823
2.0,0.999727666378,0.000279074825812,178.286855537,0.0041426926,4.76,34.4552286678,0.494,3823
2.0,0.999123573303,0.000279090949334,178.34815734,0.0041426926,4.76,34.4552286678,0.494,3823
2.0,0.999294221401,0.000279083120404,178.40945904,0.0041426926,4.76,34.4552286678,0.494,3823
2.0,0.999231815338,0.000279067171505,178.470760838,0.0041426926,4.76,34.4552286678,0.494,3823
2.0,0.999884009361,0.000279141560895,178.532062633,0.0041426926,4.76,34.4552286678,0.494,3823
2.0,0.999568045139,0.000279061292531,178.593364426,0.0041426926,4.76,34.4552286678,0.494,3823
2.0,0.999362289906,0.000279069907265,178.654666216,0.0041426926,4.76,34.4552286678,0.494,3823
2.0,0.999611735344,0.000279071449768,178.715968003,0.0041426926,4.76,34.4552286678,0.494,3823
2.0,0.999974310398,0.000279070460238,178.777269788,0.0041426926,4.76,34.4552286678,0.494,3823
2.0,1.00052189827,0.000279126921669,178.838571571,0.0041426926,4.76,34.4552286678,0.494,3823
2.0,0.999815165997,0.000279078027233,178.89987325,0.0041426926,4.76,34.4552286678,0.494,3823
2.0,0.999943971634,0.000279037514701,178.961175128,0.0041426926,4.76,34.4552286678,0.494,3823
2.0,1.00041651726,0.000279106083326,179.022476902,0.0041426926,4.76,34.4552286678,0.494,3823
2.0,1.0,0.000279110478004,179.083778674,0.0041426926,4.76,34.4552286678,0.494,3823
2.0,0.999579489231,0.00027902398142,179.165514366,0.0041426926,4.76,34.4552286678,0.494,3823
2.0,1.00007915497,0.000279097468592,179.226816132,0.0041426926,4.76,34.4552286678,0.494,3823
2.0,1.00024235249,0.00027910200879,179.288117896,0.0041426926,4.76,34.4552286678,0.494,3823
2.0,1.0000680685,0.000279170519207,179.349419556,0.0041426926,4.76,34.4552286678,0.494,3823
2.0,1.00021719933,0.000279043102637,179.431155333,0.0041426926,4.76,34.4552286678,0.494,3823
2.0,0.999641120434,0.00027903704904,179.492457088,0.0041426926,4.76,34.4552286678,0.494,3823
2.0,1.00044894218,0.000279182771919,179.553758741,0.0041426926,4.76,34.4552286678,0.494,3823
2.0,0.999917924404,0.00027909540222,179.61506049,0.0041426926,4.76,34.4552286678,0.494,3823
2.0,0.999646186829,0.000279119907646,179.676362237,0.0041426926,4.76,34.4552286678,0.494,3823
2.0,0.999972224236,0.000279157946352,179.737663982,0.0041426926,4.76,34.4552286678,0.494,3823
2.0,1.00095438957,0.000279172090814,179.798965724,0.0041426926,4.76,34.4552286678,0.494,3823
2.0,1.00027966499,0.000279132276773,179.860267463,0.0041426926,4.76,34.4552286678,0.494,3823
2.0,1.00048387051,0.0002791605948,179.9215692,0.0041426926,4.76,34.4552286678,0.494,3823
2.0,1.00077545643,0.000279175612377,179.982870834,0.0041426926,4.76,34.4552286678,0.494,3823
2.0,1.00060069561,0.000279172265437,180.044172565,0.0041426926,4.76,34.4552286678,0.494,3823
2.0,1.00062167645,0.000279186584521,180.105474294,0.0041426926,4.76,34.4552286678,0.494,3823
2.0,1.00038695335,0.000279200350633,180.16677602,0.0041426926,4.76,34.4552286678,0.494,3823
2.0,1.00045740604,0.000279190688161,180.228077744,0.0041426926,4.76,34.4552286678,0.494,3823
2.0,1.00004339218,0.000279191124719,180.289379465,0.0041426926,4.76,34.4552286678,0.494,3823
2.0,1.00025069714,0.000279217405478,180.350681184,0.0041426926,4.76,34.4552286678,0.494,3823
2.0,1.00050938129,0.00027928117197,180.4119828,0.0041426926,4.76,34.4552286678,0.494,3823
2.0,1.00025105476,0.000279222702375,180.473284513,0.0041426926,4.76,34.4552286678,0.494,3823
2.0,1.00083005428,0.000279245548882,180.534586224,0.0041426926,4.76,34.4552286678,0.494,3823
2.0,1.00126802921,0.0002792897576,180.595887932,0.0041426926,4.76,34.4552286678,0.494,3823
2.0,1.00186359882,0.000279267551377,180.657189737,0.0041426926,4.76,34.4552286678,0.494,3823
2.0,1.00052201748,0.000279204512481,180.71849144,0.0041426926,4.76,34.4552286678,0.494,3823
2.0,1.00105428696,0.000279254280031,180.77979314,0.0041426926,4.76,34.4552286678,0.494,3823
2.0,1.00116276741,0.000279211177258,180.841094738,0.0041426926,4.76,34.4552286678,0.494,3823
2.0,1.00146114826,0.000279266678263,180.902396433,0.0041426926,4.76,34.4552286678,0.494,3823
2.0,1.00129032135,0.000279272731859,180.963698126,0.0041426926,4.76,34.4552286678,0.494,3823
2.0,1.00169861317,0.000279320549453,181.024999815,0.0041426926,4.76,34.4552286678,0.494,3823
2.0,1.00096404552,0.00027923475136,181.086301503,0.0041426926,4.76,34.4552286678,0.494,3823
2.0,1.00189101696,0.000279320112895,181.147603187,0.0041426926,4.76,34.4552286678,0.494,3823
2.0,1.00210034847,0.000279317464447,181.208904769,0.0041426926,4.76,34.4552286678,0.494,3823
2.0,1.00164806843,0.00027932235389,181.270206449,0.0041426926,4.76,34.4552286678,0.494,3823
2.0,1.00178134441,0.000279344560113,181.331508126,0.0041426926,4.76,34.4552286678,0.494,3823
2.0,1.00235950947,0.000279351341305,181.3928098,0.0041426926,4.76,34.4552286678,0.494,3823
2.0,1.00214004517,0.000279333879007,181.454111471,0.0041426926,4.76,34.4552286678,0.494,3823
2.0,1.00269424915,0.000279231433524,181.51541314,0.0041426926,4.76,34.4552286678,0.494,3823
2.0,1.00027036667,0.000278538529528,183.763138487,0.0041426926,4.76,34.4552286678,0.494,3823
2.0,1.00041890144,0.000278709805571,183.824440057,0.0041426926,4.76,34.4552286678,0.494,3823
2.0,1.00045597553,0.000278669467662,183.885741624,0.0041426926,4.76,34.4552286678,0.494,3823
2.0,1.00181531906,0.000278812658507,183.947043189,0.0041426926,4.76,34.4552286678,0.494,3823
2.0,1.0027834177,0.000278958672425,184.00834475,0.0041426926,4.76,34.4552286678,0.494,3823
2.0,1.00386428833,0.000279085768852,184.06964631,0.0041426926,4.76,34.4552286678,0.494,3823
2.0,1.00377571583,0.00027912974474,184.130947866,0.0041426926,4.76,34.4552286678,0.494,3823
2.0,1.0040999651,0.000279194850009,184.19224942,0.0041426926,4.76,34.4552286678,0.494,3823
2.0,1.00388932228,0.000279258005321,184.253550871,0.0041426926,4.76,34.4552286678,0.494,3823
2.0,1.00439810753,0.000279357365798,184.31485242,0.0041426926,4.76,34.4552286678,0.494,3823
2.0,1.00405967236,0.000279358355328,184.376153966,0.0041426926,4.76,34.4552286678,0.494,3823
2.0,1.003729105,0.000279419560684,184.437455509,0.0041426926,4.76,34.4552286678,0.494,3823
2.0,1.00438165665,0.000279520347249,184.498757049,0.0041426926,4.76,34.4552286678,0.494,3823
2.0,1.00466907024,0.000279548228718,184.560058587,0.0041426926,4.76,34.4552286678,0.494,3823
2.0,1.00492727757,0.000279613188468,184.621360123,0.0041426926,4.76,34.4552286678,0.494,3823
2.0,1.00519776344,0.000279667350696,184.682661755,0.0041426926,4.76,34.4552286678,0.494,3823
2.0,1.00550484657,0.000279696483631,184.743963285,0.0041426926,4.76,34.4552286678,0.494,3823
2.0,1.00543797016,0.000279657222563,184.805264612,0.0041426926,4.76,34.4552286678,0.494,3823
2.0,1.0053807497,0.000279749307083,184.866566237,0.0041426926,4.76,34.4552286678,0.494,3823
2.0,1.00606286526,0.000279788859189,184.927867759,0.0041426926,4.76,34.4552286678,0.494,3823
2.0,1.00656557083,0.000279822124867,184.989169178,0.0041426926,4.76,34.4552286678,0.494,3823
2.0,1.0059261322,0.000279822590528,185.050470795,0.0041426926,4.76,34.4552286678,0.494,3823
2.0,1.00600337982,0.000279855681583,185.132206046,0.0041426926,4.76,34.4552286678,0.494,3823
2.0,1.00598478317,0.000279873347608,185.193507557,0.0041426926,4.76,34.4552286678,0.494,3823
2.0,1.0056220293,0.000279837171547,185.254809064,0.0041426926,4.76,34.4552286678,0.494,3823
2.0,1.00642442703,0.00027987541398,185.31611057,0.0041426926,4.76,34.4552286678,0.494,3823
2.0,1.00538408756,0.000279756030068,185.377412072,0.0041426926,4.76,34.4552286678,0.494,3823
2.0,1.00606548786,0.000279821571894,185.438713472,0.0041426926,4.76,34.4552286678,0.494,3823
2.0,1.00544190407,0.00027986834175,185.500014969,0.0041426926,4.76,34.4552286678,0.494,3823
2.0,1.00619125366,0.000279928091913,185.561316463,0.0041426926,4.76,34.4552286678,0.494,3823
2.0,1.00606834888,0.000279901985778,185.622617955,0.0041426926,4.76,34.4552286678,0.494,3823
2.0,1.00593698025,0.000279852742096,185.683919444,0.0041426926,4.76,34.4552286678,0.494,3823
2.0,1.00609147549,0.000279984553345,185.74522103,0.0041426926,4.76,34.4552286678,0.494,3823
2.0,1.00606560707,0.000279932806734,185.806522514,0.0041426926,4.76,34.4552286678,0.494,3823
2.0,1.00630140305,0.00027990678791,185.867823795,0.0041426926,4.76,34.4552286678,0.494,3823
2.0,1.00650405884,0.000279895437416,185.929125373,0.0041426926,4.76,34.4552286678,0.494,3823
2.0,1.00657629967,0.00027997532743,185.990426849,0.0041426926,4.76,34.4552286678,0.494,3823
2.0,1.00646913052,0.000279946398223,186.051728322,0.0041426926,4.76,34.4552286678,0.494,3823
2.0,1.00658130646,0.000279876898276,186.113029792,0.0041426926,4.76,34.4552286678,0.494,3823
2.0,1.00658130646,0.000279835832771,186.17433126,0.0041426926,4.76,34.4552286678,0.494,3823
2.0,1.00639712811,0.000279779051198,186.235632725,0.0041426926,4.76,34.4552286678,0.494,3823
2.0,1.0060788393,0.000279796397081,186.296934087,0.0041426926,4.76,34.4552286678,0.494,3823
2.0,1.00684845448,0.00027982640313,186.358235547,0.0041426926,4.76,34.4552286678,0.494,3823
2.0,1.00636303425,0.00027977899299,186.419537004,0.0041426926,4.76,34.4552286678,0.494,3823
2.0,1.00696289539,0.00027982663596,186.480838458,0.0041426926,4.76,34.4552286678,0.494,3823
2.0,1.00686192513,0.000279783183942,186.54213991,0.0041426926,4.76,34.4552286678,0.494,3823
2.0,1.00782263279,0.000279962667264,186.603441358,0.0041426926,4.76,34.4552286678,0.494,3823
2.0,1.00681388378,0.000279820815194,186.664742805,0.0041426926,4.76,34.4552286678,0.494,3823
2.0,1.00710320473,0.000279771746136,186.726044148,0.0041426926,4.76,34.4552286678,0.494,3823
2.0,1.00694835186,0.000279792468064,186.787345589,0.0041426926,4.76,34.4552286678,0.494,3823
2.0,1.00678575039,0.0002797813504,186.848647027,0.0041426926,4.76,34.4552286678,0.494,3823
2.0,1.0069463253,0.000279777450487,186.909948463,0.0041426926,4.76,34.4552286678,0.494,3823
2.0,1.00718557835,0.000279796571704,186.971249896,0.0041426926,4.76,34.4552286678,0.494,3823
2.0,1.00646317005,0.000279725558357,187.032551426,0.0041426926,4.76,34.4552286678,0.494,3823
2.0,1.0071169138,0.000279760221019,187.093852853,0.0041426926,4.76,34.4552286678,0.494,3823
2.0,1.00671553612,0.000279746076558,187.155154178,0.0041426926,4.76,34.4552286678,0.494,3823
2.0,1.00644898415,0.000279757019598,187.2164556,0.0041426926,4.76,34.4552286678,0.494,3823
2.0,1.00675415993,0.000279745378066,187.277757019,0.0041426926,4.76,34.4552286678,0.494,3823
2.0,1.00657308102,0.000279719330138,187.339058436,0.0041426926,4.76,34.4552286678,0.494,3823
2.0,1.00635254383,0.000279689498711,187.40035985,0.0041426926,4.76,34.4552286678,0.494,3823
2.0,1.00590348244,0.000279729632894,187.461661261,0.0041426926,4.76,34.4552286678,0.494,3823
2.0,1.00633096695,0.000279780128039,187.522962669,0.0041426926,4.76,34.4552286678,0.494,3823
2.0,1.00630676746,0.000279764906736,187.584263975,0.0041426926,4.76,34.4552286678,0.494,3823
2.0,1.00572347641,0.000279711093754,187.645565379,0.0041426926,4.76,34.4552286678,0.494,3823
2.0,1.00706017017,0.000279756990494,187.706866779,0.0041426926,4.76,34.4552286678,0.494,3823
2.0,1.00615334511,0.000279745814623,187.768168177,0.0041426926,4.76,34.4552286678,0.494,3823
2.0,1.0062661171,0.000279737694655,187.829469572,0.0041426926,4.76,34.4552286678,0.494,3823
2.0,1.00604355335,0.000279758387478,187.890770964,0.0041426926,4.76,34.4552286678,0.494,3823
2.0,1.00550460815,0.000279715110082,187.952072354,0.0041426926,4.76,34.4552286678,0.494,3823
2.0,1.00601708889,0.000279790110653,188.013373641,0.0041426926,4.76,34.4552286678,0.494,3823
2.0,1.00664186478,0.000279769476037,188.095108919,0.0041426926,4.76,34.4552286678,0.494,3823
2.0,1.00620043278,0.000279747211607,188.1564102,0.0041426926,4.76,34.4552286678,0.494,3823
2.0,1.00630104542,0.000279758620309,188.217711578,0.0041426926,4.76,34.4552286678,0.494,3823
2.0,1.00626051426,0.00027972998214,188.279012954,0.0041426926,4.76,34.4552286678,0.494,3823
2.0,1.00498425961,0.000279652420431,188.340314326,0.0041426926,4.76,34.4552286678,0.494,3823
2.0,1.00580966473,0.00027973507531,188.401615696,0.0041426926,4.76,34.4552286678,0.494,3823
2.0,1.00599002838,0.00027968006907,188.462917063,0.0041426926,4.76,34.4552286678,0.494,3823
2.0,1.00543034077,0.000279665138805,188.524218428,0.0041426926,4.76,34.4552286678,0.494,3823
2.0,1.00532734394,0.000279664003756,188.585519689,0.0041426926,4.76,34.4552286678,0.494,3823
2.0,1.00449478626,0.000279627100099,188.646821049,0.0041426926,4.76,34.4552286678,0.494,3823
2.0,1.00517618656,0.000279755069641,188.708122405,0.0041426926,4.76,34.4552286678,0.494,3823
2.0,1.00499308109,0.000279667088762,188.769423759,0.0041426926,4.76,34.4552286678,0.494,3823
2.0,1.00541985035,0.000279649422737,188.83072511,0.0041426926,4.76,34.4552286678,0.494,3823
2.0,1.00516831875,0.000279688945739,188.892026458,0.0041426926,4.76,34.4552286678,0.494,3823
2.0,1.00530815125,0.000279681407847,188.953327803,0.0041426926,4.76,34.4552286678,0.494,3823
2.0,1.00521326065,0.000279705098365,189.014629046,0.0041426926,4.76,34.4552286678,0.494,3823
2.0,1.00487112999,0.000279684638372,189.075930386,0.0041426926,4.76,34.4552286678,0.494,3823
2.0,1.00565707684,0.000279707368463,189.137231724,0.0041426926,4.76,34.4552286678,0.494,3823
2.0,1.00512063503,0.000279708445305,189.198533058,0.0041426926,4.76,34.4552286678,0.494,3823
2.0,1.00501477718,0.000279728643363,189.25983439,0.0041426926,4.76,34.4552286678,0.494,3823
2.0,1.00504350662,0.000279735657386,189.32113582,0.0041426926,4.76,34.4552286678,0.494,3823
2.0,1.00526952744,0.000279733765638,189.382437146,0.0041426926,4.76,34.4552286678,0.494,3823
2.0,1.0049238205,0.000279730069451,189.44373827,0.0041426926,4.76,34.4552286678,0.494,3823
2.0,1.00481808186,0.000279729632894,189.505039692,0.0041426926,4.76,34.4552286678,0.494,3823
2.0,1.00465428829,0.00027972413227,189.56634101,0.0041426926,4.76,34.4552286678,0.494,3823
2.0,1.00482344627,0.000279718311504,189.627642326,0.0041426926,4.76,34.4552286678,0.494,3823
2.0,1.00448524952,0.000279672676697,189.688943639,0.0041426926,4.76,34.4552286678,0.494,3823
2.0,1.00438559055,0.000279679166852,189.750244949,0.0041426926,4.76,34.4552286678,0.494,3823
2.0,1.00468754768,0.000279673666228,189.811546156,0.0041426926,4.76,34.4552286678,0.494,3823
2.0,1.00449168682,0.000279705476714,189.872847461,0.0041426926,4.76,34.4552286678,0.494,3823
2.0,1.00365209579,0.000279693311313,189.934148763,0.0041426926,4.76,34.4552286678,0.494,3823
2.0,1.00374126434,0.000279681873508,189.995450063,0.0041426926,4.76,34.4552286678,0.494,3823
2.0,1.00372517109,0.000279680592939,190.05675136,0.0041426926,4.76,34.4552286678,0.494,3823
2.0,1.00396549702,0.00027970407973,190.118052653,0.0041426926,4.76,34.4552286678,0.494,3823
2.0,1.00372350216,0.000279679254163,190.179353945,0.0041426926,4.76,34.4552286678,0.494,3823
2.0,1.00391054153,0.000279698142549,190.240655133,0.0041426926,4.76,34.4552286678,0.494,3823
2.0,1.00385117531,0.00027969837538,190.301956419,0.0041426926,4.76,34.4552286678,0.494,3823
2.0,1.00370168686,0.000279713771306,190.363257702,0.0041426926,4.76,34.4552286678,0.494,3823
2.0,1.00294518471,0.00027966601192,190.424558983,0.0041426926,4.76,34.4552286678,0.494,3823
2.0,1.00365722179,0.000279743544525,190.48586026,0.0041426926,4.76,34.4552286678,0.494,3823
2.0,1.00269019604,0.000279689440504,190.547161535,0.0041426926,4.76,34.4552286678,0.494,3823
2.0,1.00262105465,0.000279691361357,190.608462908,0.0041426926,4.76,34.4552286678,0.494,3823
2.0,1.00314748287,0.000279695028439,190.669763977,0.0041426926,4.76,34.4552286678,0.494,3823
2.0,1.00303173065,0.000279718864476,190.731065344,0.0041426926,4.76,34.4552286678,0.494,3823
2.0,1.00285923481,0.00027973158285,190.792366608,0.0041426926,4.76,34.4552286678,0.494,3823
2.0,1.00244605541,0.000279679632513,190.853667869,0.0041426926,4.76,34.4552286678,0.494,3823
2.0,1.00299346447,0.000279691419564,190.914969128,0.0041426926,4.76,34.4552286678,0.494,3823
2.0,1.00288510323,0.00027963652974,190.976270384,0.0041426926,4.76,34.4552286678,0.494,3823
2.0,1.00233232975,0.000279693747871,191.058005287,0.0041426926,4.76,34.4552286678,0.494,3823
2.0,1.00183010101,0.000279663043329,191.119306637,0.0041426926,4.76,34.4552286678,0.494,3823
2.0,1.0025806427,0.000279678119114,191.180607883,0.0041426926,4.76,34.4552286678,0.494,3823
2.0,1.00232958794,0.000279657338979,191.241909027,0.0041426926,4.76,34.4552286678,0.494,3823
2.0,1.00223267078,0.000279650615994,191.303210269,0.0041426926,4.76,34.4552286678,0.494,3823
2.0,1.00176012516,0.000279650441371,191.364511507,0.0041426926,4.76,34.4552286678,0.494,3823
2.0,1.001506567,0.000279615022009,191.425812743,0.0041426926,4.76,34.4552286678,0.494,3823
2.0,1.0019671917,0.000279656582279,191.487113976,0.0041426926,4.76,34.4552286678,0.494,3823
2.0,1.00031220913,0.000279586180113,191.548415207,0.0041426926,4.76,34.4552286678,0.494,3823
2.0,1.00139784813,0.000279623898678,191.609716434,0.0041426926,4.76,34.4552286678,0.494,3823
2.0,1.00135827065,0.000279602216324,191.671017559,0.0041426926,4.76,34.4552286678,0.494,3823
2.0,1.0014654398,0.000279611034784,191.732318782,0.0041426926,4.76,34.4552286678,0.494,3823
2.0,1.0008854866,0.000279610831058,191.793620001,0.0041426926,4.76,34.4552286678,0.494,3823
2.0,1.00056171417,0.000279569387203,191.854921218,0.0041426926,4.76,34.4552286678,0.494,3823
2.0,1.00119698048,0.00027978347498,191.936656169,0.0041426926,4.76,34.4552286678,0.494,3823
2.0,1.00083005428,0.000279613072053,191.997957379,0.0041426926,4.76,34.4552286678,0.494,3823
2.0,1.00064921379,0.00027958015562,192.059258587,0.0041426926,4.76,34.4552286678,0.494,3823
2.0,1.00095486641,0.000279592029983,192.120559792,0.0041426926,4.76,34.4552286678,0.494,3823
2.0,1.00008034706,0.000279648811556,192.181860994,0.0041426926,4.76,34.4552286678,0.494,3823
2.0,1.00069820881,0.000279666826827,192.243162093,0.0041426926,4.76,34.4552286678,0.494,3823
2.0,0.999825179577,0.000279602303635,192.30446329,0.0041426926,4.76,34.4552286678,0.494,3823
2.0,1.00051605701,0.00027967398637,192.365764484,0.0041426926,4.76,34.4552286678,0.494,3823
2.0,0.999821841717,0.000279636005871,192.427065675,0.0041426926,4.76,34.4552286678,0.494,3823
2.0,0.999572336674,0.000279601023067,192.488366863,0.0041426926,4.76,34.4552286678,0.494,3823
2.0,1.00095713139,0.000279675092315,192.549668049,0.0041426926,4.76,34.4552286678,0.494,3823
2.0,0.999758601189,0.00027962931199,192.610969232,0.0041426926,4.76,34.4552286678,0.494,3823
2.0,0.999851107597,0.000279609084828,192.672270312,0.0041426926,4.76,34.4552286678,0.494,3823
2.0,0.99974322319,0.000279614847386,192.73357149,0.0041426926,4.76,34.4552286678,0.494,3823
2.0,0.999704658985,0.000279613072053,192.794872665,0.0041426926,4.76,34.4552286678,0.494,3823
2.0,0.998751282692,0.000279568426777,192.856173837,0.0041426926,4.76,34.4552286678,0.494,3823
2.0,0.999317526817,0.000279619300272,192.917475006,0.0041426926,4.76,34.4552286678,0.494,3823
2.0,0.999662995338,0.00027961275191,192.978776172,0.0041426926,4.76,34.4552286678,0.494,3823
2.0,0.999376654625,0.000279621832306,193.040077336,0.0041426926,4.76,34.4552286678,0.494,3823
2.0,0.999737560749,0.000279632367892,193.101378397,0.0041426926,4.76,34.4552286678,0.494,3823
2.0,1.00013053417,0.000279605796095,193.162679555,0.0041426926,4.76,34.4552286678,0.494,3823
2.0,0.999417245388,0.00027959147701,193.223980711,0.0041426926,4.76,34.4552286678,0.494,3823
2.0,0.998720705509,0.000279562344076,193.285281864,0.0041426926,4.76,34.4552286678,0.494,3823
2.0,0.999727487564,0.000279629748547,193.346583114,0.0041426926,4.76,34.4552286678,0.494,3823
2.0,0.999033689499,0.000279573898297,193.407884261,0.0041426926,4.76,34.4552286678,0.494,3823
2.0,0.999020576477,0.000279569270788,193.469185406,0.0041426926,4.76,34.4552286678,0.494,3823
2.0,0.998647987843,0.000279564934317,193.530486347,0.0041426926,4.76,34.4552286678,0.494,3823
2.0,0.998528838158,0.000279565691017,193.591787586,0.0041426926,4.76,34.4552286678,0.494,3823
2.0,0.998306751251,0.000279524887446,193.653088723,0.0041426926,4.76,34.4552286678,0.494,3823
2.0,0.998479604721,0.000279533094727,193.714389856,0.0041426926,4.76,34.4552286678,0.494,3823
2.0,0.998054683208,0.000279534113361,193.775690987,0.0041426926,4.76,34.4552286678,0.494,3823
2.0,0.998508274555,0.000279493135167,193.836992115,0.0041426926,4.76,34.4552286678,0.494,3823
2.0,0.99871712923,0.00027950463118,193.89829314,0.0041426926,4.76,34.4552286678,0.494,3823
2.0,0.998590171337,0.000279523374047,193.959594263,0.0041426926,4.76,34.4552286678,0.494,3823
2.0,0.99860316515,0.000279499363387,194.041329089,0.0041426926,4.76,34.4552286678,0.494,3823
2.0,0.998106777668,0.000279468775261,194.102630205,0.0041426926,4.76,34.4552286678,0.494,3823
2.0,0.997632563114,0.000279419182334,194.163931318,0.0041426926,4.76,34.4552286678,0.494,3823
2.0,0.998433470726,0.000279492873233,194.225232429,0.0041426926,4.76,34.4552286678,0.494,3823
2.0,0.998357713223,0.000279460859019,194.286533537,0.0041426926,4.76,34.4552286678,0.494,3823
2.0,0.998168468475,0.000279463594779,194.347834642,0.0041426926,4.76,34.4552286678,0.494,3823
2.0,0.998043835163,0.000279459694866,194.409135744,0.0041426926,4.76,34.4552286678,0.494,3823
2.0,0.998202979565,0.000279483821942,194.470436744,0.0041426926,4.76,34.4552286678,0.494,3823
2.0,0.998643100262,0.000279471103568,194.531737841,0.0041426926,4.76,34.4552286678,0.494,3823
2.0,0.997424721718,0.000279439525912,194.593038935,0.0041426926,4.76,34.4552286678,0.494,3823
2.0,0.997425913811,0.000279441330349,194.654340026,0.0041426926,4.76,34.4552286678,0.494,3823
2.0,0.997159361839,0.00027940919972,194.715641115,0.0041426926,4.76,34.4552286678,0.494,3823
2.0,0.997864842415,0.000279444240732,194.776942201,0.0041426926,4.76,34.4552286678,0.494,3823
2.0,0.996812522411,0.000279297848465,194.838243284,0.0041426926,4.76,34.4552286678,0.494,3823
2.0,0.997348248959,0.000279290281469,194.899544264,0.0041426926,4.76,34.4552286678,0.494,3823
2.0,0.997420907021,0.00027930070064,194.960845342,0.0041426926,4.76,34.4552286678,0.494,3823
2.0,0.997599422932,0.000279312516795,195.022146417,0.0041426926,4.76,34.4552286678,0.494,3823
2.0,0.997756898403,0.000279307627352,195.083447489,0.0041426926,4.76,34.4552286678,0.494,3823
2.0,0.997422754765,0.000279298372334,195.144748658,0.0041426926,4.76,34.4552286678,0.494,3823
2.0,0.997332692146,0.000279312080238,195.206049725,0.0041426926,4.76,34.4552286678,0.494,3823
2.0,0.997670769691,0.000279309024336,195.267350789,0.0041426926,4.76,34.4552286678,0.494,3823
2.0,0.997832119465,0.000279320753179,195.32865175,0.0041426926,4.76,34.4552286678,0.494,3823
2.0,0.996885180473,0.000279258470982,195.389952808,0.0041426926,4.76,34.4552286678,0.494,3823
2.0,0.996786594391,0.000279239960946,195.451253863,0.0041426926,4.76,34.4552286678,0.494,3823
2.0,0.997061371803,0.000279234693153,195.512554916,0.0041426926,4.76,34.4552286678,0.494,3823
2.0,0.996820449829,0.000279254833004,195.573855966,0.0041426926,4.76,34.4552286678,0.494,3823
2.0,0.997308790684,0.000279242434772,195.635157013,0.0041426926,4.76,34.4552286678,0.494,3823
2.0,0.997541844845,0.000279275787761,195.696458058,0.0041426926,4.76,34.4552286678,0.494,3823
2.0,0.997316837311,0.000279260420939,195.757758999,0.0041426926,4.76,34.4552286678,0.494,3823
2.0,0.997547149658,0.000279311847407,195.819060039,0.0041426926,4.76,34.4552286678,0.494,3823
2.0,0.998044013977,0.000279325468,195.880361075,0.0041426926,4.76,34.4552286678,0.494,3823
2.0,0.996920704842,0.000279268162558,195.941662108,0.0041426926,4.76,34.4552286678,0.494,3823
2.0,0.998010158539,0.000279331463389,196.002963139,0.0041426926,4.76,34.4552286678,0.494,3823
2.0,0.997536957264,0.000279261847027,196.064264167,0.0041426926,4.76,34.4552286678,0.494,3823
2.0,0.997024297714,0.000279274478089,196.125565192,0.0041426926,4.76,34.4552286678,0.494,3823
2.0,0.997560322285,0.000279287662124,196.186866114,0.0041426926,4.76,34.4552286678,0.494,3823
2.0,0.998573303223,0.000279360130662,196.248167134,0.0041426926,4.76,34.4552286678,0.494,3823
2.0,0.997834086418,0.000279309257166,196.309468151,0.0041426926,4.76,34.4552286678,0.494,3823
2.0,0.996994912624,0.000279245403362,196.370769165,0.0041426926,4.76,34.4552286678,0.494,3823
2.0,0.997570514679,0.000279302999843,196.432070176,0.0041426926,4.76,34.4552286678,0.494,3823
2.0,0.997355759144,0.000279267958831,196.493371185,0.0041426926,4.76,34.4552286678,0.494,3823
2.0,0.997230052948,0.000279281288385,196.554672191,0.0041426926,4.76,34.4552286678,0.494,3823
2.0,0.996883332729,0.000279223226244,196.615973094,0.0041426926,4.76,34.4552286678,0.494,3823
2.0,0.997571766376,0.000279299158137,196.677274094,0.0041426926,4.76,34.4552286678,0.494,3823
2.0,0.997409403324,0.000279282336123,196.738575091,0.0041426926,4.76,34.4552286678,0.494,3823
2.0,0.998095631599,0.000279309984762,196.799876086,0.0041426926,4.76,34.4552286678,0.494,3823
2.0,0.997606992722,0.000279292667983,196.861177078,0.0041426926,4.76,34.4552286678,0.494,3823
2.0,0.997275233269,0.0002792897576,196.922478167,0.0041426926,4.76,34.4552286678,0.494,3823
2.0,0.997346401215,0.00027928838972,196.983779154,0.0041426926,4.76,34.4552286678,0.494,3823
2.0,0.996554434299,0.000279261788819,197.065513698,0.0041426926,4.76,34.4552286678,0.494,3823
2.0,0.99727410078,0.000279297295492,197.126814678,0.0041426926,4.76,34.4552286678,0.494,3823
2.0,0.997168838978,0.000279300234979,197.188115555,0.0041426926,4.76,34.4552286678,0.494,3823
2.0,0.997124969959,0.000279318657704,197.24941653,0.0041426926,4.76,34.4552286678,0.494,3823
2.0,0.997101902962,0.000279332336504,197.310717501,0.0041426926,4.76,34.4552286678,0.494,3823
2.0,0.996937453747,0.000279307016172,197.37201847,0.0041426926,4.76,34.4552286678,0.494,3823
2.0,0.997741580009,0.000279321451671,197.433319536,0.0041426926,4.76,34.4552286678,0.494,3823
2.0,0.998026311398,0.000279442145256,197.4946205,0.0041426926,4.76,34.4552286678,0.494,3823
2.0,0.9975720644,0.00027932235389,197.55592146,0.0041426926,4.76,34.4552286678,0.494,3823
2.0,0.998059272766,0.000279412721284,197.617222318,0.0041426926,4.76,34.4552286678,0.494,3823
2.0,0.997810006142,0.000279318890534,197.678523273,0.0041426926,4.76,34.4552286678,0.494,3823
2.0,0.997359156609,0.000279384345049,197.739824225,0.0041426926,4.76,34.4552286678,0.494,3823
2.0,0.997595727444,0.000279420113657,197.801125175,0.0041426926,4.76,34.4552286678,0.494,3823
2.0,0.997556507587,0.000279357482214,197.862426121,0.0041426926,4.76,34.4552286678,0.494,3823
2.0,0.997468292713,0.000279341678834,197.923727066,0.0041426926,4.76,34.4552286678,0.494,3823
2.0,0.998575150967,0.000279407482594,197.985027907,0.0041426926,4.76,34.4552286678,0.494,3823
2.0,0.997899770737,0.000279353116639,198.066762591,0.0041426926,4.76,34.4552286678,0.494,3823
2.0,0.997840642929,0.000279411062365,198.128063425,0.0041426926,4.76,34.4552286678,0.494,3823
2.0,0.998430132866,0.00027941580629,198.189364357,0.0041426926,4.76,34.4552286678,0.494,3823
2.0,0.998039066792,0.000279382773442,198.250665286,0.0041426926,4.76,34.4552286678,0.494,3823
2.0,0.997719526291,0.000279409257928,198.311966213,0.0041426926,4.76,34.4552286678,0.494,3823
2.0,0.998127579689,0.00027941580629,198.373267136,0.0041426926,4.76,34.4552286678,0.494,3823
2.0,0.998552918434,0.000279456930002,198.434568057,0.0041426926,4.76,34.4552286678,0.494,3823
2.0,0.99861073494,0.000279473984847,198.495868975,0.0041426926,4.76,34.4552286678,0.494,3823
2.0,0.998736321926,0.000279470812529,198.557169791,0.0041426926,4.76,34.4552286678,0.494,3823
2.0,0.998958289623,0.000279484142084,198.618470703,0.0041426926,4.76,34.4552286678,0.494,3823
2.0,1.00072932243,0.000280096341157,198.679771613,0.0041426926,4.76,34.4552286678,0.494,3823
2.0,0.999059677124,0.000279475760181,198.74107252,0.0041426926,4.76,34.4552286678,0.494,3823
2.0,0.999182760715,0.000279485568171,198.802373424,0.0041426926,4.76,34.4552286678,0.494,3823
2.0,0.998696744442,0.000279478088487,198.863674325,0.0041426926,4.76,34.4552286678,0.494,3823
2.0,0.99915677309,0.000279517262243,198.924975224,0.0041426926,4.76,34.4552286678,0.494,3823
2.0,0.998657822609,0.00027948722709,198.98627602,0.0041426926,4.76,34.4552286678,0.494,3823
2.0,0.999163389206,0.000279510539258,199.047576913,0.0041426926,4.76,34.4552286678,0.494,3823
2.0,0.998845517635,0.000279568077531,199.108877804,0.0041426926,4.76,34.4552286678,0.494,3823
2.0,0.999033749104,0.000279482483165,199.170178791,0.0041426926,4.76,34.4552286678,0.494,3823
2.0,0.999172687531,0.000279526750091,199.231479676,0.0041426926,4.76,34.4552286678,0.494,3823
2.0,0.998587429523,0.000279455736745,199.292780558,0.0041426926,4.76,34.4552286678,0.494,3823
2.0,0.999139606953,0.000279509054963,199.354081437,0.0041426926,4.76,34.4552286678,0.494,3823
2.0,0.999246895313,0.000279494212009,199.415382213,0.0041426926,4.76,34.4552286678,0.494,3823
2.0,0.999285280704,0.000279482163023,199.476683087,0.0041426926,4.76,34.4552286678,0.494,3823
2.0,0.998812258244,0.000279455736745,199.558417481,0.0041426926,4.76,34.4552286678,0.494,3823
2.0,0.999358355999,0.000279522268102,199.619718348,0.0041426926,4.76,34.4552286678,0.494,3823
2.0,0.999266207218,0.000279485975625,199.681019312,0.0041426926,4.76,34.4552286678,0.494,3823
2.0,0.999512195587,0.000279516039882,199.742320074,0.0041426926,4.76,34.4552286678,0.494,3823
2.0,0.999809205532,0.000279526866507,199.803621033,0.0041426926,4.76,34.4552286678,0.494,3823
2.0,0.99994623661,0.000279527448583,199.864921789,0.0041426926,4.76,34.4552286678,0.494,3823
2.0,0.999609410763,0.000279508152744,199.926222642,0.0041426926,4.76,34.4552286678,0.494,3823
2.0,0.999928712845,0.000279560306808,200.007957109,0.0041426926,4.76,34.4552286678,0.494,3823
2.0,0.999939739704,0.000279523403151,200.069257956,0.0041426926,4.76,34.4552286678,0.494,3823
2.0,1.00007653236,0.000279547151877,200.1305587,0.0041426926,4.76,34.4552286678,0.494,3823
2.0,0.999777138233,0.000279499363387,200.191859541,0.0041426926,4.76,34.4552286678,0.494,3823
2.0,1.00056028366,0.000279543543002,200.25316038,0.0041426926,4.76,34.4552286678,0.494,3823
2.0,1.00106585026,0.000279487954685,200.334894826,0.0041426926,4.76,34.4552286678,0.494,3823
2.0,1.00113332272,0.000279502128251,200.396195658,0.0041426926,4.76,34.4552286678,0.494,3823
2.0,1.00146365166,0.000279518339084,200.457496488,0.0041426926,4.76,34.4552286678,0.494,3823
2.0,1.00145208836,0.000279481813777,200.518797314,0.0041426926,4.76,34.4552286678,0.494,3823
2.0,1.00147998333,0.000279496191069,200.580098138,0.0041426926,4.76,34.4552286678,0.494,3823
2.0,1.0018543005,0.000279478612356,200.641398959,0.0041426926,4.76,34.4552286678,0.494,3823
2.0,1.00165605545,0.000279507774394,200.702699677,0.0041426926,4.76,34.4552286678,0.494,3823
2.0,1.00218629837,0.000279519328615,200.764000492,0.0041426926,4.76,34.4552286678,0.494,3823
2.0,1.00214552879,0.000279512547422,200.825301304,0.0041426926,4.76,34.4552286678,0.494,3823
2.0,1.00152552128,0.000279466039501,200.886602114,0.0041426926,4.76,34.4552286678,0.494,3823
2.0,1.00188970566,0.000279519415926,200.947902921,0.0041426926,4.76,34.4552286678,0.494,3823
2.0,1.00150978565,0.000279455794953,201.009203825,0.0041426926,4.76,34.4552286678,0.494,3823
2.0,1.00160229206,0.000279468367808,201.070504627,0.0041426926,4.76,34.4552286678,0.494,3823
2.0,1.00250756741,0.000279515137663,201.131805225,0.0041426926,4.76,34.4552286678,0.494,3823
2.0,1.00218427181,0.00027950599906,201.193106121,0.0041426926,4.76,34.4552286678,0.494,3823
2.0,1.00191092491,0.00027948996285,201.254406914,0.0041426926,4.76,34.4552286678,0.494,3823
2.0,1.00276362896,0.000279549363768,201.315707704,0.0041426926,4.76,34.4552286678,0.494,3823
2.0,1.0028938055,0.000279538915493,201.377008492,0.0041426926,4.76,34.4552286678,0.494,3823
2.0,1.00277221203,0.000279570813291,201.438309276,0.0041426926,4.76,34.4552286678,0.494,3823
2.0,1.00262856483,0.000279548898106,201.499609958,0.0041426926,4.76,34.4552286678,0.494,3823
2.0,1.00300860405,0.000279541796772,201.560910737,0.0041426926,4.76,34.4552286678,0.494,3823
2.0,1.00356435776,0.000279561820207,201.622211514,0.0041426926,4.76,34.4552286678,0.494,3823
2.0,1.00317132473,0.000279533705907,201.683512287,0.0041426926,4.76,34.4552286678,0.494,3823
2.0,1.00389134884,0.000279664440313,201.744813058,0.0041426926,4.76,34.4552286678,0.494,3823
2.0,1.00295257568,0.000279571482679,201.806113826,0.0041426926,4.76,34.4552286678,0.494,3823
2.0,1.00276339054,0.000279571628198,201.867414591,0.0041426926,4.76,34.4552286678,0.494,3823
2.0,1.00364792347,0.000279633211903,201.928715354,0.0041426926,4.76,34.4552286678,0.494,3823
2.0,1.00338995457,0.000279573607258,201.990016013,0.0041426926,4.76,34.4552286678,0.494,3823
2.0,1.00357353687,0.000279594823951,202.05131677,0.0041426926,4.76,34.4552286678,0.494,3823
2.0,1.00315701962,0.000279613595922,202.112617524,0.0041426926,4.76,34.4552286678,0.494,3823
2.0,1.003246665,0.000279579631751,202.173918275,0.0041426926,4.76,34.4552286678,0.494,3823
2.0,1.00374472141,0.000279636471532,202.235219024,0.0041426926,4.76,34.4552286678,0.494,3823
2.0,1.00350129604,0.000279600004433,202.29651987,0.0041426926,4.76,34.4552286678,0.494,3823
2.0,1.00370788574,0.000279635947663,202.357820613,0.0041426926,4.76,34.4552286678,0.494,3823
2.0,1.00411474705,0.000279633299215,202.419121153,0.0041426926,4.76,34.4552286678,0.494,3823
2.0,1.00375461578,0.000279612489976,202.48042199,0.0041426926,4.76,34.4552286678,0.494,3823
2.0,1.00372266769,0.000279605039395,202.541722725,0.0041426926,4.76,34.4552286678,0.494,3823
2.0,1.00350272655,0.000279586703982,202.603023456,0.0041426926,4.76,34.4552286678,0.494,3823
2.0,1.00345158577,0.000279557832982,202.664324185,0.0041426926,4.76,34.4552286678,0.494,3823
2.0,1.00461506844,0.000279641128145,202.725624912,0.0041426926,4.76,34.4552286678,0.494,3823
2.0,1.00365304947,0.000279570260318,202.786925635,0.0041426926,4.76,34.4552286678,0.494,3823
2.0,1.0040897131,0.00027961001615,202.848226256,0.0041426926,4.76,34.4552286678,0.494,3823
2.0,1.00360441208,0.000279573578155,202.909526973,0.0041426926,4.76,34.4552286678,0.494,3823
2.0,1.00359642506,0.000279576343019,202.99126126,0.0041426926,4.76,34.4552286678,0.494,3823
2.0,1.00347483158,0.000279590429273,203.052561971,0.0041426926,4.76,34.4552286678,0.494,3823
2.0,1.00370812416,0.000279599538771,203.11386268,0.0041426926,4.76,34.4552286678,0.494,3823
2.0,1.00326550007,0.000279559113551,203.175163385,0.0041426926,4.76,34.4552286678,0.494,3823
2.0,1.00374031067,0.000279593863524,203.236464089,0.0041426926,4.76,34.4552286678,0.494,3823
2.0,1.00423336029,0.0002796255867,203.297764789,0.0041426926,4.76,34.4552286678,0.494,3823
2.0,1.00401425362,0.000279598520137,203.359065486,0.0041426926,4.76,34.4552286678,0.494,3823
2.0,1.00400483608,0.000279590807622,203.420366081,0.0041426926,4.76,34.4552286678,0.494,3823
2.0,1.00361776352,0.000279589992715,203.481666773,0.0041426926,4.76,34.4552286678,0.494,3823
2.0,1.00335264206,0.00027953935205,203.542967462,0.0041426926,4.76,34.4552286678,0.494,3823
2.0,1.00352191925,0.000279554980807,203.604268148,0.0041426926,4.76,34.4552286678,0.494,3823
2.0,1.00358808041,0.000279581261566,203.665568832,0.0041426926,4.76,34.4552286678,0.494,3823
2.0,1.00376987457,0.000279568688711,203.726869512,0.0041426926,4.76,34.4552286678,0.494,3823
2.0,1.00369143486,0.000279560103081,203.78817019,0.0041426926,4.76,34.4552286678,0.494,3823
2.0,1.00344014168,0.000279534986475,203.849470765,0.0041426926,4.76,34.4552286678,0.494,3823
2.0,1.00419330597,0.000279595522443,203.910771438,0.0041426926,4.76,34.4552286678,0.494,3823
2.0,1.00354444981,0.000279533764115,203.972072107,0.0041426926,4.76,34.4552286678,0.494,3823
2.0,1.0037869215,0.000279543892248,204.033372774,0.0041426926,4.76,34.4552286678,0.494,3823
2.0,1.00393295288,0.000279560976196,204.094673438,0.0041426926,4.76,34.4552286678,0.494,3823
2.0,1.00367295742,0.000279536849121,204.155974099,0.0041426926,4.76,34.4552286678,0.494,3823
2.0,1.00366771221,0.000279514788417,204.217274758,0.0041426926,4.76,34.4552286678,0.494,3823
2.0,1.0041166544,0.000279536558082,204.278575314,0.0041426926,4.76,34.4552286678,0.494,3823
2.0,1.0036906004,0.000279517233139,204.339875966,0.0041426926,4.76,34.4552286678,0.494,3823
2.0,1.00323665142,0.000279531785054,204.401176616,0.0041426926,4.76,34.4552286678,0.494,3823
2.0,1.00364840031,0.000279535015579,204.462477264,0.0041426926,4.76,34.4552286678,0.494,3823
2.0,1.00364470482,0.000279540894553,204.523777908,0.0041426926,4.76,34.4552286678,0.494,3823
2.0,1.00394022465,0.000279546744423,204.58507865,0.0041426926,4.76,34.4552286678,0.494,3823
2.0,1.00309085846,0.000279537722236,204.646379289,0.0041426926,4.76,34.4552286678,0.494,3823
2.0,1.00311434269,0.000279533764115,204.707679725,0.0041426926,4.76,34.4552286678,0.494,3823
2.0,1.00373530388,0.000279537285678,204.768980458,0.0041426926,4.76,34.4552286678,0.494,3823
2.0,1.00321924686,0.000279547821265,204.830281089,0.0041426926,4.76,34.4552286678,0.494,3823
2.0,1.00366306305,0.000279549974948,204.891581717,0.0041426926,4.76,34.4552286678,0.494,3823
2.0,1.00335812569,0.000279541534837,204.952882342,0.0041426926,4.76,34.4552286678,0.494,3823
2.0,1.00326526165,0.000279524771031,205.014182964,0.0041426926,4.76,34.4552286678,0.494,3823
2.0,1.00328493118,0.000279510073597,205.075483584,0.0041426926,4.76,34.4552286678,0.494,3823
2.0,1.00346946716,0.000279516680166,205.1367842,0.0041426926,4.76,34.4552286678,0.494,3823
2.0,1.00278162956,0.000279501429759,205.198084714,0.0041426926,4.76,34.4552286678,0.494,3823
2.0,1.00320827961,0.000279507919913,205.259385325,0.0041426926,4.76,34.4552286678,0.494,3823
2.0,1.00247383118,0.000279486179352,205.320685933,0.0041426926,4.76,34.4552286678,0.494,3823
2.0,1.00259554386,0.000279517989838,205.381986539,0.0041426926,4.76,34.4552286678,0.494,3823
2.0,1.00204050541,0.00027944939211,205.443287142,0.0041426926,4.76,34.4552286678,0.494,3823
2.0,1.00288295746,0.000279486004729,205.504587742,0.0041426926,4.76,34.4552286678,0.494,3823
2.0,1.00300383568,0.000279488420347,205.565888339,0.0041426926,4.76,34.4552286678,0.494,3823
2.0,1.00263094902,0.000279454950942,205.627188833,0.0041426926,4.76,34.4552286678,0.494,3823
2.0,1.00305223465,0.000279468862573,205.688489425,0.0041426926,4.76,34.4552286678,0.494,3823
2.0,1.00224244595,0.000279458909063,205.749790014,0.0041426926,4.76,34.4552286678,0.494,3823
2.0,1.00299572945,0.000279476837022,205.8110906,0.0041426926,4.76,34.4552286678,0.494,3823
2.0,1.00260937214,0.000279464700725,205.872391283,0.0041426926,4.76,34.4552286678,0.494,3823
2.0,1.00267910957,0.000279451545794,205.933691863,0.0041426926,4.76,34.4552286678,0.494,3823
2.0,1.00201976299,0.000279421044979,206.015425866,0.0041426926,4.76,34.4552286678,0.494,3823
2.0,1.00220799446,0.00027941307053,206.07672644,0.0041426926,4.76,34.4552286678,0.494,3823
2.0,1.00240409374,0.000279403000604,206.138027111,0.0041426926,4.76,34.4552286678,0.494,3823
2.0,1.00253176689,0.00027943745954,206.19932748,0.0041426926,4.76,34.4552286678,0.494,3823
2.0,1.002648592,0.000279465020867,206.260628045,0.0041426926,4.76,34.4552286678,0.494,3823
2.0,1.00231301785,0.000279430329101,206.321928708,0.0041426926,4.76,34.4552286678,0.494,3823
2.0,1.00226986408,0.000279420928564,206.383229268,0.0041426926,4.76,34.4552286678,0.494,3823
2.0,1.00194895267,0.000279377883999,206.444529825,0.0041426926,4.76,34.4552286678,0.494,3823
2.0,1.00223898888,0.000279399449937,206.50583038,0.0041426926,4.76,34.4552286678,0.494,3823
2.0,1.00212776661,0.00027937462437,206.567130932,0.0041426926,4.76,34.4552286678,0.494,3823
2.0,1.00259923935,0.000279393221717,206.62843138,0.0041426926,4.76,34.4552286678,0.494,3823
2.0,1.00235652924,0.000279374071397,206.689731927,0.0041426926,4.76,34.4552286678,0.494,3823
2.0,1.00222611427,0.000279400672298,206.75103247,0.0041426926,4.76,34.4552286678,0.494,3823
2.0,1.00225508213,0.000279396481346,206.81233301,0.0041426926,4.76,34.4552286678,0.494,3823
2.0,1.00192916393,0.000279353494989,206.873633548,0.0041426926,4.76,34.4552286678,0.494,3823
2.0,1.00098097324,0.000279291358311,206.934934083,0.0041426926,4.76,34.4552286678,0.494,3823
2.0,1.00152397156,0.000279323168797,206.996234615,0.0041426926,4.76,34.4552286678,0.494,3823
2.0,1.00144863129,0.000279311992927,207.057535045,0.0041426926,4.76,34.4552286678,0.494,3823
2.0,1.0015257597,0.000279320840491,207.118835571,0.0041426926,4.76,34.4552286678,0.494,3823
2.0,1.00160038471,0.00027932174271,207.180136095,0.0041426926,4.76,34.4552286678,0.494,3823
2.0,1.00133132935,0.000279315951047,207.241436616,0.0041426926,4.76,34.4552286678,0.494,3823
2.0,1.00095176697,0.000279257073998,207.302737135,0.0041426926,4.76,34.4552286678,0.494,3823
2.0,1.001937747,0.000279325613519,207.36403765,0.0041426926,4.76,34.4552286678,0.494,3823
2.0,1.00117230415,0.000279316067463,207.425338163,0.0041426926,4.76,34.4552286678,0.494,3823
2.0,1.0010612011,0.000279295636574,207.486638573,0.0041426926,4.76,34.4552286678,0.494,3823
2.0,1.00101113319,0.000279328669421,207.54793908,0.0041426926,4.76,34.4552286678,0.494,3823
2.0,1.00095081329,0.000279297179077,207.629673085,0.0041426926,4.76,34.4552286678,0.494,3823
2.0,1.00092208385,0.00027928041527,207.690973586,0.0041426926,4.76,34.4552286678,0.494,3823
2.0,1.00147271156,0.000279313302599,207.752274084,0.0041426926,4.76,34.4552286678,0.494,3823
2.0,1.00081121922,0.000279261614196,207.813574579,0.0041426926,4.76,34.4552286678,0.494,3823
2.0,1.00049269199,0.000279245636193,207.874875071,0.0041426926,4.76,34.4552286678,0.494,3823
2.0,1.00073230267,0.000279282598058,207.936175561,0.0041426926,4.76,34.4552286678,0.494,3823
2.0,1.00098907948,0.000279294414213,207.997476047,0.0041426926,4.76,34.4552286678,0.494,3823
2.0,0.999973058701,0.000279228348518,208.058776431,0.0041426926,4.76,34.4552286678,0.494,3823
2.0,1.0001333952,0.000279261119431,208.120076912,0.0041426926,4.76,34.4552286678,0.494,3823
2.0,1.00045919418,0.000279275496723,208.181377391,0.0041426926,4.76,34.4552286678,0.494,3823
2.0,1.00027644634,0.000279241183307,208.242677867,0.0041426926,4.76,34.4552286678,0.494,3823
2.0,0.999638617039,0.000279219762888,208.303978339,0.0041426926,4.76,34.4552286678,0.494,3823
2.0,0.999900877476,0.000279250671156,208.365278809,0.0041426926,4.76,34.4552286678,0.494,3823
2.0,0.999999344349,0.000279215688352,208.426579277,0.0041426926,4.76,34.4552286678,0.494,3823
2.0,0.999934136868,0.000279280677205,208.487879641,0.0041426926,4.76,34.4552286678,0.494,3823
2.0,0.99962413311,0.00027920017601,208.549180103,0.0041426926,4.76,34.4552286678,0.494,3823
2.0,0.999803125858,0.000279209896689,208.610480662,0.0041426926,4.76,34.4552286678,0.494,3823
2.0,0.999572217464,0.0002791621082,208.671781118,0.0041426926,4.76,34.4552286678,0.494,3823
2.0,0.998989462852,0.000279128988041,208.733081571,0.0041426926,4.76,34.4552286678,0.494,3823
2.0,0.999316036701,0.000279175234027,208.794382022,0.0041426926,4.76,34.4552286678,0.494,3823
2.0,0.999071359634,0.000279158935882,208.85568247,0.0041426926,4.76,34.4552286678,0.494,3823
2.0,0.998900949955,0.000279156578472,208.916982815,0.0041426926,4.76,34.4552286678,0.494,3823
2.0,0.999048888683,0.000279135419987,208.998716837,0.0041426926,4.76,34.4552286678,0.494,3823
2.0,0.998382687569,0.000279129075352,209.060017076,0.0041426926,4.76,34.4552286678,0.494,3823
2.0,0.998507022858,0.000279123400105,209.121317612,0.0041426926,4.76,34.4552286678,0.494,3823
2.0,0.999187231064,0.000279171974398,209.182618045,0.0041426926,4.76,34.4552286678,0.494,3823
2.0,0.99856364727,0.000279127329122,209.243918475,0.0041426926,4.76,34.4552286678,0.494,3823
2.0,0.999046385288,0.000279199826764,209.305218903,0.0041426926,4.76,34.4552286678,0.494,3823
2.0,0.998728632927,0.000279163417872,209.366519327,0.0041426926,4.76,34.4552286678,0.494,3823
2.0,0.998415470123,0.000279122643406,209.427819749,0.0041426926,4.76,34.4552286678,0.494,3823
2.0,0.997978389263,0.000279092928395,209.489120068,0.0041426926,4.76,34.4552286678,0.494,3823
2.0,0.998128712177,0.00027910375502,209.550420484,0.0041426926,4.76,34.4552286678,0.494,3823
2.0,0.998213589191,0.000279078783933,209.611720898,0.0041426926,4.76,34.4552286678,0.494,3823
2.0,0.998483479023,0.000279082014458,209.673021309,0.0041426926,4.76,34.4552286678,0.494,3823
2.0,0.998219192028,0.000279100931948,209.734321717,0.0041426926,4.76,34.4552286678,0.494,3823
2.0,0.997912406921,0.000279112515273,209.795622122,0.0041426926,4.76,34.4552286678,0.494,3823
2.0,0.998598694801,0.000279125437373,209.856922525,0.0041426926,4.76,34.4552286678,0.494,3823
2.0,0.997852981091,0.000279089144897,209.918222824,0.0041426926,4.76,34.4552286678,0.494,3823
2.0,0.99848228693,0.000279146770481,209.979523221,0.0041426926,4.76,34.4552286678,0.494,3823
2.0,0.998328268528,0.000279119820334,210.040823615,0.0041426926,4.76,34.4552286678,0.494,3823
2.0,0.998325109482,0.000279085652437,210.102124007,0.0041426926,4.76,34.4552286678,0.494,3823
2.0,0.998519003391,0.000279130472336,210.163424395,0.0041426926,4.76,34.4552286678,0.494,3823
2.0,0.998467385769,0.000279102649074,210.224724881,0.0041426926,4.76,34.4552286678,0.494,3823
2.0,0.998458504677,0.000279100349871,210.286025264,0.0041426926,4.76,34.4552286678,0.494,3823
2.0,0.998303055763,0.000279106869129,210.347325645,0.0041426926,4.76,34.4552286678,0.494,3823
2.0,0.999083042145,0.000279119674815,210.408625922,0.0041426926,4.76,34.4552286678,0.494,3823
2.0,0.998083114624,0.0002791119623,210.469926297,0.0041426926,4.76,34.4552286678,0.494,3823
2.0,0.998606026173,0.000279151339782,210.531226669,0.0041426926,4.76,34.4552286678,0.494,3823
2.0,0.999704241753,0.000279179832432,210.592527038,0.0041426926,4.76,34.4552286678,0.494,3823
2.0,0.998846888542,0.000279093161225,210.653827304,0.0041426926,4.76,34.4552286678,0.494,3823
2.0,0.998289704323,0.000279136089375,210.715127768,0.0041426926,4.76,34.4552286678,0.494,3823
2.0,0.998232066631,0.000279095722362,210.776428129,0.0041426926,4.76,34.4552286678,0.494,3823
2.0,0.998604893684,0.00027915922692,210.837728387,0.0041426926,4.76,34.4552286678,0.494,3823
2.0,0.997728824615,0.000279081170447,210.899028742,0.0041426926,4.76,34.4552286678,0.494,3823
2.0,0.998297393322,0.00027915078681,210.960329095,0.0041426926,4.76,34.4552286678,0.494,3823
2.0,0.998700857162,0.00027913969825,211.021629445,0.0041426926,4.76,34.4552286678,0.494,3823
2.0,0.998457431793,0.000279179192148,211.082929791,0.0041426926,4.76,34.4552286678,0.494,3823
2.0,0.997730016708,0.000279132305877,211.144230136,0.0041426926,4.76,34.4552286678,0.494,3823
2.0,0.998558223248,0.000279167492408,211.205530477,0.0041426926,4.76,34.4552286678,0.494,3823
2.0,0.998346984386,0.000279121130006,211.266830816,0.0041426926,4.76,34.4552286678,0.494,3823
2.0,0.997352063656,0.000279079744359,211.328131052,0.0041426926,4.76,34.4552286678,0.494,3823
2.0,0.9978120327,0.000279066269286,211.389431385,0.0041426926,4.76,34.4552286678,0.494,3823
2.0,0.9986525774,0.00027910945937,211.450731715,0.0041426926,4.76,34.4552286678,0.494,3823
2.0,0.998108208179,0.000279051309917,211.512032043,0.0041426926,4.76,34.4552286678,0.494,3823
2.0,0.998690485954,0.000279079453321,211.573332368,0.0041426926,4.76,34.4552286678,0.494,3823
2.0,0.998356878757,0.000279095314909,211.63463269,0.0041426926,4.76,34.4552286678,0.494,3823
2.0,0.997717499733,0.000279076019069,211.695933009,0.0041426926,4.76,34.4552286678,0.494,3823
2.0,0.997881829739,0.00027906318428,211.757233226,0.0041426926,4.76,34.4552286678,0.494,3823
2.0,0.998423695564,0.000279110798147,211.81853354,0.0041426926,4.76,34.4552286678,0.494,3823
2.0,0.997854471207,0.000279056810541,211.879833851,0.0041426926,4.76,34.4552286678,0.494,3823
2.0,0.99763584137,0.000279062165646,211.961567594,0.0041426926,4.76,34.4552286678,0.494,3823
2.0,0.997771680355,0.000279046449577,212.022867399,0.0041426926,4.76,34.4552286678,0.494,3823
2.0,0.997923970222,0.000279051251709,212.084167701,0.0041426926,4.76,34.4552286678,0.494,3823
2.0,0.997853636742,0.00027909927303,212.145468,0.0041426926,4.76,34.4552286678,0.494,3823
2.0,0.997444093227,0.000279069121461,212.206768296,0.0041426926,4.76,34.4552286678,0.494,3823
2.0,0.998219847679,0.000279053259874,212.26806859,0.0041426926,4.76,34.4552286678,0.494,3823
2.0,0.998290896416,0.000279101775959,212.32936878,0.0041426926,4.76,34.4552286678,0.494,3823
2.0,0.997790038586,0.000279074389255,212.390669068,0.0041426926,4.76,34.4552286678,0.494,3823
2.0,0.997699022293,0.000279091531411,212.451969354,0.0041426926,4.76,34.4552286678,0.494,3823
2.0,0.997962713242,0.000279097643215,212.513269636,0.0041426926,4.76,34.4552286678,0.494,3823
2.0,0.997967720032,0.000279110041447,212.574569916,0.0041426926,4.76,34.4552286678,0.494,3823
2.0,0.997990906239,0.000279092811979,212.635870193,0.0041426926,4.76,34.4552286678,0.494,3823
2.0,0.9979134202,0.000279082858469,212.697170467,0.0041426926,4.76,34.4552286678,0.494,3823
2.0,0.99832290411,0.000279111322016,212.758470738,0.0041426926,4.76,34.4552286678,0.494,3823
2.0,0.998286902905,0.000279105501249,212.819770907,0.0041426926,4.76,34.4552286678,0.494,3823
2.0,0.998792588711,0.000279126921669,212.881071173,0.0041426926,4.76,34.4552286678,0.494,3823
2.0,0.998636722565,0.000279086263618,212.942371436,0.0041426926,4.76,34.4552286678,0.494,3823
2.0,0.999084532261,0.000279101659544,213.003671696,0.0041426926,4.76,34.4552286678,0.494,3823
2.0,0.999169528484,0.000279224303085,213.064971954,0.0041426926,4.76,34.4552286678,0.494,3823
2.0,0.998673677444,0.000279125437373,213.126272209,0.0041426926,4.76,34.4552286678,0.494,3823
2.0,0.998957276344,0.00027912776568,213.187572461,0.0041426926,4.76,34.4552286678,0.494,3823
2.0,0.999098002911,0.000279152242001,213.24887261,0.0041426926,4.76,34.4552286678,0.494,3823
2.0,0.998870193958,0.000279130064882,213.310172857,0.0041426926,4.76,34.4552286678,0.494,3823
2.0,0.998443186283,0.000279089406831,213.371473101,0.0041426926,4.76,34.4552286678,0.494,3823
2.0,0.998327732086,0.000279123050859,213.432773342,0.0041426926,4.76,34.4552286678,0.494,3823
2.0,0.998467445374,0.000279140658677,213.49407358,0.0041426926,4.76,34.4552286678,0.494,3823
2.0,0.998005926609,0.000279091036646,213.555373815,0.0041426926,4.76,34.4552286678,0.494,3823
2.0,0.998452723026,0.000279127125395,213.616674048,0.0041426926,4.76,34.4552286678,0.494,3823
2.0,0.998951733112,0.000279127038084,213.677974378,0.0041426926,4.76,34.4552286678,0.494,3823
2.0,0.998729765415,0.000279129424598,213.739274405,0.0041426926,4.76,34.4552286678,0.494,3823
2.0,0.998170912266,0.000279063475318,213.80057473,0.0041426926,4.76,34.4552286678,0.494,3823
2.0,0.998576998711,0.000279110361589,213.861874952,0.0041426926,4.76,34.4552286678,0.494,3823
2.0,0.999046444893,0.000279250380117,213.923175171,0.0041426926,4.76,34.4552286678,0.494,3823
2.0,0.999208390713,0.00027926225448,213.984475387,0.0041426926,4.76,34.4552286678,0.494,3823
2.0,0.999018847942,0.000279301224509,214.045775501,0.0041426926,4.76,34.4552286678,0.494,3823
2.0,0.998257637024,0.000279232248431,214.107075711,0.0041426926,4.76,34.4552286678,0.494,3823
2.0,0.999551832676,0.000279291736661,214.168375819,0.0041426926,4.76,34.4552286678,0.494,3823
2.0,0.998855531216,0.000279280298855,214.229676025,0.0041426926,4.76,34.4552286678,0.494,3823
2.0,0.99919039011,0.000279293686617,214.290976227,0.0041426926,4.76,34.4552286678,0.494,3823
2.0,0.998697400093,0.000279267056612,214.352276527,0.0041426926,4.76,34.4552286678,0.494,3823
2.0,0.999153614044,0.000279298139503,214.413576724,0.0041426926,4.76,34.4552286678,0.494,3823
2.0,0.998567938805,0.000279302912531,214.474876918,0.0041426926,4.76,34.4552286678,0.494,3823
2.0,0.99890846014,0.000279283151031,214.536177109,0.0041426926,4.76,34.4552286678,0.494,3823
2.0,0.999741911888,0.000279287283774,214.597477298,0.0041426926,4.76,34.4552286678,0.494,3823
2.0,0.999451577663,0.000279326544842,214.658777384,0.0041426926,4.76,34.4552286678,0.494,3823
2.0,0.99943870306,0.000279320869595,214.720077567,0.0041426926,4.76,34.4552286678,0.494,3823
2.0,0.999423861504,0.000279315339867,214.781377748,0.0041426926,4.76,34.4552286678,0.494,3823
2.0,0.999545753002,0.000279343425063,214.842677926,0.0041426926,4.76,34.4552286678,0.494,3823
2.0,0.998935699463,0.000279338477412,214.924411492,0.0041426926,4.76,34.4552286678,0.494,3823
2.0,0.999811708927,0.000279358937405,214.985711663,0.0041426926,4.76,34.4552286678,0.494,3823
2.0,0.999493479729,0.000279329047771,215.047011832,0.0041426926,4.76,34.4552286678,0.494,3823
2.0,1.00015997887,0.000279344531009,215.108311997,0.0041426926,4.76,34.4552286678,0.494,3823
2.0,0.99924582243,0.00027929697535,215.16961216,0.0041426926,4.76,34.4552286678,0.494,3823
2.0,1.00033414364,0.000279385887552,215.230912221,0.0041426926,4.76,34.4552286678,0.494,3823
2.0,1.00036787987,0.000279367435724,215.292212378,0.0041426926,4.76,34.4552286678,0.494,3823
2.0,1.00092971325,0.000279367872281,215.353512533,0.0041426926,4.76,34.4552286678,0.494,3823
2.0,1.00052690506,0.000279392319499,215.414812685,0.0041426926,4.76,34.4552286678,0.494,3823
2.0,1.00002110004,0.000279402273009,215.476112835,0.0041426926,4.76,34.4552286678,0.494,3823
2.0,1.00047624111,0.000279388477793,215.537412981,0.0041426926,4.76,34.4552286678,0.494,3823
2.0,0.999981820583,0.000279365223832,215.598713125,0.0041426926,4.76,34.4552286678,0.494,3823
2.0,1.00060379505,0.000279395666439,215.660013266,0.0041426926,4.76,34.4552286678,0.494,3823
2.0,1.00055801868,0.000279401458101,215.721313305,0.0041426926,4.76,34.4552286678,0.494,3823
2.0,1.0012755394,0.000279454689007,215.803046918,0.0041426926,4.76,34.4552286678,0.494,3823
2.0,1.00059175491,0.000279435538687,215.86434695,0.0041426926,4.76,34.4552286678,0.494,3823
2.0,1.00106108189,0.00027942538145,215.925647079,0.0041426926,4.76,34.4552286678,0.494,3823
2.0,1.00118792057,0.000279445608612,215.986947206,0.0041426926,4.76,34.4552286678,0.494,3823
2.0,1.00145149231,0.000279473955743,216.04824733,0.0041426926,4.76,34.4552286678,0.494,3823
2.0,1.00166368484,0.00027950151707,216.109547451,0.0041426926,4.76,34.4552286678,0.494,3823
2.0,1.00139498711,0.000279480882455,216.170847569,0.0041426926,4.76,34.4552286678,0.494,3823
2.0,1.00182795525,0.00027950911317,216.232147684,0.0041426926,4.76,34.4552286678,0.494,3823
2.0,1.00114929676,0.000279481959296,216.293447797,0.0041426926,4.76,34.4552286678,0.494,3823
2.0,1.0015181303,0.000279511732515,216.354747807,0.0041426926,4.76,34.4552286678,0.494,3823
2.0,1.00151872635,0.000279557221802,216.416047915,0.0041426926,4.76,34.4552286678,0.494,3823
2.0,1.00143694878,0.000279509229586,216.477348019,0.0041426926,4.76,34.4552286678,0.494,3823
2.0,1.00238716602,0.00027954208781,216.538648121,0.0041426926,4.76,34.4552286678,0.494,3823
2.0,1.001552701,0.000279539031908,216.59994822,0.0041426926,4.76,34.4552286678,0.494,3823
2.0,1.00141274929,0.000279522500932,216.661248317,0.0041426926,4.76,34.4552286678,0.494,3823
2.0,1.00216889381,0.000279566709651,216.72254841,0.0041426926,4.76,34.4552286678,0.494,3823
2.0,1.0018903017,0.000279541040072,216.783848401,0.0041426926,4.76,34.4552286678,0.494,3823
2.0,1.00203275681,0.0002795101027,216.84514849,0.0041426926,4.76,34.4552286678,0.494,3823
2.0,1.00220298767,0.000279548286926,216.906448575,0.0041426926,4.76,34.4552286678,0.494,3823
2.0,1.00203204155,0.000279528379906,216.967748758,0.0041426926,4.76,34.4552286678,0.494,3823
2.0,1.00255000591,0.000279547588434,217.029048738,0.0041426926,4.76,34.4552286678,0.494,3823
2.0,1.00207054615,0.000279523461359,217.090348815,0.0041426926,4.76,34.4552286678,0.494,3823
2.0,1.00205087662,0.000279541971395,217.15164889,0.0041426926,4.76,34.4552286678,0.494,3823
2.0,1.00219392776,0.000279561209027,217.212948961,0.0041426926,4.76,34.4552286678,0.494,3823
2.0,1.0025883913,0.000279584608506,217.27424893,0.0041426926,4.76,34.4552286678,0.494,3823
2.0,1.00293421745,0.000279597472399,217.335548997,0.0041426926,4.76,34.4552286678,0.494,3823
2.0,1.00265574455,0.000279598752968,217.396849061,0.0041426926,4.76,34.4552286678,0.494,3823
2.0,1.00336289406,0.000279656174826,217.458149121,0.0041426926,4.76,34.4552286678,0.494,3823
2.0,1.00285732746,0.000279598316411,217.519449279,0.0041426926,4.76,34.4552286678,0.494,3823
2.0,1.00280785561,0.000279585306998,217.580749335,0.0041426926,4.76,34.4552286678,0.494,3823
2.0,1.00330579281,0.000279626605334,217.642049388,0.0041426926,4.76,34.4552286678,0.494,3823
2.0,1.00249278545,0.000279576139292,217.703349338,0.0041426926,4.76,34.4552286678,0.494,3823
2.0,1.00342154503,0.000279558415059,217.764649385,0.0041426926,4.76,34.4552286678,0.494,3823
2.0,1.00311017036,0.000279609521385,217.846382677,0.0041426926,4.76,34.4552286678,0.494,3823
2.0,1.0032068491,0.000279644882539,217.928116164,0.0041426926,4.76,34.4552286678,0.494,3823
2.0,1.00305235386,0.000279635249171,217.989416102,0.0041426926,4.76,34.4552286678,0.494,3823
2.0,1.00216794014,0.000279594125459,218.050716136,0.0041426926,4.76,34.4552286678,0.494,3823
2.0,1.00298571587,0.000279634579783,218.112016168,0.0041426926,4.76,34.4552286678,0.494,3823
2.0,1.00365543365,0.00027960020816,218.193749539,0.0041426926,4.76,34.4552286678,0.494,3823
2.0,1.00381457806,0.000279659027001,218.255049565,0.0041426926,4.76,34.4552286678,0.494,3823
2.0,1.00329887867,0.000279526080703,218.316349588,0.0041426926,4.76,34.4552286678,0.494,3823
2.0,1.00332140923,0.000279565807432,218.377649608,0.0041426926,4.76,34.4552286678,0.494,3823
2.0,1.00492465496,0.000279644184047,218.438949625,0.0041426926,4.76,34.4552286678,0.494,3823
2.0,1.00335037708,0.000279585452517,218.50024964,0.0041426926,4.76,34.4552286678,0.494,3823
2.0,1.00398695469,0.00027964785113,218.561549652,0.0041426926,4.76,34.4552286678,0.494,3823
2.0,1.00344884396,0.000279566302197,218.622849561,0.0041426926,4.76,34.4552286678,0.494,3823
2.0,1.00454318523,0.000279675237834,218.684149568,0.0041426926,4.76,34.4552286678,0.494,3823
2.0,1.00370514393,0.000279575906461,218.745449571,0.0041426926,4.76,34.4552286678,0.494,3823
2.0,1.00415742397,0.000279607018456,218.806749572,0.0041426926,4.76,34.4552286678,0.494,3823
2.0,1.00414228439,0.000279594736639,218.868049571,0.0041426926,4.76,34.4552286678,0.494,3823
2.0,1.00445067883,0.000279611413134,218.929349566,0.0041426926,4.76,34.4552286678,0.494,3823
2.0,1.00452101231,0.000279615051113,218.990649559,0.0041426926,4.76,34.4552286678,0.494,3823
2.0,1.00365436077,0.000279591826256,219.051949549,0.0041426926,4.76,34.4552286678,0.494,3823
2.0,1.00367081165,0.000279559986666,219.113249437,0.0041426926,4.76,34.4552286678,0.494,3823
2.0,1.00522959232,0.000279646017589,219.174549422,0.0041426926,4.76,34.4552286678,0.494,3823
2.0,1.00399839878,0.000279593863524,219.235849404,0.0041426926,4.76,34.4552286678,0.494,3823
2.0,1.00377309322,0.000279588071862,219.297149383,0.0041426926,4.76,34.4552286678,0.494,3823
2.0,1.00428318977,0.000279631785816,219.35844946,0.0041426926,4.76,34.4552286678,0.494,3823
2.0,1.00438570976,0.000279622239759,219.419749434,0.0041426926,4.76,34.4552286678,0.494,3823
2.0,1.01238596439,0.000281418790109,219.481049405,0.0041426926,4.76,34.4552286678,0.494,3823
2.0,1.00489461422,0.000279618951026,219.542349273,0.0041426926,4.76,34.4552286678,0.494,3823
2.0,1.00448656082,0.000279620900983,219.603649239,0.0041426926,4.76,34.4552286678,0.494,3823
2.0,1.00413668156,0.000279610540019,219.664949202,0.0041426926,4.76,34.4552286678,0.494,3823
2.0,1.00423109531,0.000279615778709,219.726249162,0.0041426926,4.76,34.4552286678,0.494,3823
2.0,1.00528466702,0.000279648142168,219.78754902,0.0041426926,4.76,34.4552286678,0.494,3823
2.0,1.00524175167,0.000279651751043,219.848849075,0.0041426926,4.76,34.4552286678,0.494,3823
2.0,1.00448811054,0.000279608881101,219.910149027,0.0041426926,4.76,34.4552286678,0.494,3823
2.0,1.00441908836,0.000279598985799,219.971448977,0.0041426926,4.76,34.4552286678,0.494,3823
2.0,1.00519680977,0.000279640924418,220.032748724,0.0041426926,4.76,34.4552286678,0.494,3823
2.0,1.00458312035,0.000279605737887,220.094048768,0.0041426926,4.76,34.4552286678,0.494,3823
2.0,1.0044298172,0.000279606261756,220.15534871,0.0041426926,4.76,34.4552286678,0.494,3823
2.0,1.00431549549,0.000279576779576,220.216648648,0.0041426926,4.76,34.4552286678,0.494,3823
2.0,1.00496006012,0.000279620842775,220.277948584,0.0041426926,4.76,34.4552286678,0.494,3823
2.0,1.00468206406,0.000279607251287,220.339248518,0.0041426926,4.76,34.4552286678,0.494,3823
2.0,1.00465238094,0.000279608473647,220.400548448,0.0041426926,4.76,34.4552286678,0.494,3823
2.0,1.00455987453,0.000279586820398,220.461848376,0.0041426926,4.76,34.4552286678,0.494,3823
2.0,1.0047441721,0.00027961411979,220.523148202,0.0041426926,4.76,34.4552286678,0.494,3823
2.0,1.00545060635,0.000279646716081,220.584448124,0.0041426926,4.76,34.4552286678,0.494,3823
2.0,1.00513291359,0.000279673869954,220.645748044,0.0041426926,4.76,34.4552286678,0.494,3823
2.0,1.00502038002,0.000279613595922,220.707047961,0.0041426926,4.76,34.4552286678,0.494,3823
2.0,1.00524663925,0.000279593543382,220.768347876,0.0041426926,4.76,34.4552286678,0.494,3823
2.0,1.00555157661,0.000279671454336,220.829647788,0.0041426926,4.76,34.4552286678,0.494,3823
2.0,1.00497698784,0.00027961426531,220.911380999,0.0041426926,4.76,34.4552286678,0.494,3823
2.0,1.00419652462,0.000279569387203,220.972680905,0.0041426926,4.76,34.4552286678,0.494,3823
2.0,1.00472950935,0.000279623724055,221.033980808,0.0041426926,4.76,34.4552286678,0.494,3823
2.0,1.00499153137,0.00027962718741,221.095280608,0.0041426926,4.76,34.4552286678,0.494,3823
2.0,1.00485360622,0.000279592553852,221.156580505,0.0041426926,4.76,34.4552286678,0.494,3823
2.0,1.00496435165,0.000279586412944,221.2178804,0.0041426926,4.76,34.4552286678,0.494,3823
2.0,1.00500380993,0.000279592350125,221.279180292,0.0041426926,4.76,34.4552286678,0.494,3823
2.0,1.00461518764,0.000279582047369,221.340480181,0.0041426926,4.76,34.4552286678,0.494,3823
2.0,1.00463891029,0.000279561820207,221.401780068,0.0041426926,4.76,34.4552286678,0.494,3823
2.0,1.00831437111,0.000281348678982,221.463079952,0.0041426926,4.76,34.4552286678,0.494,3823
2.0,1.00435292721,0.000279577943729,221.524379833,0.0041426926,4.76,34.4552286678,0.494,3823
2.0,1.00386822224,0.000279553321889,221.585679612,0.0041426926,4.76,34.4552286678,0.494,3823
2.0,1.00353014469,0.000279541971395,221.646979488,0.0041426926,4.76,34.4552286678,0.494,3823
2.0,1.00391387939,0.000279534287984,221.708279361,0.0041426926,4.76,34.4552286678,0.494,3823
2.0,1.00405919552,0.000279546511592,221.769579232,0.0041426926,4.76,34.4552286678,0.494,3823
2.0,1.00492036343,0.000279558007605,221.8308791,0.0041426926,4.76,34.4552286678,0.494,3823
2.0,1.00459861755,0.00027951260563,221.892178965,0.0041426926,4.76,34.4552286678,0.494,3823
2.0,1.00473368168,0.000279546366073,221.953478828,0.0041426926,4.76,34.4552286678,0.494,3823
2.0,1.00386762619,0.000279519212199,222.014778587,0.0041426926,4.76,34.4552286678,0.494,3823
2.0,1.00414037704,0.000279494823189,222.076078445,0.0041426926,4.76,34.4552286678,0.494,3823
2.0,1.00412869453,0.000279505591607,222.137378299,0.0041426926,4.76,34.4552286678,0.494,3823
2.0,1.00340676308,0.000279485684587,222.198678251,0.0041426926,4.76,34.4552286678,0.494,3823
2.0,1.00388681889,0.000279498693999,222.2599781,0.0041426926,4.76,34.4552286678,0.494,3823
2.0,1.00434553623,0.000279524800135,222.321277947,0.0041426926,4.76,34.4552286678,0.494,3823
2.0,1.00431251526,0.000279505969957,222.382577791,0.0041426926,4.76,34.4552286678,0.494,3823
2.0,1.00441670418,0.000279483530903,222.443877632,0.0041426926,4.76,34.4552286678,0.494,3823
2.0,1.00423371792,0.000279463856714,222.50517737,0.0041426926,4.76,34.4552286678,0.494,3823
2.0,1.00387001038,0.000279462168692,222.566477206,0.0041426926,4.76,34.4552286678,0.494,3823
2.0,1.00458109379,0.000279546831734,222.627777039,0.0041426926,4.76,34.4552286678,0.494,3823
2.0,1.00368225574,0.000279446365312,222.68907687,0.0041426926,4.76,34.4552286678,0.494,3823
2.0,1.00461661816,0.000279502302874,222.750376697,0.0041426926,4.76,34.4552286678,0.494,3823
2.0,1.00345396996,0.000279393338133,222.811676522,0.0041426926,4.76,34.4552286678,0.494,3823
2.0,1.00421261787,0.000279432191746,222.872976345,0.0041426926,4.76,34.4552286678,0.494,3823
2.0,1.00387942791,0.000279425323242,222.934276164,0.0041426926,4.76,34.4552286678,0.494,3823
2.0,1.00393259525,0.000279461266473,222.995575882,0.0041426926,4.76,34.4552286678,0.494,3823
2.0,1.00366222858,0.000279393338133,223.056875696,0.0041426926,4.76,34.4552286678,0.494,3823
2.0,1.00383448601,0.000279452651739,223.118175508,0.0041426926,4.76,34.4552286678,0.494,3823
2.0,1.00401902199,0.000279462110484,223.179475317,0.0041426926,4.76,34.4552286678,0.494,3823
2.0,1.00404465199,0.000279434636468,223.240775123,0.0041426926,4.76,34.4552286678,0.494,3823
2.0,1.00372946262,0.000279434083495,223.302074927,0.0041426926,4.76,34.4552286678,0.494,3823
2.0,1.00416100025,0.000279462285107,223.363374728,0.0041426926,4.76,34.4552286678,0.494,3823
2.0,1.00418126583,0.000279431027593,223.424674427,0.0041426926,4.76,34.4552286678,0.494,3823
2.0,1.00344288349,0.000279330502963,223.874206201,0.0041426926,4.76,34.4552286678,0.494,3823
2.0,1.00355088711,0.000279318104731,223.935505977,0.0041426926,4.76,34.4552286678,0.494,3823
2.0,1.00383150578,0.000279349507764,223.996805751,0.0041426926,4.76,34.4552286678,0.494,3823
2.0,1.00346314907,0.000279299594695,224.058105422,0.0041426926,4.76,34.4552286678,0.494,3823
2.0,1.00281882286,0.000279305968434,224.11940519,0.0041426926,4.76,34.4552286678,0.494,3823
2.0,1.00334906578,0.000279330386547,224.180704956,0.0041426926,4.76,34.4552286678,0.494,3823
2.0,1.00282430649,0.00027932447847,224.242004719,0.0041426926,4.76,34.4552286678,0.494,3823
2.0,1.00329267979,0.000279296626104,224.303304479,0.0041426926,4.76,34.4552286678,0.494,3823
2.0,1.00331175327,0.000279301631963,224.364604237,0.0041426926,4.76,34.4552286678,0.494,3823
2.0,1.00324308872,0.000279276864603,224.425903992,0.0041426926,4.76,34.4552286678,0.494,3823
2.0,1.00328946114,0.000279306346783,224.487203645,0.0041426926,4.76,34.4552286678,0.494,3823
2.0,1.00343668461,0.000279311061604,224.548503394,0.0041426926,4.76,34.4552286678,0.494,3823
2.0,1.00322568417,0.000279264961137,224.609803141,0.0041426926,4.76,34.4552286678,0.494,3823
2.0,1.00328040123,0.000279285217403,224.671102886,0.0041426926,4.76,34.4552286678,0.494,3823
2.0,1.00419056416,0.000279367901385,224.732402628,0.0041426926,4.76,34.4552286678,0.494,3823
2.0,1.00318932533,0.000279249041341,224.793702367,0.0041426926,4.76,34.4552286678,0.494,3823
2.0,1.00279283524,0.000279248051811,224.855002204,0.0041426926,4.76,34.4552286678,0.494,3823
2.0,1.0034661293,0.000279246305581,224.916301938,0.0041426926,4.76,34.4552286678,0.494,3823
2.0,1.00337779522,0.00027923937887,224.977601469,0.0041426926,4.76,34.4552286678,0.494,3823
2.0,1.00391602516,0.000279234023765,225.038901298,0.0041426926,4.76,34.4552286678,0.494,3823
2.0,1.0032980442,0.000279242434772,225.100201024,0.0041426926,4.76,34.4552286678,0.494,3823
2.0,1.00324034691,0.000279219035292,225.161500747,0.0041426926,4.76,34.4552286678,0.494,3823
2.0,1.00365841389,0.00027921385481,225.222800468,0.0041426926,4.76,34.4552286678,0.494,3823
2.0,1.00320136547,0.000279222993413,225.284100186,0.0041426926,4.76,34.4552286678,0.494,3823
2.0,1.00352919102,0.000279248837614,225.345399901,0.0041426926,4.76,34.4552286678,0.494,3823
2.0,1.00323820114,0.000279236293864,225.406699514,0.0041426926,4.76,34.4552286678,0.494,3823
2.0,1.00361776352,0.000279288913589,225.467999224,0.0041426926,4.76,34.4552286678,0.494,3823
2.0,1.00362968445,0.000279229017906,225.529298932,0.0041426926,4.76,34.4552286678,0.494,3823
2.0,1.00334489346,0.000279228028376,225.590598637,0.0041426926,4.76,34.4552286678,0.494,3823
2.0,1.00319731236,0.000279203435639,225.651898339,0.0041426926,4.76,34.4552286678,0.494,3823
2.0,1.0029784441,0.000279194850009,225.713198039,0.0041426926,4.76,34.4552286678,0.494,3823
2.0,1.00280869007,0.00027921597939,225.774497736,0.0041426926,4.76,34.4552286678,0.494,3823
2.0,1.00333333015,0.000279203319224,225.83579743,0.0041426926,4.76,34.4552286678,0.494,3823
2.0,1.00349092484,0.000279178959318,225.897097022,0.0041426926,4.76,34.4552286678,0.494,3823
2.0,1.00301992893,0.000279192783637,225.958396711,0.0041426926,4.76,34.4552286678,0.494,3823
2.0,1.00301277637,0.000279194064206,226.019696398,0.0041426926,4.76,34.4552286678,0.494,3823
2.0,1.00293445587,0.000279143627267,226.080996082,0.0041426926,4.76,34.4552286678,0.494,3823
2.0,1.00331282616,0.000279175350443,226.142295763,0.0041426926,4.76,34.4552286678,0.494,3823
2.0,1.00310254097,0.000279172178125,226.203595442,0.0041426926,4.76,34.4552286678,0.494,3823
2.0,1.00325703621,0.000279152649455,226.264895118,0.0041426926,4.76,34.4552286678,0.494,3823
2.0,1.00299012661,0.000279164873064,226.326194691,0.0041426926,4.76,34.4552286678,0.494,3823
2.0,1.00383758545,0.000279189553112,226.387494362,0.0041426926,4.76,34.4552286678,0.494,3823
2.0,1.00272405148,0.000279149942799,226.44879403,0.0041426926,4.76,34.4552286678,0.494,3823
2.0,1.00402379036,0.000279233994661,226.510093696,0.0041426926,4.76,34.4552286678,0.494,3823
2.0,1.00323987007,0.000279202969978,226.571393359,0.0041426926,4.76,34.4552286678,0.494,3823
2.0,1.0028591156,0.000279214174952,226.632693019,0.0041426926,4.76,34.4552286678,0.494,3823
2.0,1.0031979084,0.00027925579343,226.693992777,0.0041426926,4.76,34.4552286678,0.494,3823
2.0,1.00260353088,0.000279188738205,226.755292432,0.0041426926,4.76,34.4552286678,0.494,3823
2.0,1.00294780731,0.000279197265627,226.857458418,0.0041426926,4.76,34.4552286678,0.494,3823
2.0,1.00316441059,0.000279233092442,226.918758066,0.0041426926,4.76,34.4552286678,0.494,3823
2.0,1.00216710567,0.00027917951229,226.980057712,0.0041426926,4.76,34.4552286678,0.494,3823
2.0,1.00283622742,0.000279183062958,227.041357355,0.0041426926,4.76,34.4552286678,0.494,3823
2.0,1.00295841694,0.000279186904663,227.102656895,0.0041426926,4.76,34.4552286678,0.494,3823
2.0,1.00298392773,0.000279223691905,227.163956533,0.0041426926,4.76,34.4552286678,0.494,3823
2.0,1.00281846523,0.00027915686951,227.225256168,0.0041426926,4.76,34.4552286678,0.494,3823
2.0,1.00246942043,0.000279113504803,227.2865558,0.0041426926,4.76,34.4552286678,0.494,3823
2.0,1.00305998325,0.000279101921478,227.34785543,0.0041426926,4.76,34.4552286678,0.494,3823
2.0,1.00265991688,0.00027915762621,227.409155057,0.0041426926,4.76,34.4552286678,0.494,3823
2.0,1.00289511681,0.000279166473774,227.470454682,0.0041426926,4.76,34.4552286678,0.494,3823
2.0,1.00347304344,0.000279177475022,227.531754304,0.0041426926,4.76,34.4552286678,0.494,3823
2.0,1.00264501572,0.000279090716504,227.593053824,0.0041426926,4.76,34.4552286678,0.494,3823
2.0,1.00350570679,0.000279156374745,227.654353441,0.0041426926,4.76,34.4552286678,0.494,3823
2.0,1.00279951096,0.000279067549855,227.715653055,0.0041426926,4.76,34.4552286678,0.494,3823
2.0,1.00266814232,0.000279080821201,227.776952667,0.0041426926,4.76,34.4552286678,0.494,3823
2.0,1.00260353088,0.000279133411823,227.838252276,0.0041426926,4.76,34.4552286678,0.494,3823
2.0,1.00256097317,0.000279109954135,227.899551882,0.0041426926,4.76,34.4552286678,0.494,3823
2.0,1.00270330906,0.000279081752524,227.960851486,0.0041426926,4.76,34.4552286678,0.494,3823
2.0,1.0027974844,0.00027910224162,228.022150987,0.0041426926,4.76,34.4552286678,0.494,3823
2.0,1.0020493269,0.000279068714008,228.083450586,0.0041426926,4.76,34.4552286678,0.494,3823
2.0,1.0021276474,0.00027907238109,228.144750182,0.0041426926,4.76,34.4552286678,0.494,3823
2.0,1.00286591053,0.000279090221738,228.206049876,0.0041426926,4.76,34.4552286678,0.494,3823
2.0,1.00243985653,0.000279054744169,228.267349467,0.0041426926,4.76,34.4552286678,0.494,3823
2.0,1.00322818756,0.00027907488402,228.328649055,0.0041426926,4.76,34.4552286678,0.494,3823
2.0,1.00285601616,0.000279075582512,228.389948641,0.0041426926,4.76,34.4552286678,0.494,3823
2.0,1.00244188309,0.000279038067674,228.451248124,0.0041426926,4.76,34.4552286678,0.494,3823
2.0,1.00260460377,0.000279051891994,228.512547704,0.0041426926,4.76,34.4552286678,0.494,3823
2.0,1.00280785561,0.000279063766357,228.573847182,0.0041426926,4.76,34.4552286678,0.494,3823
2.0,1.00274145603,0.000279047730146,228.635146858,0.0041426926,4.76,34.4552286678,0.494,3823
2.0,1.00274419785,0.000279027444776,228.696446331,0.0041426926,4.76,34.4552286678,0.494,3823
2.0,1.00290763378,0.000279061001493,228.757745901,0.0041426926,4.76,34.4552286678,0.494,3823
2.0,1.0025960207,0.000279097410385,228.819045569,0.0041426926,4.76,34.4552286678,0.494,3823
2.0,1.00219404697,0.000279018800939,228.880345134,0.0041426926,4.76,34.4552286678,0.494,3823
2.0,1.00290477276,0.000279005413176,228.941644596,0.0041426926,4.76,34.4552286678,0.494,3823
2.0,1.00325465202,0.000279026658973,229.002944156,0.0041426926,4.76,34.4552286678,0.494,3823
2.0,1.00298142433,0.000279033032712,229.064243713,0.0041426926,4.76,34.4552286678,0.494,3823
2.0,1.00285851955,0.000278995430563,229.125543268,0.0041426926,4.76,34.4552286678,0.494,3823
2.0,1.00303304195,0.000279015599517,229.186842821,0.0041426926,4.76,34.4552286678,0.494,3823
2.0,1.00340402126,0.000279021885945,229.24814237,0.0041426926,4.76,34.4552286678,0.494,3823
2.0,1.0034070015,0.000279053434497,229.309441917,0.0041426926,4.76,34.4552286678,0.494,3823
2.0,1.00327062607,0.000279062660411,229.370741362,0.0041426926,4.76,34.4552286678,0.494,3823
2.0,1.00294077396,0.000278994906694,229.432040903,0.0041426926,4.76,34.4552286678,0.494,3823
2.0,1.00302124023,0.000278964114841,229.493340443,0.0041426926,4.76,34.4552286678,0.494,3823
2.0,1.00328028202,0.000279017316643,229.55463998,0.0041426926,4.76,34.4552286678,0.494,3823
2.0,1.00298893452,0.000279037689324,229.615939514,0.0041426926,4.76,34.4552286678,0.494,3823
2.0,1.00348126888,0.000279084692011,229.677239045,0.0041426926,4.76,34.4552286678,0.494,3823
2.0,1.00287497044,0.00027903469163,229.738538575,0.0041426926,4.76,34.4552286678,0.494,3823
2.0,1.00382018089,0.000279077328742,229.799838101,0.0041426926,4.76,34.4552286678,0.494,3823
2.0,1.00377321243,0.000279079133179,229.881570799,0.0041426926,4.76,34.4552286678,0.494,3823
2.0,1.0035610199,0.000279091240373,229.94287032,0.0041426926,4.76,34.4552286678,0.494,3823
2.0,1.00495636463,0.000279200990917,230.004169738,0.0041426926,4.76,34.4552286678,0.494,3823
2.0,1.00353860855,0.000279085565126,230.065469253,0.0041426926,4.76,34.4552286678,0.494,3823
2.0,1.00308847427,0.000279014551779,230.126768766,0.0041426926,4.76,34.4552286678,0.494,3823
2.0,1.00335991383,0.000279066734947,230.188068276,0.0041426926,4.76,34.4552286678,0.494,3823
2.0,1.00351631641,0.000279160682112,230.249367784,0.0041426926,4.76,34.4552286678,0.494,3823
2.0,0.99920797348,0.000278571940726,231.393624594,0.0041426926,4.76,34.4552286678,0.494,3823
2.0,0.999737024307,0.000278686027741,231.454924052,0.0041426926,4.76,34.4552286678,0.494,3823
2.0,0.998815119267,0.000278557301499,231.516223507,0.0041426926,4.76,34.4552286678,0.494,3823
2.0,0.999628484249,0.000278637919109,231.57752296,0.0041426926,4.76,34.4552286678,0.494,3823
2.0,0.998840212822,0.000278668536339,231.63882241,0.0041426926,4.76,34.4552286678,0.494,3823
2.0,0.999031186104,0.000278741732473,231.700121758,0.0041426926,4.76,34.4552286678,0.494,3823
2.0,0.9986115098,0.000278798193904,231.761421203,0.0041426926,4.76,34.4552286678,0.494,3823
2.0,0.99880862236,0.000278793886537,231.822720645,0.0041426926,4.76,34.4552286678,0.494,3823
2.0,0.999239444733,0.000278914230876,231.884020085,0.0041426926,4.76,34.4552286678,0.494,3823
2.0,0.999497354031,0.000278884719592,231.945319523,0.0041426926,4.76,34.4552286678,0.494,3823
2.0,0.999275028706,0.000278925901512,232.006618958,0.0041426926,4.76,34.4552286678,0.494,3823
2.0,0.999059796333,0.000278949504718,232.06791839,0.0041426926,4.76,34.4552286678,0.494,3823
2.0,0.999867677689,0.000278958847048,232.12921782,0.0041426926,4.76,34.4552286678,0.494,3823
2.0,0.99897223711,0.000278979714494,232.190517147,0.0041426926,4.76,34.4552286678,0.494,3823
2.0,0.999466121197,0.000279016385321,232.251816572,0.0041426926,4.76,34.4552286678,0.494,3823
2.0,0.998757004738,0.000279005616903,232.313115995,0.0041426926,4.76,34.4552286678,0.494,3823
2.0,0.998920142651,0.000279058382148,232.374415414,0.0041426926,4.76,34.4552286678,0.494,3823
2.0,0.998758971691,0.000279015657725,232.435714932,0.0041426926,4.76,34.4552286678,0.494,3823
2.0,0.999189674854,0.000279054685961,232.497014347,0.0041426926,4.76,34.4552286678,0.494,3823
2.0,0.999663829803,0.000279049039818,232.558313759,0.0041426926,4.76,34.4552286678,0.494,3823
2.0,0.999764859676,0.0002790754952,232.619613069,0.0041426926,4.76,34.4552286678,0.494,3823
2.0,0.999714493752,0.000279025960481,232.680912476,0.0041426926,4.76,34.4552286678,0.494,3823
2.0,0.999479293823,0.000279024563497,232.742211881,0.0041426926,4.76,34.4552286678,0.494,3823
2.0,1.00003969669,0.000279067113297,232.823944316,0.0041426926,4.76,34.4552286678,0.494,3823
2.0,0.999770581722,0.000279060506728,232.885243815,0.0041426926,4.76,34.4552286678,0.494,3823
2.0,0.999930202961,0.000279041822068,232.946543112,0.0041426926,4.76,34.4552286678,0.494,3823
2.0,1.00051081181,0.000279087107629,233.007842506,0.0041426926,4.76,34.4552286678,0.494,3823
2.0,1.00001418591,0.000279082858469,233.069141897,0.0041426926,4.76,34.4552286678,0.494,3823
2.0,1.00009346008,0.000279093015706,233.130441286,0.0041426926,4.76,34.4552286678,0.494,3823
2.0,1.00003778934,0.000279063242488,233.191740672,0.0041426926,4.76,34.4552286678,0.494,3823
2.0,0.999927282333,0.000279081461485,233.253039956,0.0041426926,4.76,34.4552286678,0.494,3823
2.0,1.00017607212,0.000279056257568,233.314339338,0.0041426926,4.76,34.4552286678,0.494,3823
2.0,1.00061738491,0.000279089028481,233.375638717,0.0041426926,4.76,34.4552286678,0.494,3823
2.0,0.99996650219,0.000279071275145,233.436938093,0.0041426926,4.76,34.4552286678,0.494,3823
2.0,0.999777913094,0.000279016967397,233.498237567,0.0041426926,4.76,34.4552286678,0.494,3823
2.0,1.0000885725,0.000279040803434,233.559536938,0.0041426926,4.76,34.4552286678,0.494,3823
2.0,0.999897062778,0.00027905011666,233.620836307,0.0041426926,4.76,34.4552286678,0.494,3823
2.0,1.00080084801,0.000279093772406,233.682135674,0.0041426926,4.76,34.4552286678,0.494,3823
2.0,1.00080084801,0.000279072322883,233.743434938,0.0041426926,4.76,34.4552286678,0.494,3823
2.0,1.0001527071,0.000279059924651,233.804734299,0.0041426926,4.76,34.4552286678,0.494,3823
2.0,1.00095283985,0.00027912601945,233.866033658,0.0041426926,4.76,34.4552286678,0.494,3823
2.0,1.0007802248,0.000279114145087,233.927333015,0.0041426926,4.76,34.4552286678,0.494,3823
2.0,1.0009458065,0.000279111467535,233.988632369,0.0041426926,4.76,34.4552286678,0.494,3823
2.0,1.00092208385,0.000279093772406,234.04993172,0.0041426926,4.76,34.4552286678,0.494,3823
2.0,1.00082373619,0.000279120635241,234.111231069,0.0041426926,4.76,34.4552286678,0.494,3823
2.0,1.00135076046,0.000279122759821,234.172530316,0.0041426926,4.76,34.4552286678,0.494,3823
2.0,1.00093257427,0.000279103667708,234.23382966,0.0041426926,4.76,34.4552286678,0.494,3823
2.0,1.00153839588,0.00027912252699,234.295129002,0.0041426926,4.76,34.4552286678,0.494,3823
2.0,1.00085568428,0.000279112078715,234.356428341,0.0041426926,4.76,34.4552286678,0.494,3823
2.0,1.00148713589,0.000279165979009,234.417727678,0.0041426926,4.76,34.4552286678,0.494,3823
2.0,1.00189948082,0.00027931749355,234.479027012,0.0041426926,4.76,34.4552286678,0.494,3823
2.0,1.00201880932,0.000279134255834,234.540326343,0.0041426926,4.76,34.4552286678,0.494,3823
2.0,1.00214290619,0.000279213651083,234.601625573,0.0041426926,4.76,34.4552286678,0.494,3823
2.0,1.00153231621,0.000279115280136,234.662924899,0.0041426926,4.76,34.4552286678,0.494,3823
2.0,1.00149416924,0.000279135274468,234.724224224,0.0041426926,4.76,34.4552286678,0.494,3823
2.0,1.00168478489,0.000279074360151,234.785523546,0.0041426926,4.76,34.4552286678,0.494,3823
2.0,1.00199341774,0.000279129162664,234.846822865,0.0041426926,4.76,34.4552286678,0.494,3823
2.0,1.00244271755,0.000279131578282,234.908122182,0.0041426926,4.76,34.4552286678,0.494,3823
2.0,1.00310111046,0.000279232132016,234.969421496,0.0041426926,4.76,34.4552286678,0.494,3823
2.0,1.00214612484,0.000279114523437,235.030720808,0.0041426926,4.76,34.4552286678,0.494,3823
2.0,1.00282180309,0.000279140251223,235.092020018,0.0041426926,4.76,34.4552286678,0.494,3823
2.0,1.00336718559,0.000279262108961,235.153319325,0.0041426926,4.76,34.4552286678,0.494,3823
2.0,1.00272345543,0.000279200990917,235.214618629,0.0041426926,4.76,34.4552286678,0.494,3823
2.0,1.00298774242,0.000279134459561,235.275918032,0.0041426926,4.76,34.4552286678,0.494,3823
2.0,1.00335693359,0.000279241416138,235.337217331,0.0041426926,4.76,34.4552286678,0.494,3823
2.0,1.00363564491,0.000279247877188,235.398516628,0.0041426926,4.76,34.4552286678,0.494,3823
2.0,1.00383555889,0.000279268977465,235.459815923,0.0041426926,4.76,34.4552286678,0.494,3823
2.0,1.00329113007,0.000279195344774,235.521115115,0.0041426926,4.76,34.4552286678,0.494,3823
2.0,1.00358653069,0.000279264611891,235.582414405,0.0041426926,4.76,34.4552286678,0.494,3823
2.0,1.00366222858,0.000279347179458,235.643713693,0.0041426926,4.76,34.4552286678,0.494,3823
2.0,1.0039755106,0.000279369560303,235.705012978,0.0041426926,4.76,34.4552286678,0.494,3823
2.0,1.00402021408,0.000279367581243,235.786745354,0.0041426926,4.76,34.4552286678,0.494,3823
2.0,1.00383293629,0.000279326632153,235.848044533,0.0041426926,4.76,34.4552286678,0.494,3823
2.0,1.0041462183,0.000279315281659,235.90934381,0.0041426926,4.76,34.4552286678,0.494,3823
2.0,1.00420463085,0.000279340863926,235.970643085,0.0041426926,4.76,34.4552286678,0.494,3823
2.0,1.00480902195,0.000279370869976,236.031942356,0.0041426926,4.76,34.4552286678,0.494,3823
2.0,1.00440192223,0.000279324623989,236.093241626,0.0041426926,4.76,34.4552286678,0.494,3823
2.0,1.00508141518,0.000279373052763,236.154540793,0.0041426926,4.76,34.4552286678,0.494,3823
2.0,1.00433790684,0.000279324594885,236.215840058,0.0041426926,4.76,34.4552286678,0.494,3823
2.0,1.00420248508,0.000279361003777,236.27713932,0.0041426926,4.76,34.4552286678,0.494,3823
2.0,1.00476562977,0.000279378902633,236.33843868,0.0041426926,4.76,34.4552286678,0.494,3823
2.0,1.00492465496,0.000279366795439,236.399737937,0.0041426926,4.76,34.4552286678,0.494,3823
2.0,1.00424814224,0.000279347528704,236.461037192,0.0041426926,4.76,34.4552286678,0.494,3823
2.0,1.00464046001,0.000279353000224,236.522336444,0.0041426926,4.76,34.4552286678,0.494,3823
2.0,1.00397098064,0.000279306463199,236.583635594,0.0041426926,4.76,34.4552286678,0.494,3823
2.0,1.00486302376,0.000279344181763,236.644934842,0.0041426926,4.76,34.4552286678,0.494,3823
2.0,1.00464236736,0.000279312487692,236.706234087,0.0041426926,4.76,34.4552286678,0.494,3823
2.0,1.00531160831,0.000279358675471,236.76753333,0.0041426926,4.76,34.4552286678,0.494,3823
2.0,1.00458955765,0.000279284809949,236.82883257,0.0041426926,4.76,34.4552286678,0.494,3823
2.0,1.00440108776,0.00027931726072,236.890131808,0.0041426926,4.76,34.4552286678,0.494,3823
2.0,1.00574314594,0.000279352068901,236.951431044,0.0041426926,4.76,34.4552286678,0.494,3823
2.0,1.00574922562,0.000279294297798,237.012730177,0.0041426926,4.76,34.4552286678,0.494,3823
2.0,1.00495016575,0.000279248633888,237.074029408,0.0041426926,4.76,34.4552286678,0.494,3823
2.0,1.0051292181,0.000279282045085,237.135328636,0.0041426926,4.76,34.4552286678,0.494,3823
2.0,1.00532162189,0.000279305619188,237.196627862,0.0041426926,4.76,34.4552286678,0.494,3823
2.0,1.00486934185,0.000279275467619,237.257927085,0.0041426926,4.76,34.4552286678,0.494,3823
2.0,1.00530123711,0.000279266008874,237.319226306,0.0041426926,4.76,34.4552286678,0.494,3823
2.0,1.00520336628,0.000279270927422,237.380525525,0.0041426926,4.76,34.4552286678,0.494,3823
2.0,1.00492286682,0.000279253814369,237.441824741,0.0041426926,4.76,34.4552286678,0.494,3823
2.0,1.00531983376,0.000279250380117,237.503123855,0.0041426926,4.76,34.4552286678,0.494,3823
2.0,1.00560557842,0.000279308704194,237.564423066,0.0041426926,4.76,34.4552286678,0.494,3823
2.0,1.00600123405,0.000279309111647,237.625722275,0.0041426926,4.76,34.4552286678,0.494,3823
2.0,1.00500714779,0.000279237283394,237.687021482,0.0041426926,4.76,34.4552286678,0.494,3823
2.0,1.00535845757,0.000279290543403,237.748320686,0.0041426926,4.76,34.4552286678,0.494,3823
2.0,1.00465941429,0.000279144645901,237.809619888,0.0041426926,4.76,34.4552286678,0.494,3823
2.0,1.00509667397,0.000279178842902,237.870919087,0.0041426926,4.76,34.4552286678,0.494,3823
2.0,1.00505387783,0.000279177678749,237.932218184,0.0041426926,4.76,34.4552286678,0.494,3823
2.0,1.00468933582,0.000279141298961,237.993517378,0.0041426926,4.76,34.4552286678,0.494,3823
2.0,1.00454282761,0.000279151339782,238.054816571,0.0041426926,4.76,34.4552286678,0.494,3823
2.0,1.00560259819,0.000279221188975,238.11611576,0.0041426926,4.76,34.4552286678,0.494,3823
2.0,1.00522494316,0.000279192638118,238.177415048,0.0041426926,4.76,34.4552286678,0.494,3823
2.0,1.00499296188,0.000279192521702,238.238714233,0.0041426926,4.76,34.4552286678,0.494,3823
2.0,1.00541698933,0.000279222498648,238.300013415,0.0041426926,4.76,34.4552286678,0.494,3823
2.0,1.00531744957,0.000279199128272,238.361312496,0.0041426926,4.76,34.4552286678,0.494,3823
2.0,1.00551939011,0.000279218540527,238.422611673,0.0041426926,4.76,34.4552286678,0.494,3823
2.0,1.00558018684,0.00027918163687,238.483910849,0.0041426926,4.76,34.4552286678,0.494,3823
2.0,1.00529825687,0.000279168918496,238.545210022,0.0041426926,4.76,34.4552286678,0.494,3823
2.0,1.00546717644,0.000279180618236,238.606509193,0.0041426926,4.76,34.4552286678,0.494,3823
2.0,1.00503849983,0.00027912951191,238.667808361,0.0041426926,4.76,34.4552286678,0.494,3823
2.0,1.0051163435,0.000279135245364,238.729107527,0.0041426926,4.76,34.4552286678,0.494,3823
2.0,1.00510013103,0.000279142492218,238.810839645,0.0041426926,4.76,34.4552286678,0.494,3823
2.0,1.00435948372,0.000279091240373,238.872138805,0.0041426926,4.76,34.4552286678,0.494,3823
2.0,1.00500309467,0.000279129191767,238.933437963,0.0041426926,4.76,34.4552286678,0.494,3823
2.0,1.00381469727,0.000279084109934,238.994737019,0.0041426926,4.76,34.4552286678,0.494,3823
2.0,1.00390338898,0.000279089494143,239.056036172,0.0041426926,4.76,34.4552286678,0.494,3823
2.0,1.00443708897,0.000279126834357,239.117335323,0.0041426926,4.76,34.4552286678,0.494,3823
2.0,1.00509011745,0.000279140571365,239.178634571,0.0041426926,4.76,34.4552286678,0.494,3823
2.0,1.00451529026,0.000279114407022,239.239933718,0.0041426926,4.76,34.4552286678,0.494,3823
2.0,1.00415253639,0.000279102532659,239.301232861,0.0041426926,4.76,34.4552286678,0.494,3823
2.0,1.0049725771,0.000279127736576,239.362532003,0.0041426926,4.76,34.4552286678,0.494,3823
2.0,1.00430691242,0.000279070198303,239.423831042,0.0041426926,4.76,34.4552286678,0.494,3823
2.0,1.00354015827,0.000279041822068,239.485130178,0.0041426926,4.76,34.4552286678,0.494,3823
2.0,1.0038818121,0.000279079307802,239.546429313,0.0041426926,4.76,34.4552286678,0.494,3823
2.0,1.0039434433,0.000279047322692,239.607728445,0.0041426926,4.76,34.4552286678,0.494,3823
2.0,1.00456893444,0.000279098196188,239.669027574,0.0041426926,4.76,34.4552286678,0.494,3823
2.0,1.00363659859,0.000279066502117,239.730326702,0.0041426926,4.76,34.4552286678,0.494,3823
2.0,1.00391387939,0.000279042636976,239.791625827,0.0041426926,4.76,34.4552286678,0.494,3823
2.0,1.00358581543,0.000279060332105,239.852924849,0.0041426926,4.76,34.4552286678,0.494,3823
2.0,1.00378847122,0.000279038882582,239.91422397,0.0041426926,4.76,34.4552286678,0.494,3823
2.0,1.00420200825,0.000279059720924,239.975523087,0.0041426926,4.76,34.4552286678,0.494,3823
2.0,1.0039203167,0.000279017694993,240.036822203,0.0041426926,4.76,34.4552286678,0.494,3823
2.0,1.00374031067,0.000279045721982,240.098121316,0.0041426926,4.76,34.4552286678,0.494,3823
2.0,1.00273907185,0.000279017607681,240.159420427,0.0041426926,4.76,34.4552286678,0.494,3823
2.0,1.00296866894,0.0002790185099,240.220719536,0.0041426926,4.76,34.4552286678,0.494,3823
2.0,1.00338387489,0.00027900969144,240.282018542,0.0041426926,4.76,34.4552286678,0.494,3823
2.0,1.00307953358,0.00027900756686,240.343317646,0.0041426926,4.76,34.4552286678,0.494,3823
2.0,1.00346028805,0.000279034895357,240.42504988,0.0041426926,4.76,34.4552286678,0.494,3823
2.0,1.00275349617,0.000278991123196,240.486348879,0.0041426926,4.76,34.4552286678,0.494,3823
2.0,1.00341928005,0.000279048515949,240.547647975,0.0041426926,4.76,34.4552286678,0.494,3823
2.0,1.00311076641,0.000279028899968,240.608947068,0.0041426926,4.76,34.4552286678,0.494,3823
2.0,1.00356733799,0.00027905224124,240.67024616,0.0041426926,4.76,34.4552286678,0.494,3823
2.0,1.00344598293,0.000278996973066,240.731545249,0.0041426926,4.76,34.4552286678,0.494,3823
2.0,1.00273644924,0.000278983294265,240.792844336,0.0041426926,4.76,34.4552286678,0.494,3823
2.0,1.00360953808,0.000278975785477,240.85414342,0.0041426926,4.76,34.4552286678,0.494,3823
2.0,1.00320625305,0.000278963067103,240.915442402,0.0041426926,4.76,34.4552286678,0.494,3823
2.0,1.00276339054,0.000278968538623,240.976741482,0.0041426926,4.76,34.4552286678,0.494,3823
2.0,1.00254940987,0.000278979190625,241.038040559,0.0041426926,4.76,34.4552286678,0.494,3823
2.0,1.00256168842,0.000278986495687,241.099339634,0.0041426926,4.76,34.4552286678,0.494,3823
2.0,1.00219845772,0.000278959749267,241.160638707,0.0041426926,4.76,34.4552286678,0.494,3823
2.0,1.00218558311,0.000278903462458,241.221937778,0.0041426926,4.76,34.4552286678,0.494,3823
2.0,1.00242447853,0.000278925028397,241.283236946,0.0041426926,4.76,34.4552286678,0.494,3823
2.0,1.00155317783,0.000278900959529,241.344535812,0.0041426926,4.76,34.4552286678,0.494,3823
2.0,1.00188827515,0.000278889550827,241.405834875,0.0041426926,4.76,34.4552286678,0.494,3823
2.0,1.00191342831,0.000278883700958,241.467134036,0.0041426926,4.76,34.4552286678,0.494,3823
2.0,1.00136244297,0.000278840074316,241.528433095,0.0041426926,4.76,34.4552286678,0.494,3823
2.0,1.00157034397,0.00027888972545,241.589732152,0.0041426926,4.76,34.4552286678,0.494,3823
2.0,1.0020108223,0.000278897554381,241.651031206,0.0041426926,4.76,34.4552286678,0.494,3823
2.0,1.0022932291,0.000278894091025,241.712330158,0.0041426926,4.76,34.4552286678,0.494,3823
2.0,1.00148808956,0.000278859602986,241.794062224,0.0041426926,4.76,34.4552286678,0.494,3823
2.0,1.00183582306,0.000278921128483,241.855361271,0.0041426926,4.76,34.4552286678,0.494,3823
2.0,1.00145220757,0.000278847786831,241.916660215,0.0041426926,4.76,34.4552286678,0.494,3823
2.0,1.00172710419,0.000278853316559,241.977959257,0.0041426926,4.76,34.4552286678,0.494,3823
2.0,1.00080549717,0.000278834835626,242.039258296,0.0041426926,4.76,34.4552286678,0.494,3823
2.0,1.00142157078,0.000278812425677,242.100557334,0.0041426926,4.76,34.4552286678,0.494,3823
2.0,1.00178480148,0.000278843945125,242.161856369,0.0041426926,4.76,34.4552286678,0.494,3823
2.0,1.00178813934,0.000278864463326,242.223155402,0.0041426926,4.76,34.4552286678,0.494,3823
2.0,1.00098598003,0.000278816063656,242.284454433,0.0041426926,4.76,34.4552286678,0.494,3823
2.0,1.00158762932,0.000278832972981,242.345753361,0.0041426926,4.76,34.4552286678,0.494,3823
2.0,1.00103366375,0.000278785679257,242.407052387,0.0041426926,4.76,34.4552286678,0.494,3823
2.0,1.00017213821,0.000278757623164,242.468351511,0.0041426926,4.76,34.4552286678,0.494,3823
2.0,1.00099849701,0.000278799416265,242.550083438,0.0041426926,4.76,34.4552286678,0.494,3823
2.0,1.00076019764,0.000278753199382,242.611382457,0.0041426926,4.76,34.4552286678,0.494,3823
2.0,1.00049829483,0.000278733466985,242.672681473,0.0041426926,4.76,34.4552286678,0.494,3823
2.0,1.00037801266,0.000278741354123,242.733980487,0.0041426926,4.76,34.4552286678,0.494,3823
2.0,1.00025975704,0.000278730760328,242.795279498,0.0041426926,4.76,34.4552286678,0.494,3823
2.0,1.00050008297,0.00027878273977,242.856578607,0.0041426926,4.76,34.4552286678,0.494,3823
2.0,1.00053775311,0.000278746330878,242.917877614,0.0041426926,4.76,34.4552286678,0.494,3823
2.0,1.00023114681,0.000278747233097,242.979176519,0.0041426926,4.76,34.4552286678,0.494,3823
2.0,1.00030457973,0.000278732157312,243.040475522,0.0041426926,4.76,34.4552286678,0.494,3823
2.0,1.00142705441,0.000278843130218,243.101774522,0.0041426926,4.76,34.4552286678,0.494,3823
2.0,1.00057637691,0.000278750841971,243.16307352,0.0041426926,4.76,34.4552286678,0.494,3823
2.0,0.999994754791,0.000278724968666,243.224372415,0.0041426926,4.76,34.4552286678,0.494,3823
2.0,1.00038778782,0.000278703548247,243.285671409,0.0041426926,4.76,34.4552286678,0.494,3823
2.0,1.00015151501,0.000278746098047,243.3469705,0.0041426926,4.76,34.4552286678,0.494,3823
2.0,0.999553442001,0.000278740539216,243.408269289,0.0041426926,4.76,34.4552286678,0.494,3823
2.0,1.00021636486,0.000278714782326,243.469568275,0.0041426926,4.76,34.4552286678,0.494,3823
2.0,1.00050580502,0.000278707739199,243.53086736,0.0041426926,4.76,34.4552286678,0.494,3823
2.0,1.0001745224,0.000278729770798,243.592166342,0.0041426926,4.76,34.4552286678,0.494,3823
2.0,1.00018525124,0.000278730789432,243.653465322,0.0041426926,4.76,34.4552286678,0.494,3823
2.0,1.00073373318,0.00027877278626,243.714764299,0.0041426926,4.76,34.4552286678,0.494,3823
2.0,1.00035226345,0.000278744992102,243.776063275,0.0041426926,4.76,34.4552286678,0.494,3823
2.0,1.00039374828,0.0002787328267,243.837362148,0.0041426926,4.76,34.4552286678,0.494,3823
2.0,1.00063920021,0.000278724211967,243.898661119,0.0041426926,4.76,34.4552286678,0.494,3823
2.0,0.999821186066,0.000278708757833,243.959960087,0.0041426926,4.76,34.4552286678,0.494,3823
2.0,1.00020885468,0.000278713327134,244.021259054,0.0041426926,4.76,34.4552286678,0.494,3823
2.0,0.999561488628,0.000278694176814,244.082558018,0.0041426926,4.76,34.4552286678,0.494,3823
2.0,1.00005567074,0.000278721476207,244.14385698,0.0041426926,4.76,34.4552286678,0.494,3823
2.0,0.999554336071,0.000278680556221,244.205155939,0.0041426926,4.76,34.4552286678,0.494,3823
2.0,0.998832166195,0.000278697436443,244.266454797,0.0041426926,4.76,34.4552286678,0.494,3823
2.0,0.999586880207,0.000278709107079,244.327753752,0.0041426926,4.76,34.4552286678,0.494,3823
2.0,0.999208748341,0.000278680352494,244.389052705,0.0041426926,4.76,34.4552286678,0.494,3823
2.0,0.99898481369,0.000278687220998,244.450351656,0.0041426926,4.76,34.4552286678,0.494,3823
2.0,0.9997356534,0.000278676190646,244.511650604,0.0041426926,4.76,34.4552286678,0.494,3823
2.0,0.999485969543,0.000278704130324,244.57294955,0.0041426926,4.76,34.4552286678,0.494,3823
2.0,0.999539911747,0.000278696097666,244.634248494,0.0041426926,4.76,34.4552286678,0.494,3823
2.0,0.999184250832,0.000278712046565,244.695547336,0.0041426926,4.76,34.4552286678,0.494,3823
2.0,0.999192416668,0.000278665393125,244.777279355,0.0041426926,4.76,34.4552286678,0.494,3823
2.0,0.99894541502,0.000278657767922,244.838578192,0.0041426926,4.76,34.4552286678,0.494,3823
2.0,0.998920142651,0.000278655032162,244.899877126,0.0041426926,4.76,34.4552286678,0.494,3823
2.0,0.998949706554,0.000278658611933,244.961176058,0.0041426926,4.76,34.4552286678,0.494,3823
2.0,0.999232530594,0.000278685009107,245.022474988,0.0041426926,4.76,34.4552286678,0.494,3823
2.0,0.998848319054,0.000278682215139,245.083773916,0.0041426926,4.76,34.4552286678,0.494,3823
2.0,0.998497009277,0.000278659630567,245.145072842,0.0041426926,4.76,34.4552286678,0.494,3823
2.0,0.998361468315,0.000278669263935,245.206371765,0.0041426926,4.76,34.4552286678,0.494,3823
2.0,0.998144030571,0.000278633844573,245.267670586,0.0041426926,4.76,34.4552286678,0.494,3823
2.0,0.998288571835,0.000278669816907,245.328969505,0.0041426926,4.76,34.4552286678,0.494,3823
2.0,0.998191177845,0.00027865084121,245.390268422,0.0041426926,4.76,34.4552286678,0.494,3823
2.0,0.99831789732,0.000278675550362,245.451567336,0.0041426926,4.76,34.4552286678,0.494,3823
2.0,0.998376011848,0.000278763414826,245.512866249,0.0041426926,4.76,34.4552286678,0.494,3823
2.0,0.997852087021,0.000278650637483,245.574165159,0.0041426926,4.76,34.4552286678,0.494,3823
2.0,0.998409330845,0.000278668245301,245.635464067,0.0041426926,4.76,34.4552286678,0.494,3823
2.0,0.998272836208,0.000278669700492,245.696763072,0.0041426926,4.76,34.4552286678,0.494,3823
2.0,0.997569382191,0.000278647872619,245.758061776,0.0041426926,4.76,34.4552286678,0.494,3823
2.0,0.997648596764,0.000278656109003,245.819360777,0.0041426926,4.76,34.4552286678,0.494,3823
2.0,0.998507976532,0.000278687366517,245.880659677,0.0041426926,4.76,34.4552286678,0.494,3823
2.0,0.998346984386,0.000278681865893,245.962391439,0.0041426926,4.76,34.4552286678,0.494,3823
2.0,0.998274326324,0.000278666499071,246.023690333,0.0041426926,4.76,34.4552286678,0.494,3823
2.0,0.997988760471,0.000278655468719,246.084989225,0.0041426926,4.76,34.4552286678,0.494,3823
2.0,0.998416125774,0.000278690073173,246.146288214,0.0041426926,4.76,34.4552286678,0.494,3823
2.0,0.99724406004,0.000278612453258,246.228019964,0.0041426926,4.76,34.4552286678,0.494,3823
2.0,0.998470246792,0.000278757070191,246.289318848,0.0041426926,4.76,34.4552286678,0.494,3823
2.0,0.997483551502,0.000278691702988,246.350617731,0.0041426926,4.76,34.4552286678,0.494,3823
2.0,0.997739255428,0.00027865867014,246.411916611,0.0041426926,4.76,34.4552286678,0.494,3823
2.0,0.997841238976,0.000278661114862,246.473215389,0.0041426926,4.76,34.4552286678,0.494,3823
2.0,0.997904777527,0.000278671213891,246.534514265,0.0041426926,4.76,34.4552286678,0.494,3823
2.0,0.997193813324,0.000278642022749,246.595813139,0.0041426926,4.76,34.4552286678,0.494,3823
2.0,0.997589051723,0.000278642924968,246.65711201,0.0041426926,4.76,34.4552286678,0.494,3823
2.0,0.997697293758,0.000278625317151,246.71841088,0.0041426926,4.76,34.4552286678,0.494,3823
2.0,0.99807280302,0.000278649589745,246.779709747,0.0041426926,4.76,34.4552286678,0.494,3823
2.0,0.997560143471,0.00027865904849,246.841008612,0.0041426926,4.76,34.4552286678,0.494,3823
2.0,0.997021734715,0.000278614956187,246.902307375,0.0041426926,4.76,34.4552286678,0.494,3823
2.0,0.997513949871,0.000278629158856,246.963606236,0.0041426926,4.76,34.4552286678,0.494,3823
2.0,0.997767746449,0.000278679915937,247.024905094,0.0041426926,4.76,34.4552286678,0.494,3823
2.0,0.997753798962,0.000278666702798,247.086203951,0.0041426926,4.76,34.4552286678,0.494,3823
2.0,0.997585952282,0.000278629624518,247.147502905,0.0041426926,4.76,34.4552286678,0.494,3823
2.0,0.997589290142,0.00027864149888,247.208801757,0.0041426926,4.76,34.4552286678,0.494,3823
2.0,0.997901022434,0.000278677704046,247.270100607,0.0041426926,4.76,34.4552286678,0.494,3823
2.0,0.997432231903,0.000278658175375,247.331399355,0.0041426926,4.76,34.4552286678,0.494,3823
2.0,0.995839357376,0.000278603780316,247.392698201,0.0041426926,4.76,34.4552286678,0.494,3823
2.0,0.996032238007,0.000278620747849,247.453997044,0.0041426926,4.76,34.4552286678,0.494,3823
2.0,0.996272325516,0.000278633000562,247.515295886,0.0041426926,4.76,34.4552286678,0.494,3823
2.0,0.996927917004,0.000278650812106,247.576594725,0.0041426926,4.76,34.4552286678,0.494,3823
2.0,0.997201800346,0.000278665393125,247.637893462,0.0041426926,4.76,34.4552286678,0.494,3823
2.0,0.996346235275,0.000278612802504,247.719625242,0.0041426926,4.76,34.4552286678,0.494,3823
2.0,0.997010111809,0.000278652791167,247.780924074,0.0041426926,4.76,34.4552286678,0.494,3823
2.0,0.997044801712,0.000278672581771,247.883088789,0.0041426926,4.76,34.4552286678,0.494,3823
2.0,0.996054887772,0.000278626161162,247.944387616,0.0041426926,4.76,34.4552286678,0.494,3823
2.0,0.9969804883,0.000278652674751,248.00568644,0.0041426926,4.76,34.4552286678,0.494,3823
2.0,0.997529625893,0.000278663064819,248.066985262,0.0041426926,4.76,34.4552286678,0.494,3823
2.0,0.996658504009,0.000278633757262,248.128284082,0.0041426926,4.76,34.4552286678,0.494,3823
2.0,0.996390163898,0.000278637598967,248.1895829,0.0041426926,4.76,34.4552286678,0.494,3823
2.0,0.99702912569,0.00027866527671,248.271314655,0.0041426926,4.76,34.4552286678,0.494,3823
2.0,0.997438728809,0.00027866041637,248.332613468,0.0041426926,4.76,34.4552286678,0.494,3823
2.0,0.996741294861,0.000278619787423,248.393912178,0.0041426926,4.76,34.4552286678,0.494,3823
2.0,0.997029960155,0.000278651947156,248.455210987,0.0041426926,4.76,34.4552286678,0.494,3823
2.0,0.997323989868,0.00027864126605,248.516509794,0.0041426926,4.76,34.4552286678,0.494,3823
2.0,0.997020602226,0.000278622144833,248.577808598,0.0041426926,4.76,34.4552286678,0.494,3823
2.0,0.996912360191,0.00027863678406,248.639107401,0.0041426926,4.76,34.4552286678,0.494,3823
2.0,0.996978998184,0.00027867287281,248.700406201,0.0041426926,4.76,34.4552286678,0.494,3823
2.0,0.996713995934,0.000278648309177,248.761705,0.0041426926,4.76,34.4552286678,0.494,3823
2.0,0.996859788895,0.000278634572169,248.823003696,0.0041426926,4.76,34.4552286678,0.494,3823
2.0,0.997408747673,0.000278673163848,248.88430249,0.0041426926,4.76,34.4552286678,0.494,3823
2.0,0.997150838375,0.000278659921605,248.945601282,0.0041426926,4.76,34.4552286678,0.494,3823
2.0,0.996397435665,0.000278630846879,249.006900072,0.0041426926,4.76,34.4552286678,0.494,3823
2.0,0.996763586998,0.000278657651506,249.068198859,0.0041426926,4.76,34.4552286678,0.494,3823
2.0,0.997311353683,0.00027869315818,249.129497645,0.0041426926,4.76,34.4552286678,0.494,3823
2.0,0.996545910835,0.000278656894807,249.190796428,0.0041426926,4.76,34.4552286678,0.494,3823
2.0,0.997118294239,0.000278675346635,249.25209511,0.0041426926,4.76,34.4552286678,0.494,3823
2.0,0.997061669827,0.000278690189589,249.313393889,0.0041426926,4.76,34.4552286678,0.494,3823
2.0,0.996460556984,0.000278688734397,249.374692667,0.0041426926,4.76,34.4552286678,0.494,3823
2.0,0.996394991875,0.000278651015833,249.435991442,0.0041426926,4.76,34.4552286678,0.494,3823
2.0,0.997305631638,0.000278684397927,249.497290215,0.0041426926,4.76,34.4552286678,0.494,3823
2.0,0.996745884418,0.000278649735264,249.558588986,0.0041426926,4.76,34.4552286678,0.494,3823
2.0,0.997209608555,0.000278706633253,249.619887755,0.0041426926,4.76,34.4552286678,0.494,3823
2.0,0.996566832066,0.00027865319862,249.681186422,0.0041426926,4.76,34.4552286678,0.494,3823
2.0,0.997753441334,0.000278710765997,249.742485187,0.0041426926,4.76,34.4552286678,0.494,3823
2.0,0.997436821461,0.000278675754089,249.80378395,0.0041426926,4.76,34.4552286678,0.494,3823
2.0,0.996818006039,0.000278687104583,249.86508271,0.0041426926,4.76,34.4552286678,0.494,3823
2.0,0.997198820114,0.00027867560857,249.926381469,0.0041426926,4.76,34.4552286678,0.494,3823
2.0,0.997715711594,0.000278687715763,249.987680226,0.0041426926,4.76,34.4552286678,0.494,3823
2.0,0.997768580914,0.000278707157122,250.04897908,0.0041426926,4.76,34.4552286678,0.494,3823
2.0,0.997847080231,0.000278717256151,250.110277833,0.0041426926,4.76,34.4552286678,0.494,3823
2.0,0.997031748295,0.000278688879916,250.171576383,0.0041426926,4.76,34.4552286678,0.494,3823
2.0,0.997527480125,0.000278717488982,250.232875231,0.0041426926,4.76,34.4552286678,0.494,3823
2.0,0.997575223446,0.000278728257399,250.294173977,0.0041426926,4.76,34.4552286678,0.494,3823
2.0,0.997971057892,0.000278754363535,250.355472722,0.0041426926,4.76,34.4552286678,0.494,3823
2.0,0.99768191576,0.000278727617115,250.416771464,0.0041426926,4.76,34.4552286678,0.494,3823
2.0,0.997361660004,0.00027867036988,250.478070204,0.0041426926,4.76,34.4552286678,0.494,3823
2.0,0.997451484203,0.000278715626337,250.539368842,0.0041426926,4.76,34.4552286678,0.494,3823
2.0,0.99697470665,0.000278720224742,250.600667478,0.0041426926,4.76,34.4552286678,0.494,3823
2.0,0.997139632702,0.000278720195638,250.661966312,0.0041426926,4.76,34.4552286678,0.494,3823
2.0,0.997923076153,0.000278772116872,250.743697854,0.0041426926,4.76,34.4552286678,0.494,3823
2.0,0.997099936008,0.000278713559965,250.804996583,0.0041426926,4.76,34.4552286678,0.494,3823
2.0,0.996667385101,0.000278736930341,250.86629531,0.0041426926,4.76,34.4552286678,0.494,3823
2.0,0.997354626656,0.000278740772046,250.927594036,0.0041426926,4.76,34.4552286678,0.494,3823
2.0,0.998219072819,0.000278887455352,250.988892759,0.0041426926,4.76,34.4552286678,0.494,3823
2.0,0.997923135757,0.000278875348158,251.05019148,0.0041426926,4.76,34.4552286678,0.494,3823
2.0,0.997225522995,0.000278845516732,251.111490299,0.0041426926,4.76,34.4552286678,0.494,3823
2.0,0.997933089733,0.000278865190921,251.172788816,0.0041426926,4.76,34.4552286678,0.494,3823
2.0,0.996888279915,0.000278796011116,251.234087631,0.0041426926,4.76,34.4552286678,0.494,3823
2.0,0.997484505177,0.000278870778857,251.295386344,0.0041426926,4.76,34.4552286678,0.494,3823
2.0,0.996669232845,0.000278851395706,251.356685055,0.0041426926,4.76,34.4552286678,0.494,3823
2.0,0.998189866543,0.000278898747638,251.417983764,0.0041426926,4.76,34.4552286678,0.494,3823
2.0,0.998187959194,0.000278894440271,251.47928247,0.0041426926,4.76,34.4552286678,0.494,3823
2.0,0.997987210751,0.000278878695099,251.540581175,0.0041426926,4.76,34.4552286678,0.494,3823
2.0,0.997597098351,0.000278894032817,251.601879778,0.0041426926,4.76,34.4552286678,0.494,3823
2.0,0.998187303543,0.000278936931863,251.663178479,0.0041426926,4.76,34.4552286678,0.494,3823
2.0,0.998641133308,0.000278927589534,251.724477178,0.0041426926,4.76,34.4552286678,0.494,3823
2.0,0.998343110085,0.000278927007457,251.785775875,0.0041426926,4.76,34.4552286678,0.494,3823
2.0,0.998076379299,0.000278926134342,251.84707457,0.0041426926,4.76,34.4552286678,0.494,3823
2.0,0.998325109482,0.00027895704261,251.908373262,0.0041426926,4.76,34.4552286678,0.494,3823
2.0,0.998810648918,0.000278970226645,251.969671953,0.0041426926,4.76,34.4552286678,0.494,3823
2.0,0.998743951321,0.000278952356894,252.030970542,0.0041426926,4.76,34.4552286678,0.494,3823
2.0,0.998984754086,0.000278970255749,252.092269229,0.0041426926,4.76,34.4552286678,0.494,3823
2.0,0.999038875103,0.000279018655419,252.153567914,0.0041426926,4.76,34.4552286678,0.494,3823
2.0,0.998799800873,0.000279002357274,252.214866596,0.0041426926,4.76,34.4552286678,0.494,3823
2.0,0.998941242695,0.000279019703157,252.276165277,0.0041426926,4.76,34.4552286678,0.494,3823
2.0,0.999012351036,0.000278997293208,252.337463956,0.0041426926,4.76,34.4552286678,0.494,3823
2.0,0.999395132065,0.000278991297819,252.398762633,0.0041426926,4.76,34.4552286678,0.494,3823
2.0,0.99972653389,0.000278998486465,252.460061208,0.0041426926,4.76,34.4552286678,0.494,3823
2.0,0.999788343906,0.00027898242115,252.521359881,0.0041426926,4.76,34.4552286678,0.494,3823
2.0,0.998913288116,0.000278949504718,252.582658552,0.0041426926,4.76,34.4552286678,0.494,3823
2.0,0.999130785465,0.000278960273135,252.643957221,0.0041426926,4.76,34.4552286678,0.494,3823
2.0,0.999902844429,0.000278978783172,252.705255888,0.0041426926,4.76,34.4552286678,0.494,3823
2.0,0.999994933605,0.000278982683085,252.766554553,0.0041426926,4.76,34.4552286678,0.494,3823
2.0,0.99959641695,0.000279008847428,252.827853216,0.0041426926,4.76,34.4552286678,0.494,3823
2.0,0.999032437801,0.00027900718851,252.889151777,0.0041426926,4.76,34.4552286678,0.494,3823
2.0,0.999218642712,0.000278993480606,252.950450436,0.0041426926,4.76,34.4552286678,0.494,3823
2.0,0.998834192753,0.000278991123196,253.011749093,0.0041426926,4.76,34.4552286678,0.494,3823
2.0,0.999142467976,0.000279012514511,253.073047848,0.0041426926,4.76,34.4552286678,0.494,3823
2.0,0.999966979027,0.000279088329989,253.134346501,0.0041426926,4.76,34.4552286678,0.494,3823
2.0,0.999549329281,0.000279061758192,253.195645152,0.0041426926,4.76,34.4552286678,0.494,3823
2.0,0.999410152435,0.000279028812656,253.256943801,0.0041426926,4.76,34.4552286678,0.494,3823
2.0,0.999216139317,0.000279035361018,253.318242349,0.0041426926,4.76,34.4552286678,0.494,3823
2.0,1.00014734268,0.000279087078525,253.379540994,0.0041426926,4.76,34.4552286678,0.494,3823
2.0,1.00024414062,0.000279091240373,253.440839638,0.0041426926,4.76,34.4552286678,0.494,3823
2.0,1.00096607208,0.00027917441912,253.502138279,0.0041426926,4.76,34.4552286678,0.494,3823
2.0,0.999853432178,0.000279082683846,253.563436919,0.0041426926,4.76,34.4552286678,0.494,3823
2.0,1.00009274483,0.00027912700898,253.624735556,0.0041426926,4.76,34.4552286678,0.494,3823
2.0,1.00082981586,0.000279133528238,253.70646697,0.0041426926,4.76,34.4552286678,0.494,3823
2.0,1.00002729893,0.000279102736386,253.767765603,0.0041426926,4.76,34.4552286678,0.494,3823
2.0,0.999673843384,0.000279101281194,253.829064234,0.0041426926,4.76,34.4552286678,0.494,3823
2.0,0.999514758587,0.000279060041066,253.890362763,0.0041426926,4.76,34.4552286678,0.494,3823
2.0,1.0004119873,0.000279099360341,253.95166139,0.0041426926,4.76,34.4552286678,0.494,3823
2.0,0.99957638979,0.000279087980743,254.012960015,0.0041426926,4.76,34.4552286678,0.494,3823
2.0,1.00013899803,0.000279122439679,254.074258739,0.0041426926,4.76,34.4552286678,0.494,3823
2.0,1.00046360493,0.00027910497738,254.13555736,0.0041426926,4.76,34.4552286678,0.494,3823
2.0,1.00002038479,0.000279133353615,254.19685598,0.0041426926,4.76,34.4552286678,0.494,3823
2.0,0.999883711338,0.000279140047496,254.258154597,0.0041426926,4.76,34.4552286678,0.494,3823
2.0,1.00039577484,0.000279137660982,254.319453113,0.0041426926,4.76,34.4552286678,0.494,3823
2.0,0.999880135059,0.000279131898424,254.380751726,0.0041426926,4.76,34.4552286678,0.494,3823
2.0,1.00028312206,0.000279146712273,254.442050338,0.0041426926,4.76,34.4552286678,0.494,3823
2.0,1.0003708601,0.000279182131635,254.503348948,0.0041426926,4.76,34.4552286678,0.494,3823
2.0,1.00028371811,0.00027915489045,254.564647556,0.0041426926,4.76,34.4552286678,0.494,3823
2.0,1.00021731853,0.000279170460999,254.625946162,0.0041426926,4.76,34.4552286678,0.494,3823
2.0,1.00001192093,0.000279134343145,254.687244766,0.0041426926,4.76,34.4552286678,0.494,3823
2.0,1.00102543831,0.000279134896118,254.748543268,0.0041426926,4.76,34.4552286678,0.494,3823
2.0,1.00042140484,0.000279144209344,254.809841869,0.0041426926,4.76,34.4552286678,0.494,3823
2.0,1.00079643726,0.000279171945294,254.871140467,0.0041426926,4.76,34.4552286678,0.494,3823
2.0,1.00094616413,0.00027918611886,254.932439064,0.0041426926,4.76,34.4552286678,0.494,3823
2.0,1.0009239912,0.000279228406725,254.993737658,0.0041426926,4.76,34.4552286678,0.494,3823
2.0,1.00021147728,0.00027916074032,255.055036251,0.0041426926,4.76,34.4552286678,0.494,3823
2.0,1.00105071068,0.000279193103779,255.116334842,0.0041426926,4.76,34.4552286678,0.494,3823
2.0,1.00061666965,0.000279186788248,255.17763343,0.0041426926,4.76,34.4552286678,0.494,3823
2.0,1.00105679035,0.000279182451777,255.238931918,0.0041426926,4.76,34.4552286678,0.494,3823
2.0,1.00100374222,0.000279167084955,255.300230503,0.0041426926,4.76,34.4552286678,0.494,3823
2.0,1.00146341324,0.000279146595858,255.361529086,0.0041426926,4.76,34.4552286678,0.494,3823
2.0,1.00060546398,0.000279191386653,256.362738814,0.0041426926,4.76,34.4552286678,0.494,3823
2.0,1.00011610985,0.000279245985439,256.424037365,0.0041426926,4.76,34.4552286678,0.494,3823
2.0,1.00056278706,0.000279197993223,256.485336014,0.0041426926,4.76,34.4552286678,0.494,3823
2.0,1.00091087818,0.000279231084278,256.546634461,0.0041426926,4.76,34.4552286678,0.494,3823
2.0,0.999155819416,0.000279152649455,256.607933006,0.0041426926,4.76,34.4552286678,0.494,3823
2.0,0.99961578846,0.0002791970619,256.689664397,0.0041426926,4.76,34.4552286678,0.494,3823
2.0,1.00066375732,0.000279168481939,256.750962938,0.0041426926,4.76,34.4552286678,0.494,3823
2.0,1.00049245358,0.000279225379927,256.812261378,0.0041426926,4.76,34.4552286678,0.494,3823
2.0,1.00107753277,0.000279191503068,256.873559915,0.0041426926,4.76,34.4552286678,0.494,3823
2.0,1.00113356113,0.000279201864032,256.934858451,0.0041426926,4.76,34.4552286678,0.494,3823
2.0,1.00051605701,0.000279208179563,256.996156985,0.0041426926,4.76,34.4552286678,0.494,3823
2.0,1.00057423115,0.000279221567325,257.057455516,0.0041426926,4.76,34.4552286678,0.494,3823
2.0,1.00030231476,0.000279231957393,257.118754046,0.0041426926,4.76,34.4552286678,0.494,3823
2.0,1.00011920929,0.000279235013295,257.180052575,0.0041426926,4.76,34.4552286678,0.494,3823
2.0,0.999830722809,0.000279241125099,257.241351001,0.0041426926,4.76,34.4552286678,0.494,3823
2.0,1.00047898293,0.000279360043351,257.302649526,0.0041426926,4.76,34.4552286678,0.494,3823
2.0,1.00027871132,0.000279220985249,257.363948049,0.0041426926,4.76,34.4552286678,0.494,3823
2.0,1.00027573109,0.000279342697468,257.42524667,0.0041426926,4.76,34.4552286678,0.494,3823
2.0,0.999972343445,0.000279255385976,257.486545189,0.0041426926,4.76,34.4552286678,0.494,3823
2.0,1.00062966347,0.000279254978523,257.547843706,0.0041426926,4.76,34.4552286678,0.494,3823
2.0,1.0001591444,0.00027923786547,257.609142222,0.0041426926,4.76,34.4552286678,0.494,3823
2.0,0.999696552753,0.000279250351014,257.670440636,0.0041426926,4.76,34.4552286678,0.494,3823
2.0,1.00099825859,0.000279361003777,257.731739148,0.0041426926,4.76,34.4552286678,0.494,3823
2.0,1.00023019314,0.000279286556179,257.793037658,0.0041426926,4.76,34.4552286678,0.494,3823
2.0,0.999542832375,0.000279307656456,257.854336166,0.0041426926,4.76,34.4552286678,0.494,3823
2.0,1.00032091141,0.000279373227386,257.915634673,0.0041426926,4.76,34.4552286678,0.494,3823
2.0,1.00024747849,0.000279309460893,257.976933178,0.0041426926,4.76,34.4552286678,0.494,3823
2.0,0.999713301659,0.000279347674223,258.038231681,0.0041426926,4.76,34.4552286678,0.494,3823
2.0,0.999803364277,0.000279289612081,258.099529982,0.0041426926,4.76,34.4552286678,0.494,3823
2.0,0.999851882458,0.000279320433037,258.160828581,0.0041426926,4.76,34.4552286678,0.494,3823
2.0,0.999614596367,0.000279374333331,258.222127079,0.0041426926,4.76,34.4552286678,0.494,3823
2.0,0.999543428421,0.000279347819742,258.283425575,0.0041426926,4.76,34.4552286678,0.494,3823
2.0,0.999147355556,0.00027926612529,258.344724069,0.0041426926,4.76,34.4552286678,0.494,3823
2.0,1.00006771088,0.000279423460597,258.426455292,0.0041426926,4.76,34.4552286678,0.494,3823
3.0,1.00416493416,0.000229256911553,260.244983423,0.0041426926,4.76,34.4552286678,0.494,3823
3.0,1.00422430038,0.000229214609135,260.306281862,0.0041426926,4.76,34.4552286678,0.494,3823
3.0,1.00468635559,0.000229223456699,260.367580198,0.0041426926,4.76,34.4552286678,0.494,3823
3.0,1.00433039665,0.000229266646784,260.428878633,0.0041426926,4.76,34.4552286678,0.494,3823
3.0,1.00431454182,0.000229258119361,260.490177067,0.0041426926,4.76,34.4552286678,0.494,3823
3.0,1.00449454784,0.000229299708735,260.551475498,0.0041426926,4.76,34.4552286678,0.494,3823
3.0,1.00415372849,0.000229294397286,260.612773928,0.0041426926,4.76,34.4552286678,0.494,3823
3.0,1.00437450409,0.000229261728236,260.674072356,0.0041426926,4.76,34.4552286678,0.494,3823
3.0,1.00449669361,0.000229345721891,260.735370783,0.0041426926,4.76,34.4552286678,0.494,3823
3.0,1.00509989262,0.000229371260502,260.796669208,0.0041426926,4.76,34.4552286678,0.494,3823
3.0,1.00437474251,0.000229294601013,260.857967531,0.0041426926,4.76,34.4552286678,0.494,3823
3.0,1.00464034081,0.00022934153094,260.919265952,0.0041426926,4.76,34.4552286678,0.494,3823
3.0,1.00453543663,0.000229329292779,260.980564372,0.0041426926,4.76,34.4552286678,0.494,3823
3.0,1.00453400612,0.000229331184528,261.04186279,0.0041426926,4.76,34.4552286678,0.494,3823
3.0,1.0043489933,0.000229336903431,261.103161206,0.0041426926,4.76,34.4552286678,0.494,3823
3.0,1.0043091774,0.000229245386436,261.164459621,0.0041426926,4.76,34.4552286678,0.494,3823
3.0,1.0045787096,0.000229304583627,261.225758034,0.0041426926,4.76,34.4552286678,0.494,3823
3.0,1.00421893597,0.00022933704895,261.287056446,0.0041426926,4.76,34.4552286678,0.494,3823
3.0,1.00418746471,0.000229292039876,261.348354755,0.0041426926,4.76,34.4552286678,0.494,3823
3.0,1.00417470932,0.000229245706578,261.409653164,0.0041426926,4.76,34.4552286678,0.494,3823
3.0,1.00452625751,0.000229320590734,261.491384472,0.0041426926,4.76,34.4552286678,0.494,3823
3.0,1.00394582748,0.000229262397625,261.552682776,0.0041426926,4.76,34.4552286678,0.494,3823
3.0,1.0039447546,0.000229316356126,261.613981179,0.0041426926,4.76,34.4552286678,0.494,3823
3.0,1.0038369894,0.00022927277314,261.67527958,0.0041426926,4.76,34.4552286678,0.494,3823
3.0,1.00414228439,0.000229308439884,261.736577979,0.0041426926,4.76,34.4552286678,0.494,3823
3.0,1.00415325165,0.000229306591791,261.797876376,0.0041426926,4.76,34.4552286678,0.494,3823
3.0,1.00425732136,0.000229315512115,261.859174773,0.0041426926,4.76,34.4552286678,0.494,3823
3.0,1.00427341461,0.00022933386208,261.920473267,0.0041426926,4.76,34.4552286678,0.494,3823
3.0,1.00424396992,0.000229382465477,261.981771659,0.0041426926,4.76,34.4552286678,0.494,3823
3.0,1.00413560867,0.000229331897572,262.043069851,0.0041426926,4.76,34.4552286678,0.494,3823
3.0,1.00408697128,0.000229338183999,262.10436834,0.0041426926,4.76,34.4552286678,0.494,3823
3.0,1.00388503075,0.000229352721362,262.165666728,0.0041426926,4.76,34.4552286678,0.494,3823
3.0,1.00406467915,0.000229378725635,262.226965114,0.0041426926,4.76,34.4552286678,0.494,3823
3.0,1.00418233871,0.000229306722758,262.288263398,0.0041426926,4.76,34.4552286678,0.494,3823
3.0,1.00371301174,0.000229310433497,262.349561781,0.0041426926,4.76,34.4552286678,0.494,3823
3.0,1.00402569771,0.000229290788411,262.410860163,0.0041426926,4.76,34.4552286678,0.494,3823
3.0,1.0044478178,0.000229291763389,262.472158642,0.0041426926,4.76,34.4552286678,0.494,3823
3.0,1.00413966179,0.000229267941904,262.53345682,0.0041426926,4.76,34.4552286678,0.494,3823
3.0,1.00415372849,0.000229365497944,262.594755197,0.0041426926,4.76,34.4552286678,0.494,3823
3.0,1.00354850292,0.000229284589295,262.656053672,0.0041426926,4.76,34.4552286678,0.494,3823
3.0,1.00359451771,0.000229319208302,262.717352045,0.0041426926,4.76,34.4552286678,0.494,3823
3.0,1.00344765186,0.000229267650866,262.778650416,0.0041426926,4.76,34.4552286678,0.494,3823
3.0,1.00349152088,0.000229156954447,262.839948786,0.0041426926,4.76,34.4552286678,0.494,3823
3.0,1.00378406048,0.000229305485846,262.901247155,0.0041426926,4.76,34.4552286678,0.494,3823
3.0,1.00316023827,0.0002292466379,262.962545522,0.0041426926,4.76,34.4552286678,0.494,3823
3.0,1.00367498398,0.000229279175983,263.023843787,0.0041426926,4.76,34.4552286678,0.494,3823
3.0,1.00339591503,0.000229302735534,263.08514215,0.0041426926,4.76,34.4552286678,0.494,3823
3.0,1.00328457355,0.00022924093355,263.146440512,0.0041426926,4.76,34.4552286678,0.494,3823
3.0,1.00347840786,0.000229264769587,263.207738873,0.0041426926,4.76,34.4552286678,0.494,3823
3.0,1.00354766846,0.000229288431001,263.269037231,0.0041426926,4.76,34.4552286678,0.494,3823
3.0,1.00335466862,0.000229260127526,263.330335589,0.0041426926,4.76,34.4552286678,0.494,3823
3.0,1.00343227386,0.000229276382015,263.391633944,0.0041426926,4.76,34.4552286678,0.494,3823
3.0,1.00319135189,0.000229257013416,263.452932298,0.0041426926,4.76,34.4552286678,0.494,3823
3.0,1.00327444077,0.000229287979892,263.514230651,0.0041426926,4.76,34.4552286678,0.494,3823
3.0,1.00359320641,0.000229274563026,263.575528902,0.0041426926,4.76,34.4552286678,0.494,3823
3.0,1.00316166878,0.000229235534789,263.636827251,0.0041426926,4.76,34.4552286678,0.494,3823
3.0,1.00253283978,0.00022919078765,263.698125599,0.0041426926,4.76,34.4552286678,0.494,3823
3.0,1.00346028805,0.000229306417168,263.759423945,0.0041426926,4.76,34.4552286678,0.494,3823
3.0,1.00343441963,0.000229361947277,263.82072229,0.0041426926,4.76,34.4552286678,0.494,3823
3.0,1.0031003952,0.000229299024795,263.882020633,0.0041426926,4.76,34.4552286678,0.494,3823
3.0,1.00256681442,0.000229283163208,263.943318974,0.0041426926,4.76,34.4552286678,0.494,3823
3.0,1.00280857086,0.000229261349887,264.004617314,0.0041426926,4.76,34.4552286678,0.494,3823
3.0,1.00288784504,0.000229315861361,264.065915553,0.0041426926,4.76,34.4552286678,0.494,3823
3.0,1.0026487112,0.000229272714932,264.12721389,0.0041426926,4.76,34.4552286678,0.494,3823
3.0,1.00299227238,0.000229349621804,264.208945003,0.0041426926,4.76,34.4552286678,0.494,3823
3.0,1.00309514999,0.000229332465096,264.270242736,0.0041426926,4.76,34.4552286678,0.494,3823
3.0,1.00261962414,0.000229266719543,264.331541068,0.0041426926,4.76,34.4552286678,0.494,3823
3.0,1.00267481804,0.000229302066145,264.392839398,0.0041426926,4.76,34.4552286678,0.494,3823
3.0,1.00275719166,0.00022930400155,264.474570502,0.0041426926,4.76,34.4552286678,0.494,3823
3.0,1.00287640095,0.000229289347772,264.535868829,0.0041426926,4.76,34.4552286678,0.494,3823
3.0,1.0023958683,0.000229368262808,264.597167154,0.0041426926,4.76,34.4552286678,0.494,3823
3.0,1.00280249119,0.000229284065426,264.658465477,0.0041426926,4.76,34.4552286678,0.494,3823
3.0,1.00270795822,0.000229350494919,264.719763799,0.0041426926,4.76,34.4552286678,0.494,3823
3.0,1.00216662884,0.000229347278946,264.78106212,0.0041426926,4.76,34.4552286678,0.494,3823
3.0,1.00214159489,0.000229350553127,264.842360439,0.0041426926,4.76,34.4552286678,0.494,3823
3.0,1.00271749496,0.000229361772654,264.903658656,0.0041426926,4.76,34.4552286678,0.494,3823
3.0,1.00285005569,0.000229405181017,264.964956972,0.0041426926,4.76,34.4552286678,0.494,3823
3.0,1.00291061401,0.00022946743411,265.026255286,0.0041426926,4.76,34.4552286678,0.494,3823
3.0,1.00229215622,0.000229372963076,265.087553599,0.0041426926,4.76,34.4552286678,0.494,3823
3.0,1.0025742054,0.000229418263189,265.14885201,0.0041426926,4.76,34.4552286678,0.494,3823
3.0,1.00228881836,0.000229331228184,265.21015022,0.0041426926,4.76,34.4552286678,0.494,3823
3.0,1.00245463848,0.000229377736105,265.271448528,0.0041426926,4.76,34.4552286678,0.494,3823
3.0,1.00225973129,0.0002293765574,265.332746835,0.0041426926,4.76,34.4552286678,0.494,3823
3.0,1.00203764439,0.000229331271839,265.39404504,0.0041426926,4.76,34.4552286678,0.494,3823
3.0,1.00210154057,0.000229359910008,265.455343344,0.0041426926,4.76,34.4552286678,0.494,3823
3.0,1.00216984749,0.000229346711421,265.516641646,0.0041426926,4.76,34.4552286678,0.494,3823
3.0,1.0020544529,0.000229355777265,265.577939947,0.0041426926,4.76,34.4552286678,0.494,3823
3.0,1.00245928764,0.000229426746955,265.639238347,0.0041426926,4.76,34.4552286678,0.494,3823
3.0,1.00201117992,0.000229355078773,265.700536644,0.0041426926,4.76,34.4552286678,0.494,3823
3.0,1.00230014324,0.000229410710745,265.761834941,0.0041426926,4.76,34.4552286678,0.494,3823
3.0,1.00271058083,0.000229515950195,265.823133235,0.0041426926,4.76,34.4552286678,0.494,3823
3.0,1.00244486332,0.00022939266637,265.884431429,0.0041426926,4.76,34.4552286678,0.494,3823
3.0,1.00212740898,0.000229386583669,265.945729721,0.0041426926,4.76,34.4552286678,0.494,3823
3.0,1.00277805328,0.000229448371101,266.007028011,0.0041426926,4.76,34.4552286678,0.494,3823
3.0,1.00213360786,0.000229379176744,266.0683263,0.0041426926,4.76,34.4552286678,0.494,3823
3.0,1.00210380554,0.00022939540213,266.129624587,0.0041426926,4.76,34.4552286678,0.494,3823
3.0,1.00212991238,0.000229329583817,266.190922873,0.0041426926,4.76,34.4552286678,0.494,3823
3.0,1.00227808952,0.000229418379604,266.252221158,0.0041426926,4.76,34.4552286678,0.494,3823
3.0,1.00197958946,0.000229353900068,266.313519441,0.0041426926,4.76,34.4552286678,0.494,3823
3.0,1.00199794769,0.000229384342674,266.374817623,0.0041426926,4.76,34.4552286678,0.494,3823
3.0,1.00247585773,0.000229417768423,266.436115903,0.0041426926,4.76,34.4552286678,0.494,3823
3.0,1.00183546543,0.000229345096159,266.497414181,0.0041426926,4.76,34.4552286678,0.494,3823
3.0,1.00210416317,0.000229365003179,266.558712458,0.0041426926,4.76,34.4552286678,0.494,3823
3.0,1.00229847431,0.000229427096201,266.620010734,0.0041426926,4.76,34.4552286678,0.494,3823
3.0,1.00206446648,0.000229367782595,266.681309009,0.0041426926,4.76,34.4552286678,0.494,3823
3.0,1.0017786026,0.000229373923503,266.742607281,0.0041426926,4.76,34.4552286678,0.494,3823
3.0,1.0020326376,0.000229428580496,266.803905553,0.0041426926,4.76,34.4552286678,0.494,3823
3.0,1.00177383423,0.000229353681789,266.865203723,0.0041426926,4.76,34.4552286678,0.494,3823
3.0,1.00191736221,0.000229416167713,266.926501991,0.0041426926,4.76,34.4552286678,0.494,3823
3.0,1.00206530094,0.000229381184909,266.987800259,0.0041426926,4.76,34.4552286678,0.494,3823
3.0,1.00145459175,0.000229364726692,267.049098524,0.0041426926,4.76,34.4552286678,0.494,3823
3.0,1.00181257725,0.000229367084103,267.110396789,0.0041426926,4.76,34.4552286678,0.494,3823
3.0,1.00196278095,0.00022940224153,267.171695051,0.0041426926,4.76,34.4552286678,0.494,3823
3.0,1.00219142437,0.000229385594139,267.232993313,0.0041426926,4.76,34.4552286678,0.494,3823
3.0,1.00188863277,0.000229392360779,267.294291573,0.0041426926,4.76,34.4552286678,0.494,3823
3.0,1.0022790432,0.000229447949096,267.355589831,0.0041426926,4.76,34.4552286678,0.494,3823
3.0,1.00244271755,0.000229492754443,267.55991725,0.0041426926,4.76,34.4552286678,0.494,3823
3.0,1.00159430504,0.00022939426708,267.621215502,0.0041426926,4.76,34.4552286678,0.494,3823
3.0,1.00222885609,0.000229474462685,267.682513753,0.0041426926,4.76,34.4552286678,0.494,3823
3.0,1.00223505497,0.000229493700317,267.743812003,0.0041426926,4.76,34.4552286678,0.494,3823
3.0,1.00223994255,0.000229444078286,267.805110251,0.0041426926,4.76,34.4552286678,0.494,3823
3.0,1.00205910206,0.000229481665883,267.866408498,0.0041426926,4.76,34.4552286678,0.494,3823
3.0,1.00186693668,0.000229446217418,267.927706743,0.0041426926,4.76,34.4552286678,0.494,3823
3.0,1.00172400475,0.000229422104894,267.989004987,0.0041426926,4.76,34.4552286678,0.494,3823
3.0,1.0019775629,0.000229466619203,268.05030313,0.0041426926,4.76,34.4552286678,0.494,3823
3.0,1.00191736221,0.000229458586546,268.111601371,0.0041426926,4.76,34.4552286678,0.494,3823
3.0,1.00184929371,0.000229465062148,268.172899611,0.0041426926,4.76,34.4552286678,0.494,3823
3.0,1.00229227543,0.000229504017625,268.234197849,0.0041426926,4.76,34.4552286678,0.494,3823
3.0,1.00188612938,0.000229444529396,268.295496087,0.0041426926,4.76,34.4552286678,0.494,3823
3.0,1.00148808956,0.000229443307035,268.356794422,0.0041426926,4.76,34.4552286678,0.494,3823
3.0,1.00230205059,0.00022950458515,268.418092557,0.0041426926,4.76,34.4552286678,0.494,3823
3.0,1.0020160675,0.000229480006965,268.47939079,0.0041426926,4.76,34.4552286678,0.494,3823
3.0,1.00195276737,0.000229489582125,268.540688921,0.0041426926,4.76,34.4552286678,0.494,3823
3.0,1.00210309029,0.000229479308473,268.601987151,0.0041426926,4.76,34.4552286678,0.494,3823
3.0,1.00197696686,0.000229474113439,268.663285381,0.0041426926,4.76,34.4552286678,0.494,3823
3.0,1.00226831436,0.000229521276196,268.724583608,0.0041426926,4.76,34.4552286678,0.494,3823
3.0,1.00218307972,0.000229507146287,268.785881834,0.0041426926,4.76,34.4552286678,0.494,3823
3.0,1.00218844414,0.000229524375754,268.847180059,0.0041426926,4.76,34.4552286678,0.494,3823
3.0,1.00212490559,0.000229508848861,268.908478382,0.0041426926,4.76,34.4552286678,0.494,3823
3.0,1.0017323494,0.000229469325859,268.969776605,0.0041426926,4.76,34.4552286678,0.494,3823
3.0,1.00168919563,0.000229496348766,269.031074625,0.0041426926,4.76,34.4552286678,0.494,3823
3.0,1.0016849041,0.000229503333685,269.092372945,0.0041426926,4.76,34.4552286678,0.494,3823
3.0,1.00209450722,0.00022948870901,269.153671163,0.0041426926,4.76,34.4552286678,0.494,3823
3.0,1.00226855278,0.000229498924455,269.214969379,0.0041426926,4.76,34.4552286678,0.494,3823
3.0,1.00173342228,0.000229497047258,269.276267595,0.0041426926,4.76,34.4552286678,0.494,3823
3.0,1.00158333778,0.000229488665354,269.337565809,0.0041426926,4.76,34.4552286678,0.494,3823
3.0,1.00216674805,0.000229521159781,269.398864022,0.0041426926,4.76,34.4552286678,0.494,3823
3.0,1.00161457062,0.000229483659496,269.460162233,0.0041426926,4.76,34.4552286678,0.494,3823
3.0,1.00176227093,0.000229487995966,269.521460343,0.0041426926,4.76,34.4552286678,0.494,3823
3.0,1.00178658962,0.000229510071222,269.582758552,0.0041426926,4.76,34.4552286678,0.494,3823
3.0,1.00200021267,0.000229521436268,269.644056759,0.0041426926,4.76,34.4552286678,0.494,3823
3.0,1.00261831284,0.000229600715102,269.705354965,0.0041426926,4.76,34.4552286678,0.494,3823
3.0,1.00239253044,0.000229530531215,269.76665317,0.0041426926,4.76,34.4552286678,0.494,3823
3.0,1.00214397907,0.000229513054364,269.827951374,0.0041426926,4.76,34.4552286678,0.494,3823
3.0,1.00173246861,0.00022949486447,269.889249576,0.0041426926,4.76,34.4552286678,0.494,3823
3.0,1.00188827515,0.000229520446737,269.950547777,0.0041426926,4.76,34.4552286678,0.494,3823
3.0,1.00219857693,0.000229527868214,270.011845876,0.0041426926,4.76,34.4552286678,0.494,3823
3.0,1.00192010403,0.00022952373547,270.073144074,0.0041426926,4.76,34.4552286678,0.494,3823
3.0,1.00176525116,0.000229492041399,270.134442271,0.0041426926,4.76,34.4552286678,0.494,3823
3.0,1.00386631489,0.000229839337408,270.195740467,0.0041426926,4.76,34.4552286678,0.494,3823
3.0,1.00224792957,0.000229529498029,270.257038661,0.0041426926,4.76,34.4552286678,0.494,3823
3.0,1.00253081322,0.000229540819419,270.318336854,0.0041426926,4.76,34.4552286678,0.494,3823
3.0,1.00175952911,0.000229501863942,270.379635046,0.0041426926,4.76,34.4552286678,0.494,3823
3.0,1.00207543373,0.000229479715927,270.461365967,0.0041426926,4.76,34.4552286678,0.494,3823
3.0,1.00191402435,0.000229460041737,270.522664155,0.0041426926,4.76,34.4552286678,0.494,3823
3.0,1.00199186802,0.000229510231293,270.583962343,0.0041426926,4.76,34.4552286678,0.494,3823
3.0,1.00177896023,0.000229501587455,270.645260529,0.0041426926,4.76,34.4552286678,0.494,3823
3.0,1.00195205212,0.000229515630053,270.706558614,0.0041426926,4.76,34.4552286678,0.494,3823
3.0,1.00212395191,0.000229480952839,270.767856798,0.0041426926,4.76,34.4552286678,0.494,3823
3.0,1.00192415714,0.000229503639275,270.82915498,0.0041426926,4.76,34.4552286678,0.494,3823
3.0,1.00191450119,0.000229496523389,270.890453161,0.0041426926,4.76,34.4552286678,0.494,3823
3.0,1.00208377838,0.000229510507779,270.951751341,0.0041426926,4.76,34.4552286678,0.494,3823
3.0,1.00174057484,0.000229489174671,271.01304952,0.0041426926,4.76,34.4552286678,0.494,3823
3.0,1.00135278702,0.000229407116421,271.074347697,0.0041426926,4.76,34.4552286678,0.494,3823
3.0,1.00216758251,0.000229483586736,271.135645873,0.0041426926,4.76,34.4552286678,0.494,3823
3.0,1.00214505196,0.000229517012485,271.196943948,0.0041426926,4.76,34.4552286678,0.494,3823
3.0,1.00204312801,0.000229492405197,271.258242122,0.0041426926,4.76,34.4552286678,0.494,3823
3.0,1.00168251991,0.000229497381952,271.319540294,0.0041426926,4.76,34.4552286678,0.494,3823
3.0,1.00171411037,0.000229528945056,271.380838465,0.0041426926,4.76,34.4552286678,0.494,3823
3.0,1.00132286549,0.000229455108638,271.442136635,0.0041426926,4.76,34.4552286678,0.494,3823
3.0,1.00146615505,0.000229513505474,271.503434804,0.0041426926,4.76,34.4552286678,0.494,3823
3.0,1.00223886967,0.000229507902986,271.605598415,0.0041426926,4.76,34.4552286678,0.494,3823
3.0,1.00181782246,0.000229461162235,271.666896581,0.0041426926,4.76,34.4552286678,0.494,3823
3.0,1.00179195404,0.000229474258958,271.728194645,0.0041426926,4.76,34.4552286678,0.494,3823
3.0,1.00138807297,0.000229427212616,271.789492908,0.0041426926,4.76,34.4552286678,0.494,3823
3.0,1.00119411945,0.000229445489822,271.850791069,0.0041426926,4.76,34.4552286678,0.494,3823
3.0,1.00151598454,0.000229514480452,271.91208923,0.0041426926,4.76,34.4552286678,0.494,3823
3.0,1.0013422966,0.000229494457017,271.973387389,0.0041426926,4.76,34.4552286678,0.494,3823
3.0,1.00190711021,0.000229527751799,272.034685447,0.0041426926,4.76,34.4552286678,0.494,3823
3.0,1.00144994259,0.000229505312745,272.095983604,0.0041426926,4.76,34.4552286678,0.494,3823
3.0,1.0014282465,0.000229438199312,272.157281759,0.0041426926,4.76,34.4552286678,0.494,3823
3.0,1.00113785267,0.000229465018492,272.218579914,0.0041426926,4.76,34.4552286678,0.494,3823
3.0,1.00135469437,0.000229464203585,272.279878067,0.0041426926,4.76,34.4552286678,0.494,3823
3.0,1.00136458874,0.000229477707762,272.341176219,0.0041426926,4.76,34.4552286678,0.494,3823
3.0,1.00122654438,0.000229479162954,272.40247437,0.0041426926,4.76,34.4552286678,0.494,3823
3.0,1.00092756748,0.000229468554608,272.463772519,0.0041426926,4.76,34.4552286678,0.494,3823
3.0,1.0006557703,0.000229431767366,272.525070568,0.0041426926,4.76,34.4552286678,0.494,3823
3.0,1.00061416626,0.000229428944294,272.586368715,0.0041426926,4.76,34.4552286678,0.494,3823
3.0,1.00067508221,0.000229437035159,272.647666861,0.0041426926,4.76,34.4552286678,0.494,3823
3.0,1.0010073185,0.000229380049859,272.708965006,0.0041426926,4.76,34.4552286678,0.494,3823
3.0,1.00086915493,0.000229447454331,272.770263149,0.0041426926,4.76,34.4552286678,0.494,3823
3.0,1.00091671944,0.000229479715927,272.831561292,0.0041426926,4.76,34.4552286678,0.494,3823
3.0,1.00058805943,0.000229400044191,272.892859433,0.0041426926,4.76,34.4552286678,0.494,3823
3.0,1.00062668324,0.000229449826293,272.954157573,0.0041426926,4.76,34.4552286678,0.494,3823
3.0,1.00058865547,0.000229445329751,273.015455612,0.0041426926,4.76,34.4552286678,0.494,3823
3.0,1.00012981892,0.000229408251471,273.07675375,0.0041426926,4.76,34.4552286678,0.494,3823
3.0,1.00007712841,0.000229415600188,273.138051886,0.0041426926,4.76,34.4552286678,0.494,3823
3.0,1.00043714046,0.000229389945162,273.199350022,0.0041426926,4.76,34.4552286678,0.494,3823
3.0,1.00014305115,0.000229354816838,273.260648156,0.0041426926,4.76,34.4552286678,0.494,3823
3.0,1.00075137615,0.000229529396165,273.321946289,0.0041426926,4.76,34.4552286678,0.494,3823
3.0,1.0002155304,0.000229459095863,273.403677132,0.0041426926,4.76,34.4552286678,0.494,3823
3.0,1.00009477139,0.000229498153203,273.464975262,0.0041426926,4.76,34.4552286678,0.494,3823
3.0,0.999353468418,0.000229339770158,273.526273391,0.0041426926,4.76,34.4552286678,0.494,3823
3.0,0.999937534332,0.000229421260883,273.587571519,0.0041426926,4.76,34.4552286678,0.494,3823
3.0,0.999804258347,0.000229384109844,273.648869547,0.0041426926,4.76,34.4552286678,0.494,3823
3.0,0.999271035194,0.00022929541592,273.710167672,0.0041426926,4.76,34.4552286678,0.494,3823
3.0,0.999086260796,0.000229278331972,273.771465797,0.0041426926,4.76,34.4552286678,0.494,3823
3.0,0.99913418293,0.000229278681218,273.832763921,0.0041426926,4.76,34.4552286678,0.494,3823
3.0,0.999439716339,0.000229332974413,273.894062043,0.0041426926,4.76,34.4552286678,0.494,3823
3.0,0.999000370502,0.000229306868277,273.955360164,0.0041426926,4.76,34.4552286678,0.494,3823
3.0,0.999117195606,0.000229270459386,274.016658285,0.0041426926,4.76,34.4552286678,0.494,3823
3.0,0.999240100384,0.000229268815019,274.077956404,0.0041426926,4.76,34.4552286678,0.494,3823
3.0,0.999050855637,0.000229284443776,274.139254422,0.0041426926,4.76,34.4552286678,0.494,3823
3.0,0.998549163342,0.00022924185032,274.200552539,0.0041426926,4.76,34.4552286678,0.494,3823
3.0,0.99851590395,0.000229260287597,274.261850654,0.0041426926,4.76,34.4552286678,0.494,3823
3.0,0.998446762562,0.00022925659141,274.323148769,0.0041426926,4.76,34.4552286678,0.494,3823
3.0,0.998863637447,0.00022934556182,274.384446882,0.0041426926,4.76,34.4552286678,0.494,3823
3.0,0.998373687267,0.000229277487961,274.445744995,0.0041426926,4.76,34.4552286678,0.494,3823
3.0,0.99784553051,0.000229189245147,274.507043206,0.0041426926,4.76,34.4552286678,0.494,3823
3.0,0.998121023178,0.000229247176321,274.568341316,0.0041426926,4.76,34.4552286678,0.494,3823
3.0,0.998216867447,0.000229301440413,274.629639426,0.0041426926,4.76,34.4552286678,0.494,3823
3.0,0.997747182846,0.000229187469813,274.690937434,0.0041426926,4.76,34.4552286678,0.494,3823
3.0,0.997363626957,0.000229153389228,274.75223554,0.0041426926,4.76,34.4552286678,0.494,3823
3.0,0.997662901878,0.000229310753639,274.813533646,0.0041426926,4.76,34.4552286678,0.494,3823
3.0,0.997365951538,0.000229184981436,274.874831651,0.0041426926,4.76,34.4552286678,0.494,3823
3.0,0.996929109097,0.000229116223636,274.936129755,0.0041426926,4.76,34.4552286678,0.494,3823
3.0,0.997163712978,0.000229217373999,274.997427857,0.0041426926,4.76,34.4552286678,0.494,3823
3.0,0.996773481369,0.000229145909543,275.058726059,0.0041426926,4.76,34.4552286678,0.494,3823
3.0,0.997609198093,0.000229258948821,275.120024159,0.0041426926,4.76,34.4552286678,0.494,3823
3.0,0.997000575066,0.000229166471399,275.181322059,0.0041426926,4.76,34.4552286678,0.494,3823
3.0,0.996855974197,0.000229241879424,275.242620257,0.0041426926,4.76,34.4552286678,0.494,3823
3.0,0.996094226837,0.000229163531912,275.303918354,0.0041426926,4.76,34.4552286678,0.494,3823
3.0,0.996286809444,0.000229251483688,275.36521645,0.0041426926,4.76,34.4552286678,0.494,3823
3.0,0.996072530746,0.000229187629884,275.426514546,0.0041426926,4.76,34.4552286678,0.494,3823
3.0,0.99636131525,0.000229150376981,275.48781264,0.0041426926,4.76,34.4552286678,0.494,3823
3.0,0.996028542519,0.000229204189964,275.549110733,0.0041426926,4.76,34.4552286678,0.494,3823
3.0,0.996274828911,0.000229238241445,275.610408825,0.0041426926,4.76,34.4552286678,0.494,3823
3.0,0.996045410633,0.000229231256526,275.671706815,0.0041426926,4.76,34.4552286678,0.494,3823
3.0,0.995783865452,0.000229228011449,275.733004905,0.0041426926,4.76,34.4552286678,0.494,3823
3.0,0.995700776577,0.000229219323955,275.794302994,0.0041426926,4.76,34.4552286678,0.494,3823
3.0,0.995405912399,0.000229181270697,275.855601082,0.0041426926,4.76,34.4552286678,0.494,3823
3.0,0.995126485825,0.000229107274208,275.916899169,0.0041426926,4.76,34.4552286678,0.494,3823
3.0,0.995388507843,0.000229123281315,275.978197254,0.0041426926,4.76,34.4552286678,0.494,3823
3.0,0.995395123959,0.000229173369007,276.039495339,0.0041426926,4.76,34.4552286678,0.494,3823
3.0,0.995168507099,0.000229153680266,276.100793423,0.0041426926,4.76,34.4552286678,0.494,3823
3.0,0.994895756245,0.000229156081332,276.162091405,0.0041426926,4.76,34.4552286678,0.494,3823
3.0,0.994606614113,0.000229069788475,276.223389487,0.0041426926,4.76,34.4552286678,0.494,3823
3.0,0.994890928268,0.000229058568948,276.284687568,0.0041426926,4.76,34.4552286678,0.494,3823
3.0,0.99459528923,0.000229095676332,276.345985647,0.0041426926,4.76,34.4552286678,0.494,3823
3.0,0.994542002678,0.000229066354223,276.427716418,0.0041426926,4.76,34.4552286678,0.494,3823
3.0,0.994450569153,0.000229051234783,276.489014496,0.0041426926,4.76,34.4552286678,0.494,3823
3.0,0.993834912777,0.000229058685363,276.550312572,0.0041426926,4.76,34.4552286678,0.494,3823
3.0,0.994251251221,0.000229085824685,276.611610647,0.0041426926,4.76,34.4552286678,0.494,3823
3.0,0.993929862976,0.000229030076298,276.672908721,0.0041426926,4.76,34.4552286678,0.494,3823
3.0,0.992790341377,0.000228963064728,276.734206794,0.0041426926,4.76,34.4552286678,0.494,3823
3.0,0.994156122208,0.000229030745686,276.795504767,0.0041426926,4.76,34.4552286678,0.494,3823
3.0,0.993735671043,0.00022899256146,276.856802838,0.0041426926,4.76,34.4552286678,0.494,3823
3.0,0.993674039841,0.000229003460845,276.918100908,0.0041426926,4.76,34.4552286678,0.494,3823
3.0,0.993423521519,0.000229076191317,276.979398977,0.0041426926,4.76,34.4552286678,0.494,3823
3.0,0.992911756039,0.000228973614867,277.040697046,0.0041426926,4.76,34.4552286678,0.494,3823
3.0,0.99343508482,0.000228959310334,277.122427802,0.0041426926,4.76,34.4552286678,0.494,3823
3.0,0.994191646576,0.000229064957239,277.183725868,0.0041426926,4.76,34.4552286678,0.494,3823
3.0,0.993338346481,0.000228999284445,277.245023933,0.0041426926,4.76,34.4552286678,0.494,3823
3.0,0.992607355118,0.000228951423196,277.306321997,0.0041426926,4.76,34.4552286678,0.494,3823
3.0,0.993109166622,0.000228960139793,277.36762006,0.0041426926,4.76,34.4552286678,0.494,3823
3.0,0.992365300655,0.00022892736888,277.428918122,0.0041426926,4.76,34.4552286678,0.494,3823
3.0,0.993071317673,0.000229039884289,277.490216083,0.0041426926,4.76,34.4552286678,0.494,3823
3.0,0.992736339569,0.000229028461035,277.551514143,0.0041426926,4.76,34.4552286678,0.494,3823
3.0,0.992827653885,0.00022895418806,277.612812202,0.0041426926,4.76,34.4552286678,0.494,3823
3.0,0.992163717747,0.0002289719705,277.674110261,0.0041426926,4.76,34.4552286678,0.494,3823
3.0,0.992315351963,0.000229059980484,277.735408318,0.0041426926,4.76,34.4552286678,0.494,3823
3.0,0.992665231228,0.000229042721912,277.796706374,0.0041426926,4.76,34.4552286678,0.494,3823
3.0,0.992203712463,0.000229013923672,277.85800443,0.0041426926,4.76,34.4552286678,0.494,3823
3.0,0.992133617401,0.000228990727919,277.919302484,0.0041426926,4.76,34.4552286678,0.494,3823
3.0,0.991889894009,0.000228972581681,277.980600438,0.0041426926,4.76,34.4552286678,0.494,3823
3.0,0.992584586143,0.000228989316383,278.04189849,0.0041426926,4.76,34.4552286678,0.494,3823
3.0,0.991872489452,0.000228983262787,278.103196542,0.0041426926,4.76,34.4552286678,0.494,3823
3.0,0.991561353207,0.000228999822866,278.164494593,0.0041426926,4.76,34.4552286678,0.494,3823
3.0,0.992030858994,0.000228985620197,278.225792643,0.0041426926,4.76,34.4552286678,0.494,3823
3.0,0.991963624954,0.00022899270698,278.287090691,0.0041426926,4.76,34.4552286678,0.494,3823
3.0,0.991551041603,0.000228973571211,278.348388739,0.0041426926,4.76,34.4552286678,0.494,3823
3.0,0.992031395435,0.000228977500228,278.409686786,0.0041426926,4.76,34.4552286678,0.494,3823
3.0,0.991739213467,0.000228932854952,278.470984733,0.0041426926,4.76,34.4552286678,0.494,3823
3.0,0.991763651371,0.00022893739515,278.532282778,0.0041426926,4.76,34.4552286678,0.494,3823
3.0,0.991640388966,0.000228947799769,278.593580822,0.0041426926,4.76,34.4552286678,0.494,3823
3.0,0.991674184799,0.000228953096666,278.654878866,0.0041426926,4.76,34.4552286678,0.494,3823
3.0,0.991081893444,0.000228909222642,278.716176908,0.0041426926,4.76,34.4552286678,0.494,3823
3.0,0.991415321827,0.000228962759138,278.77747505,0.0041426926,4.76,34.4552286678,0.494,3823
3.0,0.990948975086,0.000228946315474,278.83877309,0.0041426926,4.76,34.4552286678,0.494,3823
3.0,0.99113214016,0.000228977442021,278.90007113,0.0041426926,4.76,34.4552286678,0.494,3823
3.0,0.990867555141,0.000228994409554,278.961369069,0.0041426926,4.76,34.4552286678,0.494,3823
3.0,0.991629004478,0.000228975448408,279.022667107,0.0041426926,4.76,34.4552286678,0.494,3823
3.0,0.990317761898,0.000228900709772,279.083965144,0.0041426926,4.76,34.4552286678,0.494,3823
3.0,0.990352928638,0.000228921242524,279.145263181,0.0041426926,4.76,34.4552286678,0.494,3823
3.0,0.990733206272,0.000228939432418,279.206561116,0.0041426926,4.76,34.4552286678,0.494,3823
3.0,0.990499377251,0.000228954857448,279.26785915,0.0041426926,4.76,34.4552286678,0.494,3823
3.0,0.990676105022,0.000228910139413,279.329157284,0.0041426926,4.76,34.4552286678,0.494,3823
3.0,0.99054223299,0.000228842487559,279.410887894,0.0041426926,4.76,34.4552286678,0.494,3823
3.0,0.990586042404,0.000228951976169,279.472185926,0.0041426926,4.76,34.4552286678,0.494,3823
3.0,0.990285992622,0.000228960503591,279.533483957,0.0041426926,4.76,34.4552286678,0.494,3823
3.0,0.990057170391,0.000228926277487,279.594781987,0.0041426926,4.76,34.4552286678,0.494,3823
3.0,0.990054905415,0.000228869103012,279.656079916,0.0041426926,4.76,34.4552286678,0.494,3823
3.0,0.990460336208,0.00022889066895,279.717377944,0.0041426926,4.76,34.4552286678,0.494,3823
3.0,0.990279614925,0.000228865785175,279.778676071,0.0041426926,4.76,34.4552286678,0.494,3823
3.0,0.989840447903,0.000228872770094,279.839974098,0.0041426926,4.76,34.4552286678,0.494,3823
3.0,0.990538239479,0.000228965989663,279.901272123,0.0041426926,4.76,34.4552286678,0.494,3823
3.0,0.990401625633,0.000228882316151,279.962570148,0.0041426926,4.76,34.4552286678,0.494,3823
3.0,0.990209817886,0.000228947508731,280.023868172,0.0041426926,4.76,34.4552286678,0.494,3823
3.0,0.990406394005,0.000228934150073,280.085166195,0.0041426926,4.76,34.4552286678,0.494,3823
3.0,0.989890754223,0.000228895863984,280.146464117,0.0041426926,4.76,34.4552286678,0.494,3823
3.0,0.990612745285,0.000228927514399,280.207762139,0.0041426926,4.76,34.4552286678,0.494,3823
3.0,0.990326523781,0.000228937497013,280.269060159,0.0041426926,4.76,34.4552286678,0.494,3823
3.0,0.99042314291,0.000228940727538,280.330358079,0.0041426926,4.76,34.4552286678,0.494,3823
3.0,0.990313112736,0.000228921315284,280.391656198,0.0041426926,4.76,34.4552286678,0.494,3823
3.0,0.990119338036,0.000228935110499,280.473386789,0.0041426926,4.76,34.4552286678,0.494,3823
3.0,0.990159273148,0.000228946519201,280.534684806,0.0041426926,4.76,34.4552286678,0.494,3823
3.0,0.989407658577,0.000228936187341,281.392856861,0.0041426926,4.76,34.4552286678,0.494,3823
3.0,0.990189373493,0.000228998542298,281.454154866,0.0041426926,4.76,34.4552286678,0.494,3823
3.0,0.989988803864,0.000229027718888,281.51545287,0.0041426926,4.76,34.4552286678,0.494,3823
3.0,0.989640891552,0.000228922552196,281.576750874,0.0041426926,4.76,34.4552286678,0.494,3823
3.0,0.990028977394,0.000228971141041,281.638048877,0.0041426926,4.76,34.4552286678,0.494,3823
3.0,0.989835619926,0.000228980963584,281.699346879,0.0041426926,4.76,34.4552286678,0.494,3823
3.0,0.990207910538,0.000228991295444,281.760644881,0.0041426926,4.76,34.4552286678,0.494,3823
3.0,0.990128815174,0.000228992663324,281.821942781,0.0041426926,4.76,34.4552286678,0.494,3823
3.0,0.989962756634,0.000228984397836,281.883240781,0.0041426926,4.76,34.4552286678,0.494,3823
3.0,0.990321695805,0.000229028461035,281.94453878,0.0041426926,4.76,34.4552286678,0.494,3823
3.0,0.990141451359,0.000228994351346,282.005836779,0.0041426926,4.76,34.4552286678,0.494,3823
3.0,0.989974081516,0.000228947712458,282.067134776,0.0041426926,4.76,34.4552286678,0.494,3823
3.0,0.990606486797,0.000229080047575,282.128432773,0.0041426926,4.76,34.4552286678,0.494,3823
3.0,0.990299284458,0.000229016091907,282.189730769,0.0041426926,4.76,34.4552286678,0.494,3823
3.0,0.99013543129,0.000228943026741,282.251028765,0.0041426926,4.76,34.4552286678,0.494,3823
3.0,0.990547299385,0.000229055105592,282.31232666,0.0041426926,4.76,34.4552286678,0.494,3823
3.0,0.990295708179,0.000229061217397,282.394057418,0.0041426926,4.76,34.4552286678,0.494,3823
3.0,0.989716053009,0.000228977733059,282.455355311,0.0041426926,4.76,34.4552286678,0.494,3823
3.0,0.990011751652,0.00022903032368,282.516653304,0.0041426926,4.76,34.4552286678,0.494,3823
3.0,0.990315794945,0.000229023891734,282.577951295,0.0041426926,4.76,34.4552286678,0.494,3823
3.0,0.990499734879,0.000229018056416,282.639249286,0.0041426926,4.76,34.4552286678,0.494,3823
3.0,0.990496993065,0.00022898860334,282.700547276,0.0041426926,4.76,34.4552286678,0.494,3823
3.0,0.990635097027,0.000229002776905,282.761845266,0.0041426926,4.76,34.4552286678,0.494,3823
3.0,0.990391612053,0.000228981458349,282.823143255,0.0041426926,4.76,34.4552286678,0.494,3823
3.0,0.991246640682,0.000229041630519,282.884441243,0.0041426926,4.76,34.4552286678,0.494,3823
3.0,0.990860939026,0.000229069279158,282.94573913,0.0041426926,4.76,34.4552286678,0.494,3823
3.0,0.991187930107,0.000229098804994,283.007037117,0.0041426926,4.76,34.4552286678,0.494,3823
3.0,0.990412652493,0.000229052820941,283.068335103,0.0041426926,4.76,34.4552286678,0.494,3823
3.0,0.99075949192,0.000229087876505,283.129633088,0.0041426926,4.76,34.4552286678,0.494,3823
3.0,0.990801811218,0.000229032346397,283.190931073,0.0041426926,4.76,34.4552286678,0.494,3823
3.0,0.99114793539,0.000229093406233,283.252229057,0.0041426926,4.76,34.4552286678,0.494,3823
3.0,0.990772902966,0.000229081197176,283.31352704,0.0041426926,4.76,34.4552286678,0.494,3823
3.0,0.991105675697,0.000229077268159,283.374825023,0.0041426926,4.76,34.4552286678,0.494,3823
3.0,0.990657866001,0.000229023891734,283.436123005,0.0041426926,4.76,34.4552286678,0.494,3823
3.0,0.991053581238,0.000229043667787,283.497420886,0.0041426926,4.76,34.4552286678,0.494,3823
3.0,0.991148352623,0.000229069119086,283.558718867,0.0041426926,4.76,34.4552286678,0.494,3823
3.0,0.991654217243,0.000229160606978,283.620016847,0.0041426926,4.76,34.4552286678,0.494,3823
3.0,0.991139471531,0.000229077835684,283.681314826,0.0041426926,4.76,34.4552286678,0.494,3823
3.0,0.991621553898,0.000229181227041,283.742612805,0.0041426926,4.76,34.4552286678,0.494,3823
3.0,0.990974068642,0.000229041936109,283.803910783,0.0041426926,4.76,34.4552286678,0.494,3823
3.0,0.991301894188,0.000229132478125,283.86520876,0.0041426926,4.76,34.4552286678,0.494,3823
3.0,0.991412878036,0.000229129786021,283.926506837,0.0041426926,4.76,34.4552286678,0.494,3823
3.0,0.991918504238,0.000229085111641,283.987804613,0.0041426926,4.76,34.4552286678,0.494,3823
3.0,0.991418898106,0.000229094512179,284.049102688,0.0041426926,4.76,34.4552286678,0.494,3823
3.0,0.991724252701,0.00022917772003,284.110400663,0.0041426926,4.76,34.4552286678,0.494,3823
3.0,0.992147445679,0.000229141645832,284.171698637,0.0041426926,4.76,34.4552286678,0.494,3823
3.0,0.991796910763,0.000229119890719,284.232996611,0.0041426926,4.76,34.4552286678,0.494,3823
3.0,0.992762625217,0.000229204277275,284.294294584,0.0041426926,4.76,34.4552286678,0.494,3823
3.0,0.992010653019,0.000229120181757,284.376025113,0.0041426926,4.76,34.4552286678,0.494,3823
3.0,0.992470085621,0.000229195924476,284.437323085,0.0041426926,4.76,34.4552286678,0.494,3823
3.0,0.992463290691,0.000229184268392,284.498621055,0.0041426926,4.76,34.4552286678,0.494,3823
3.0,0.992367863655,0.000229149809456,284.559919026,0.0041426926,4.76,34.4552286678,0.494,3823
3.0,0.992693841457,0.000229232711717,284.621216995,0.0041426926,4.76,34.4552286678,0.494,3823
3.0,0.992992401123,0.000229220691836,284.682514864,0.0041426926,4.76,34.4552286678,0.494,3823
3.0,0.992856264114,0.000229195618886,284.743812833,0.0041426926,4.76,34.4552286678,0.494,3823
3.0,0.99339979887,0.000229297860642,284.8051108,0.0041426926,4.76,34.4552286678,0.494,3823
3.0,0.993522107601,0.000229310317081,284.866408768,0.0041426926,4.76,34.4552286678,0.494,3823
3.0,0.992963194847,0.000229247350944,284.927706834,0.0041426926,4.76,34.4552286678,0.494,3823
3.0,0.99324464798,0.000229273544392,284.9890048,0.0041426926,4.76,34.4552286678,0.494,3823
3.0,0.993865668774,0.000229285142268,285.050302766,0.0041426926,4.76,34.4552286678,0.494,3823
3.0,0.992715060711,0.000229174896958,285.11160073,0.0041426926,4.76,34.4552286678,0.494,3823
3.0,0.993036210537,0.000229236044106,285.172898595,0.0041426926,4.76,34.4552286678,0.494,3823
3.0,0.994035065174,0.000229268451221,285.234196558,0.0041426926,4.76,34.4552286678,0.494,3823
3.0,0.994139492512,0.000229305238463,285.295494521,0.0041426926,4.76,34.4552286678,0.494,3823
3.0,0.994311630726,0.000229354700423,285.377225038,0.0041426926,4.76,34.4552286678,0.494,3823
3.0,0.994139075279,0.000229357960052,285.4385231,0.0041426926,4.76,34.4552286678,0.494,3823
3.0,0.99397033453,0.000229355777265,285.499821061,0.0041426926,4.76,34.4552286678,0.494,3823
3.0,0.994566321373,0.000229294004384,285.561118921,0.0041426926,4.76,34.4552286678,0.494,3823
3.0,0.994020223618,0.000229329118156,285.622416882,0.0041426926,4.76,34.4552286678,0.494,3823
3.0,0.994742631912,0.000229363824474,285.683714841,0.0041426926,4.76,34.4552286678,0.494,3823
3.0,0.994801044464,0.000229404759011,285.7450128,0.0041426926,4.76,34.4552286678,0.494,3823
3.0,0.994948267937,0.00022935103334,285.806310858,0.0041426926,4.76,34.4552286678,0.494,3823
3.0,0.995065569878,0.000229421901167,285.867608616,0.0041426926,4.76,34.4552286678,0.494,3823
3.0,0.99536216259,0.000229388737353,285.928906574,0.0041426926,4.76,34.4552286678,0.494,3823
3.0,0.994848668575,0.000229413097259,285.99020463,0.0041426926,4.76,34.4552286678,0.494,3823
3.0,0.995537638664,0.000229403565754,286.051502587,0.0041426926,4.76,34.4552286678,0.494,3823
3.0,0.995610415936,0.000229465265875,286.133233094,0.0041426926,4.76,34.4552286678,0.494,3823
3.0,0.995613873005,0.000229493321967,286.194531049,0.0041426926,4.76,34.4552286678,0.494,3823
3.0,0.996044397354,0.000229540950386,286.255829103,0.0041426926,4.76,34.4552286678,0.494,3823
3.0,0.995924651623,0.000229480545386,286.317127057,0.0041426926,4.76,34.4552286678,0.494,3823
3.0,0.996224105358,0.000229493292863,286.378425011,0.0041426926,4.76,34.4552286678,0.494,3823
3.0,0.996006071568,0.000229508848861,286.439722964,0.0041426926,4.76,34.4552286678,0.494,3823
3.0,0.996381938457,0.000229503435548,286.501020916,0.0041426926,4.76,34.4552286678,0.494,3823
3.0,0.996279895306,0.000229415221838,286.562318768,0.0041426926,4.76,34.4552286678,0.494,3823
3.0,0.996742010117,0.000229527562624,286.623616719,0.0041426926,4.76,34.4552286678,0.494,3823
3.0,0.996470332146,0.000229569457588,286.68491457,0.0041426926,4.76,34.4552286678,0.494,3823
3.0,0.996530652046,0.000229513214435,286.74621252,0.0041426926,4.76,34.4552286678,0.494,3823
3.0,0.996419847012,0.000229525758186,286.80751047,0.0041426926,4.76,34.4552286678,0.494,3823
3.0,0.996074616909,0.000229482218856,286.86880852,0.0041426926,4.76,34.4552286678,0.494,3823
3.0,0.996733903885,0.000229545781622,286.930106468,0.0041426926,4.76,34.4552286678,0.494,3823
3.0,0.996929049492,0.000229495170061,286.991404417,0.0041426926,4.76,34.4552286678,0.494,3823
3.0,0.996985018253,0.000229583092732,287.052702265,0.0041426926,4.76,34.4552286678,0.494,3823
3.0,0.99760812521,0.000229657205637,287.114000212,0.0041426926,4.76,34.4552286678,0.494,3823
3.0,0.997393727303,0.000229529789067,287.175298159,0.0041426926,4.76,34.4552286678,0.494,3823
3.0,0.997481882572,0.000229575831327,287.236596105,0.0041426926,4.76,34.4552286678,0.494,3823
3.0,0.997733771801,0.000229611847317,287.297894051,0.0041426926,4.76,34.4552286678,0.494,3823
3.0,0.998329699039,0.000229582816246,287.359191997,0.0041426926,4.76,34.4552286678,0.494,3823
3.0,0.997846722603,0.00022963975789,287.420489942,0.0041426926,4.76,34.4552286678,0.494,3823
3.0,0.99803006649,0.000229610945098,287.481787886,0.0041426926,4.76,34.4552286678,0.494,3823
3.0,0.998641371727,0.000229672543355,287.543085831,0.0041426926,4.76,34.4552286678,0.494,3823
3.0,0.998430967331,0.000229597062571,287.604383674,0.0041426926,4.76,34.4552286678,0.494,3823
3.0,0.998360455036,0.000229614903219,287.665681617,0.0041426926,4.76,34.4552286678,0.494,3823
3.0,0.998552143574,0.000229624478379,287.72697956,0.0041426926,4.76,34.4552286678,0.494,3823
3.0,0.99870455265,0.000229637342272,287.788277502,0.0041426926,4.76,34.4552286678,0.494,3823
3.0,0.998620986938,0.000229569981457,287.849575444,0.0041426926,4.76,34.4552286678,0.494,3823
3.0,0.998377084732,0.000229602199397,287.931306033,0.0041426926,4.76,34.4552286678,0.494,3823
3.0,0.998691678047,0.000229685261729,287.992603973,0.0041426926,4.76,34.4552286678,0.494,3823
3.0,0.999176084995,0.000229617769946,288.053901914,0.0041426926,4.76,34.4552286678,0.494,3823
3.0,0.999043166637,0.000229657787713,288.115199854,0.0041426926,4.76,34.4552286678,0.494,3823
3.0,0.999353051186,0.000229604105698,288.176497793,0.0041426926,4.76,34.4552286678,0.494,3823
3.0,0.999732136726,0.000229670622502,288.237795632,0.0041426926,4.76,34.4552286678,0.494,3823
3.0,0.999566197395,0.000229713172303,288.319526317,0.0041426926,4.76,34.4552286678,0.494,3823
3.0,0.99946898222,0.000229647339438,288.380824255,0.0041426926,4.76,34.4552286678,0.494,3823
3.0,0.999359846115,0.000229639204917,288.442122093,0.0041426926,4.76,34.4552286678,0.494,3823
3.0,0.99974834919,0.000229664758081,288.50342003,0.0041426926,4.76,34.4552286678,0.494,3823
3.0,0.999378561974,0.000229652490816,288.564717967,0.0041426926,4.76,34.4552286678,0.494,3823
3.0,0.999543905258,0.000229674522416,288.626015904,0.0041426926,4.76,34.4552286678,0.494,3823
3.0,0.999810695648,0.000229671044508,288.68731374,0.0041426926,4.76,34.4552286678,0.494,3823
3.0,1.0000565052,0.000229709941777,288.748611775,0.0041426926,4.76,34.4552286678,0.494,3823
3.0,1.00006687641,0.000229721175856,288.809909711,0.0041426926,4.76,34.4552286678,0.494,3823
3.0,1.0008995533,0.000229768978897,288.871207645,0.0041426926,4.76,34.4552286678,0.494,3823
3.0,1.00023531914,0.000229675526498,288.93250548,0.0041426926,4.76,34.4552286678,0.494,3823
3.0,1.00009119511,0.00022969157726,288.993803414,0.0041426926,4.76,34.4552286678,0.494,3823
3.0,1.00071048737,0.000229773795581,289.055101348,0.0041426926,4.76,34.4552286678,0.494,3823
3.0,1.00061225891,0.000229779077927,289.116399281,0.0041426926,4.76,34.4552286678,0.494,3823
3.0,1.00084388256,0.000229848432355,289.177697214,0.0041426926,4.76,34.4552286678,0.494,3823
3.0,1.0013115406,0.000229852797929,289.238995147,0.0041426926,4.76,34.4552286678,0.494,3823
3.0,1.00050389767,0.000229845041758,289.300293079,0.0041426926,4.76,34.4552286678,0.494,3823
3.0,1.00044214725,0.000229786674026,289.361591011,0.0041426926,4.76,34.4552286678,0.494,3823
3.0,1.00100672245,0.000229862096603,289.422888942,0.0041426926,4.76,34.4552286678,0.494,3823
3.0,1.00104367733,0.00022982111841,289.484186773,0.0041426926,4.76,34.4552286678,0.494,3823
3.0,1.00121748447,0.000229814831982,289.545484704,0.0041426926,4.76,34.4552286678,0.494,3823
3.0,1.00117957592,0.000229850920732,289.606782635,0.0041426926,4.76,34.4552286678,0.494,3823
3.0,1.00118649006,0.000229884783039,289.668080565,0.0041426926,4.76,34.4552286678,0.494,3823
3.0,1.0014821291,0.000229827288422,289.729378494,0.0041426926,4.76,34.4552286678,0.494,3823
3.0,1.00172746181,0.000229861805565,289.790676424,0.0041426926,4.76,34.4552286678,0.494,3823
3.0,1.0020159483,0.000229829005548,289.851974353,0.0041426926,4.76,34.4552286678,0.494,3823
3.0,1.00147855282,0.000229843615671,289.913272281,0.0041426926,4.76,34.4552286678,0.494,3823
3.0,1.00182616711,0.000229876590311,289.97457011,0.0041426926,4.76,34.4552286678,0.494,3823
3.0,1.00163078308,0.0002298886684,290.035868038,0.0041426926,4.76,34.4552286678,0.494,3823
3.0,1.0021160841,0.000229875833611,290.097165966,0.0041426926,4.76,34.4552286678,0.494,3823
3.0,1.00211167336,0.000229887897149,290.158463893,0.0041426926,4.76,34.4552286678,0.494,3823
3.0,1.00178527832,0.000229903875152,290.21976182,0.0041426926,4.76,34.4552286678,0.494,3823
3.0,1.00199663639,0.000229965895414,290.281059747,0.0041426926,4.76,34.4552286678,0.494,3823
3.0,1.00194716454,0.000229934244999,290.342357673,0.0041426926,4.76,34.4552286678,0.494,3823
3.0,1.00223076344,0.00022991480364,290.403655699,0.0041426926,4.76,34.4552286678,0.494,3823
3.0,1.00291097164,0.00023000811052,290.464953625,0.0041426926,4.76,34.4552286678,0.494,3823
3.0,1.00240516663,0.000229916564422,290.546684092,0.0041426926,4.76,34.4552286678,0.494,3823
3.0,1.00329697132,0.000230093137361,291.466152839,0.0041426926,4.76,34.4552286678,0.494,3823
3.0,1.00355947018,0.000230062636547,291.52745076,0.0041426926,4.76,34.4552286678,0.494,3823
3.0,1.00352191925,0.000230086356169,291.58874868,0.0041426926,4.76,34.4552286678,0.494,3823
3.0,1.00363302231,0.000230121571803,291.650046601,0.0041426926,4.76,34.4552286678,0.494,3823
3.0,1.00339698792,0.000230069534155,291.711344521,0.0041426926,4.76,34.4552286678,0.494,3823
3.0,1.00354814529,0.000230046411161,291.772642341,0.0041426926,4.76,34.4552286678,0.494,3823
3.0,1.00691998005,0.000230728503084,291.833940261,0.0041426926,4.76,34.4552286678,0.494,3823
3.0,1.00438725948,0.000230084042414,291.89523808,0.0041426926,4.76,34.4552286678,0.494,3823
3.0,1.00389790535,0.000230065881624,291.956536099,0.0041426926,4.76,34.4552286678,0.494,3823
3.0,1.00406742096,0.000230109682889,292.017834018,0.0041426926,4.76,34.4552286678,0.494,3823
3.0,1.00429236889,0.000230158708291,292.079131937,0.0041426926,4.76,34.4552286678,0.494,3823
3.0,1.00441586971,0.000230074918363,292.140429856,0.0041426926,4.76,34.4552286678,0.494,3823
3.0,1.0045940876,0.00023016789055,292.201727774,0.0041426926,4.76,34.4552286678,0.494,3823
3.0,1.00473237038,0.000230241828831,292.263025592,0.0041426926,4.76,34.4552286678,0.494,3823
3.0,1.00436615944,0.000230167948757,292.32432351,0.0041426926,4.76,34.4552286678,0.494,3823
3.0,1.00434029102,0.000230157733313,292.385621428,0.0041426926,4.76,34.4552286678,0.494,3823
3.0,1.00428271294,0.000230180783547,292.446919345,0.0041426926,4.76,34.4552286678,0.494,3823
3.0,1.00467765331,0.000230156656471,292.508217263,0.0041426926,4.76,34.4552286678,0.494,3823
3.0,1.00439751148,0.000230181423831,292.56951518,0.0041426926,4.76,34.4552286678,0.494,3823
3.0,1.0046364069,0.000230159945204,292.630813097,0.0041426926,4.76,34.4552286678,0.494,3823
3.0,1.00456571579,0.000230177814956,292.692111014,0.0041426926,4.76,34.4552286678,0.494,3823
3.0,1.00500142574,0.000230256919167,292.75340893,0.0041426926,4.76,34.4552286678,0.494,3823
3.0,1.00465035439,0.000230189238209,292.814706746,0.0041426926,4.76,34.4552286678,0.494,3823
3.0,1.00474309921,0.000230216406635,292.876004663,0.0041426926,4.76,34.4552286678,0.494,3823
3.0,1.00512576103,0.000230218924116,292.937302579,0.0041426926,4.76,34.4552286678,0.494,3823
3.0,1.00475156307,0.000230205725529,292.998600495,0.0041426926,4.76,34.4552286678,0.494,3823
3.0,1.00496327877,0.000230177058256,293.05989841,0.0041426926,4.76,34.4552286678,0.494,3823
3.0,1.00520503521,0.000230203295359,293.121196326,0.0041426926,4.76,34.4552286678,0.494,3823
3.0,1.00469756126,0.000230183606618,293.182494241,0.0041426926,4.76,34.4552286678,0.494,3823
3.0,1.00477004051,0.000230272649787,293.243792156,0.0041426926,4.76,34.4552286678,0.494,3823
3.0,1.00495326519,0.000230254721828,293.305089971,0.0041426926,4.76,34.4552286678,0.494,3823
3.0,1.00535297394,0.000230269579333,293.366387886,0.0041426926,4.76,34.4552286678,0.494,3823
3.0,1.00497376919,0.000230258359807,293.427685801,0.0041426926,4.76,34.4552286678,0.494,3823
3.0,1.0047249794,0.00023025055998,293.509416353,0.0041426926,4.76,34.4552286678,0.494,3823
3.0,1.00518190861,0.000230275036301,293.570714268,0.0041426926,4.76,34.4552286678,0.494,3823
3.0,1.005620718,0.000230320831179,293.632012182,0.0041426926,4.76,34.4552286678,0.494,3823
3.0,1.00571894646,0.000230359190027,293.693310096,0.0041426926,4.76,34.4552286678,0.494,3823
3.0,1.0051445961,0.000230275894864,293.75460801,0.0041426926,4.76,34.4552286678,0.494,3823
3.0,1.00538992882,0.000230369958444,293.815905924,0.0041426926,4.76,34.4552286678,0.494,3823
3.0,1.00530397892,0.000230339093832,293.877203837,0.0041426926,4.76,34.4552286678,0.494,3823
3.0,1.00532400608,0.000230312463827,293.938501751,0.0041426926,4.76,34.4552286678,0.494,3823
3.0,1.00523889065,0.000230309946346,293.999799565,0.0041426926,4.76,34.4552286678,0.494,3823
3.0,1.00587427616,0.000230392586673,294.061097478,0.0041426926,4.76,34.4552286678,0.494,3823
3.0,1.00582432747,0.000230324498261,294.122395391,0.0041426926,4.76,34.4552286678,0.494,3823
3.0,1.00563704967,0.000230357749388,294.183693304,0.0041426926,4.76,34.4552286678,0.494,3823
3.0,1.00609123707,0.000230397592532,294.244991217,0.0041426926,4.76,34.4552286678,0.494,3823
3.0,1.00593602657,0.0002304133086,294.30628913,0.0041426926,4.76,34.4552286678,0.494,3823
3.0,1.00558209419,0.000230391757214,294.367587043,0.0041426926,4.76,34.4552286678,0.494,3823
3.0,1.0061455965,0.000230372897931,294.428884955,0.0041426926,4.76,34.4552286678,0.494,3823
3.0,1.00556266308,0.00023036771745,294.490182968,0.0041426926,4.76,34.4552286678,0.494,3823
3.0,1.00558340549,0.000230361576541,294.55148068,0.0041426926,4.76,34.4552286678,0.494,3823
3.0,1.0057874918,0.000230335397646,294.612778593,0.0041426926,4.76,34.4552286678,0.494,3823
3.0,1.00609099865,0.000230417543207,294.674076605,0.0041426926,4.76,34.4552286678,0.494,3823
3.0,1.00589847565,0.000230427162023,294.735374517,0.0041426926,4.76,34.4552286678,0.494,3823
3.0,1.0063803196,0.000230440549785,294.796672429,0.0041426926,4.76,34.4552286678,0.494,3823
3.0,1.00583410263,0.0002303817746,294.857970342,0.0041426926,4.76,34.4552286678,0.494,3823
3.0,1.0059274435,0.00023034667538,294.919268154,0.0041426926,4.76,34.4552286678,0.494,3823
3.0,1.00652742386,0.000230391553487,294.980566166,0.0041426926,4.76,34.4552286678,0.494,3823
3.0,1.00607609749,0.000230328456382,295.041863877,0.0041426926,4.76,34.4552286678,0.494,3823
3.0,1.00627994537,0.000230396835832,295.103161889,0.0041426926,4.76,34.4552286678,0.494,3823
3.0,1.00620484352,0.000230333418585,295.164459701,0.0041426926,4.76,34.4552286678,0.494,3823
3.0,1.00646424294,0.000230433506658,295.225757713,0.0041426926,4.76,34.4552286678,0.494,3823
3.0,1.00690686703,0.000230423800531,295.287055624,0.0041426926,4.76,34.4552286678,0.494,3823
3.0,1.00622355938,0.000230347883189,295.348353536,0.0041426926,4.76,34.4552286678,0.494,3823
3.0,1.00663554668,0.000230332982028,295.409651447,0.0041426926,4.76,34.4552286678,0.494,3823
3.0,1.00639903545,0.000230366829783,295.470949359,0.0041426926,4.76,34.4552286678,0.494,3823
3.0,1.00622749329,0.000230306424783,295.53224727,0.0041426926,4.76,34.4552286678,0.494,3823
3.0,1.00643229485,0.000230415476835,295.593545082,0.0041426926,4.76,34.4552286678,0.494,3823
3.0,1.00641453266,0.000230360092246,295.654842993,0.0041426926,4.76,34.4552286678,0.494,3823
3.0,1.00609350204,0.000230281890254,295.716140904,0.0041426926,4.76,34.4552286678,0.494,3823
3.0,1.00650596619,0.00023034181504,295.777438816,0.0041426926,4.76,34.4552286678,0.494,3823
3.0,1.0059709549,0.000230319361435,295.838736727,0.0041426926,4.76,34.4552286678,0.494,3823
3.0,1.00601220131,0.000230316174566,295.900034638,0.0041426926,4.76,34.4552286678,0.494,3823
3.0,1.0058016777,0.000230284000281,295.961332549,0.0041426926,4.76,34.4552286678,0.494,3823
3.0,1.00613737106,0.000230328238104,296.022630461,0.0041426926,4.76,34.4552286678,0.494,3823
3.0,1.00608873367,0.000230327845202,296.083928372,0.0041426926,4.76,34.4552286678,0.494,3823
3.0,1.00617325306,0.000230366378673,296.145226183,0.0041426926,4.76,34.4552286678,0.494,3823
3.0,1.00583815575,0.000230295991059,296.206524094,0.0041426926,4.76,34.4552286678,0.494,3823
3.0,1.00576758385,0.000230265504797,296.267822006,0.0041426926,4.76,34.4552286678,0.494,3823
3.0,1.00583148003,0.000230299105169,296.329119917,0.0041426926,4.76,34.4552286678,0.494,3823
3.0,1.00585913658,0.000230352859944,296.390417828,0.0041426926,4.76,34.4552286678,0.494,3823
3.0,1.00622904301,0.000230380450375,296.472148376,0.0041426926,4.76,34.4552286678,0.494,3823
3.0,1.00585663319,0.000230303179706,296.533446288,0.0041426926,4.76,34.4552286678,0.494,3823
3.0,1.00622200966,0.000230345860473,296.615176836,0.0041426926,4.76,34.4552286678,0.494,3823
3.0,1.00623869896,0.000230392295634,296.676474747,0.0041426926,4.76,34.4552286678,0.494,3823
3.0,1.00606095791,0.000230338948313,296.737772659,0.0041426926,4.76,34.4552286678,0.494,3823
3.0,1.00609540939,0.000230339850532,296.79907057,0.0041426926,4.76,34.4552286678,0.494,3823
3.0,1.00648081303,0.000230329984333,296.860368481,0.0041426926,4.76,34.4552286678,0.494,3823
3.0,1.00596487522,0.000230341873248,296.921666393,0.0041426926,4.76,34.4552286678,0.494,3823
3.0,1.00605416298,0.000230316363741,296.982964304,0.0041426926,4.76,34.4552286678,0.494,3823
3.0,1.00636315346,0.000230395875406,297.044262116,0.0041426926,4.76,34.4552286678,0.494,3823
3.0,1.00601160526,0.000230330959312,297.105560027,0.0041426926,4.76,34.4552286678,0.494,3823
3.0,1.00592458248,0.00023032844183,297.166857939,0.0041426926,4.76,34.4552286678,0.494,3823
3.0,1.00604569912,0.000230320147239,297.228155851,0.0041426926,4.76,34.4552286678,0.494,3823
3.0,1.00512671471,0.00023026803683,297.289453762,0.0041426926,4.76,34.4552286678,0.494,3823
3.0,1.00587165356,0.000230297460803,297.350751674,0.0041426926,4.76,34.4552286678,0.494,3823
3.0,1.00579404831,0.000230314239161,297.412049586,0.0041426926,4.76,34.4552286678,0.494,3823
3.0,1.00546491146,0.000230312885833,297.473347498,0.0041426926,4.76,34.4552286678,0.494,3823
3.0,1.00564718246,0.000230246034334,297.53464531,0.0041426926,4.76,34.4552286678,0.494,3823
3.0,1.00569820404,0.0002302951616,297.595943222,0.0041426926,4.76,34.4552286678,0.494,3823
3.0,1.00547242165,0.00023026643612,297.657241134,0.0041426926,4.76,34.4552286678,0.494,3823
3.0,1.00479233265,0.000230213219766,297.718539046,0.0041426926,4.76,34.4552286678,0.494,3823
3.0,1.00540924072,0.000230286066653,297.779836958,0.0041426926,4.76,34.4552286678,0.494,3823
3.0,1.00550448895,0.000230324440054,297.841134871,0.0041426926,4.76,34.4552286678,0.494,3823
3.0,1.00565981865,0.000230225909036,297.902432783,0.0041426926,4.76,34.4552286678,0.494,3823
3.0,1.00543236732,0.000230282996199,297.963730696,0.0041426926,4.76,34.4552286678,0.494,3823
3.0,1.00565326214,0.000230303674471,298.025028708,0.0041426926,4.76,34.4552286678,0.494,3823
3.0,1.00526595116,0.00023031233286,298.086326421,0.0041426926,4.76,34.4552286678,0.494,3823
3.0,1.00517702103,0.000230334524531,298.147624334,0.0041426926,4.76,34.4552286678,0.494,3823
3.0,1.00500500202,0.000230287143495,298.208922247,0.0041426926,4.76,34.4552286678,0.494,3823
3.0,1.00523817539,0.000230272547924,298.27022016,0.0041426926,4.76,34.4552286678,0.494,3823
3.0,1.00541317463,0.000230334146181,298.331518073,0.0041426926,4.76,34.4552286678,0.494,3823
3.0,1.00545334816,0.00023025093833,298.392815986,0.0041426926,4.76,34.4552286678,0.494,3823
3.0,1.0054833889,0.00023032851459,298.454113899,0.0041426926,4.76,34.4552286678,0.494,3823
3.0,1.00528562069,0.000230320743867,298.515411813,0.0041426926,4.76,34.4552286678,0.494,3823
3.0,1.00563848019,0.000230278659728,298.576709827,0.0041426926,4.76,34.4552286678,0.494,3823
3.0,1.00493812561,0.000230302859563,298.63800754,0.0041426926,4.76,34.4552286678,0.494,3823
3.0,1.00530576706,0.000230175515753,298.699305454,0.0041426926,4.76,34.4552286678,0.494,3823
3.0,1.00505554676,0.000230284480494,298.760603468,0.0041426926,4.76,34.4552286678,0.494,3823
3.0,1.00484931469,0.00023032342142,298.821901382,0.0041426926,4.76,34.4552286678,0.494,3823
3.0,1.00461137295,0.000230267309234,298.883199297,0.0041426926,4.76,34.4552286678,0.494,3823
3.0,1.00476861,0.000230284422287,298.944497211,0.0041426926,4.76,34.4552286678,0.494,3823
3.0,1.0046069622,0.00023025579867,299.005795126,0.0041426926,4.76,34.4552286678,0.494,3823
3.0,1.00420773029,0.000230265941354,299.06709304,0.0041426926,4.76,34.4552286678,0.494,3823
3.0,1.00456297398,0.000230306293815,299.128390955,0.0041426926,4.76,34.4552286678,0.494,3823
3.0,1.00482428074,0.000230297169765,299.18968877,0.0041426926,4.76,34.4552286678,0.494,3823
3.0,1.00409436226,0.000230287449085,299.250986686,0.0041426926,4.76,34.4552286678,0.494,3823
3.0,1.00452148914,0.000230281744734,299.312284601,0.0041426926,4.76,34.4552286678,0.494,3823
3.0,1.00429844856,0.00023030549346,299.373582516,0.0041426926,4.76,34.4552286678,0.494,3823
3.0,1.00425088406,0.000230309204198,299.455312971,0.0041426926,4.76,34.4552286678,0.494,3823
3.0,1.00391435623,0.000230285906582,299.516610887,0.0041426926,4.76,34.4552286678,0.494,3823
3.0,1.00365328789,0.000230284276768,299.577908803,0.0041426926,4.76,34.4552286678,0.494,3823
3.0,1.00380671024,0.000230318502872,299.639206819,0.0041426926,4.76,34.4552286678,0.494,3823
3.0,1.00431454182,0.000230306963203,299.700504736,0.0041426926,4.76,34.4552286678,0.494,3823
3.0,1.00360250473,0.000230300909607,299.761802652,0.0041426926,4.76,34.4552286678,0.494,3823
3.0,1.00399398804,0.000230271994951,299.823100569,0.0041426926,4.76,34.4552286678,0.494,3823
3.0,1.0037317276,0.00023024136317,299.884398386,0.0041426926,4.76,34.4552286678,0.494,3823
3.0,1.00396430492,0.00023027433781,299.945696303,0.0041426926,4.76,34.4552286678,0.494,3823
3.0,1.00384712219,0.000230275429203,300.006994221,0.0041426926,4.76,34.4552286678,0.494,3823
3.0,1.00356972218,0.000230231860769,300.068292138,0.0041426926,4.76,34.4552286678,0.494,3823
3.0,1.00357627869,0.000230234683841,300.129590056,0.0041426926,4.76,34.4552286678,0.494,3823
3.0,1.00346457958,0.000230306774029,300.190887974,0.0041426926,4.76,34.4552286678,0.494,3823
3.0,1.00398993492,0.000230289369938,300.252185893,0.0041426926,4.76,34.4552286678,0.494,3823
3.0,1.00374102592,0.00023027631687,300.313483811,0.0041426926,4.76,34.4552286678,0.494,3823
3.0,1.00362753868,0.000230268196901,300.39521427,0.0041426926,4.76,34.4552286678,0.494,3823
3.0,1.00386035442,0.000230369492783,300.456512189,0.0041426926,4.76,34.4552286678,0.494,3823
3.0,1.00337159634,0.000230271689361,300.517810208,0.0041426926,4.76,34.4552286678,0.494,3823
3.0,1.00400578976,0.00023037144274,300.579107927,0.0041426926,4.76,34.4552286678,0.494,3823
3.0,1.00370228291,0.000230296544032,300.640405947,0.0041426926,4.76,34.4552286678,0.494,3823
3.0,1.00301980972,0.000230234174524,300.701703867,0.0041426926,4.76,34.4552286678,0.494,3823
3.0,1.00361645222,0.000230282210396,300.763001787,0.0041426926,4.76,34.4552286678,0.494,3823
3.0,1.00315845013,0.000230315417866,300.824299708,0.0041426926,4.76,34.4552286678,0.494,3823
3.0,1.00282144547,0.000230203339015,300.885597629,0.0041426926,4.76,34.4552286678,0.494,3823
3.0,1.00361859798,0.000230321660638,300.94689555,0.0041426926,4.76,34.4552286678,0.494,3823
3.0,1.00327312946,0.000230268095038,301.008193471,0.0041426926,4.76,34.4552286678,0.494,3823
3.0,1.00334370136,0.00023035040067,301.069491392,0.0041426926,4.76,34.4552286678,0.494,3823
3.0,1.00324296951,0.000230296282098,301.130789214,0.0041426926,4.76,34.4552286678,0.494,3823
3.0,1.002851367,0.000230321777053,301.192087136,0.0041426926,4.76,34.4552286678,0.494,3823
3.0,1.00310564041,0.000230338642723,301.253385058,0.0041426926,4.76,34.4552286678,0.494,3823
3.0,1.00319671631,0.000230355391977,301.314682981,0.0041426926,4.76,34.4552286678,0.494,3823
3.0,1.00316464901,0.00023032752506,301.375980904,0.0041426926,4.76,34.4552286678,0.494,3823
3.0,1.003516078,0.00023036255152,301.437278827,0.0041426926,4.76,34.4552286678,0.494,3823
3.0,1.00300252438,0.000230307690799,301.49857675,0.0041426926,4.76,34.4552286678,0.494,3823
3.0,1.0026705265,0.000230273624766,301.559874674,0.0041426926,4.76,34.4552286678,0.494,3823
3.0,1.00302267075,0.000230250036111,301.621172598,0.0041426926,4.76,34.4552286678,0.494,3823
3.0,1.00294554234,0.000230280784308,301.682470422,0.0041426926,4.76,34.4552286678,0.494,3823
3.0,1.00335586071,0.000230304605793,301.743768347,0.0041426926,4.76,34.4552286678,0.494,3823
3.0,1.00328540802,0.000230268909945,301.805066272,0.0041426926,4.76,34.4552286678,0.494,3823
3.0,1.00320708752,0.000230330799241,301.866364197,0.0041426926,4.76,34.4552286678,0.494,3823
3.0,1.00237619877,0.000230306293815,301.927662122,0.0041426926,4.76,34.4552286678,0.494,3823
3.0,1.00253856182,0.000230294797802,301.988960048,0.0041426926,4.76,34.4552286678,0.494,3823
3.0,1.00324964523,0.000230352132348,302.050257974,0.0041426926,4.76,34.4552286678,0.494,3823
3.0,1.00281012058,0.000230349556659,302.111556,0.0041426926,4.76,34.4552286678,0.494,3823
3.0,1.00305986404,0.000230317717069,302.172853927,0.0041426926,4.76,34.4552286678,0.494,3823
3.0,1.00262260437,0.000230276753427,302.234151654,0.0041426926,4.76,34.4552286678,0.494,3823
3.0,1.00249886513,0.00023027251882,302.295449582,0.0041426926,4.76,34.4552286678,0.494,3823
3.0,1.00252211094,0.000230245728744,302.356747509,0.0041426926,4.76,34.4552286678,0.494,3823
3.0,1.00251317024,0.000230293822824,302.43847808,0.0041426926,4.76,34.4552286678,0.494,3823
3.0,1.00294566154,0.000230319405091,302.499776009,0.0041426926,4.76,34.4552286678,0.494,3823
3.0,1.00231969357,0.000230268997257,302.561073937,0.0041426926,4.76,34.4552286678,0.494,3823
3.0,1.00231361389,0.000230329053011,302.622371867,0.0041426926,4.76,34.4552286678,0.494,3823
3.0,1.00249946117,0.00023028900614,302.683669796,0.0041426926,4.76,34.4552286678,0.494,3823
3.0,1.00239086151,0.000230281802942,302.744967726,0.0041426926,4.76,34.4552286678,0.494,3823
3.0,1.00245320797,0.000230281220865,302.806265656,0.0041426926,4.76,34.4552286678,0.494,3823
3.0,1.00190448761,0.000230253921472,302.867563587,0.0041426926,4.76,34.4552286678,0.494,3823
3.0,1.00311398506,0.000230371879297,302.928861518,0.0041426926,4.76,34.4552286678,0.494,3823
3.0,1.00242137909,0.000230308665778,302.990159349,0.0041426926,4.76,34.4552286678,0.494,3823
3.0,1.00247704983,0.000230330144404,303.051457281,0.0041426926,4.76,34.4552286678,0.494,3823
3.0,1.00235331059,0.000230314748478,303.112755213,0.0041426926,4.76,34.4552286678,0.494,3823
3.0,1.00274205208,0.000230286794249,303.174053245,0.0041426926,4.76,34.4552286678,0.494,3823
3.0,1.00235259533,0.000230302670388,303.235351178,0.0041426926,4.76,34.4552286678,0.494,3823
3.0,1.00271558762,0.000230319987168,303.296649011,0.0041426926,4.76,34.4552286678,0.494,3823
3.0,1.00237357616,0.000230322795687,303.357946945,0.0041426926,4.76,34.4552286678,0.494,3823
3.0,1.00233674049,0.000230294957873,303.419244879,0.0041426926,4.76,34.4552286678,0.494,3823
3.0,1.00230467319,0.000230267760344,303.480542713,0.0041426926,4.76,34.4552286678,0.494,3823
3.0,1.00197970867,0.0002302856592,303.541840648,0.0041426926,4.76,34.4552286678,0.494,3823
3.0,1.00231170654,0.000230294230278,303.603138583,0.0041426926,4.76,34.4552286678,0.494,3823
3.0,1.00201129913,0.000230245117564,303.664436519,0.0041426926,4.76,34.4552286678,0.494,3823
3.0,1.00238025188,0.000230308040045,303.725734555,0.0041426926,4.76,34.4552286678,0.494,3823
3.0,1.0027680397,0.000230384364841,303.787032491,0.0041426926,4.76,34.4552286678,0.494,3823
3.0,1.00216591358,0.000230314268265,303.848330428,0.0041426926,4.76,34.4552286678,0.494,3823
3.0,1.00229871273,0.000230381367146,303.909628365,0.0041426926,4.76,34.4552286678,0.494,3823
3.0,1.00217199326,0.000230357938563,303.970926303,0.0041426926,4.76,34.4552286678,0.494,3823
3.0,1.00214087963,0.00023032259196,304.032224141,0.0041426926,4.76,34.4552286678,0.494,3823
3.0,1.00229203701,0.000230339646805,304.093522079,0.0041426926,4.76,34.4552286678,0.494,3823
3.0,1.00278294086,0.000230688994634,304.154820018,0.0041426926,4.76,34.4552286678,0.494,3823
3.0,1.00186383724,0.000230273944908,304.216117957,0.0041426926,4.76,34.4552286678,0.494,3823
3.0,1.00184202194,0.000230328951147,304.277415897,0.0041426926,4.76,34.4552286678,0.494,3823
3.0,1.00191438198,0.000230321456911,304.338713837,0.0041426926,4.76,34.4552286678,0.494,3823
3.0,1.00180196762,0.000230282894336,304.400011778,0.0041426926,4.76,34.4552286678,0.494,3823
3.0,1.00193095207,0.000230420104344,304.461309719,0.0041426926,4.76,34.4552286678,0.494,3823
3.0,1.00186562538,0.000230311401538,304.52260766,0.0041426926,4.76,34.4552286678,0.494,3823
3.0,1.00204575062,0.000230389836361,304.583905602,0.0041426926,4.76,34.4552286678,0.494,3823
3.0,1.00153315067,0.000230334888329,304.645203445,0.0041426926,4.76,34.4552286678,0.494,3823
3.0,1.00143563747,0.000230264224228,304.706501388,0.0041426926,4.76,34.4552286678,0.494,3823
3.0,1.00183129311,0.000230436533457,304.767799331,0.0041426926,4.76,34.4552286678,0.494,3823
3.0,1.00176227093,0.000230473247939,304.829097275,0.0041426926,4.76,34.4552286678,0.494,3823
3.0,1.00126135349,0.00023035146296,304.890395219,0.0041426926,4.76,34.4552286678,0.494,3823
3.0,1.00118875504,0.000230368386838,304.951693164,0.0041426926,4.76,34.4552286678,0.494,3823
3.0,1.00157392025,0.000230419114814,305.012991109,0.0041426926,4.76,34.4552286678,0.494,3823
3.0,1.001049757,0.000230401827139,305.074289055,0.0041426926,4.76,34.4552286678,0.494,3823
3.0,1.00156390667,0.000230415622354,305.135587001,0.0041426926,4.76,34.4552286678,0.494,3823
3.0,1.00145733356,0.000230420118896,305.196884848,0.0041426926,4.76,34.4552286678,0.494,3823
3.0,1.0013769865,0.000230438236031,305.258182795,0.0041426926,4.76,34.4552286678,0.494,3823
3.0,1.00132095814,0.000230423771427,305.319480742,0.0041426926,4.76,34.4552286678,0.494,3823
3.0,1.00112509727,0.000230438250583,305.40121134,0.0041426926,4.76,34.4552286678,0.494,3823
3.0,1.00129723549,0.000230461053434,305.462509289,0.0041426926,4.76,34.4552286678,0.494,3823
3.0,1.00081586838,0.000230421035667,305.523807238,0.0041426926,4.76,34.4552286678,0.494,3823
3.0,1.00150954723,0.000230451900279,305.585105188,0.0041426926,4.76,34.4552286678,0.494,3823
3.0,1.00064396858,0.000230351142818,305.646403138,0.0041426926,4.76,34.4552286678,0.494,3823
3.0,1.00066423416,0.000230369871133,305.707701089,0.0041426926,4.76,34.4552286678,0.494,3823
3.0,1.00108087063,0.000230443125474,305.76899904,0.0041426926,4.76,34.4552286678,0.494,3823
3.0,1.00102365017,0.000230438818107,305.830296992,0.0041426926,4.76,34.4552286678,0.494,3823
3.0,1.00019538403,0.000230336780078,305.891594845,0.0041426926,4.76,34.4552286678,0.494,3823
3.0,1.00019514561,0.000230370846111,305.952892797,0.0041426926,4.76,34.4552286678,0.494,3823
3.0,1.00062060356,0.000230405203183,306.014190751,0.0041426926,4.76,34.4552286678,0.494,3823
3.0,1.00002074242,0.000230322708376,306.075488705,0.0041426926,4.76,34.4552286678,0.494,3823
3.0,0.999529361725,0.000230330129853,306.136786659,0.0041426926,4.76,34.4552286678,0.494,3823
3.0,1.00039720535,0.000230341247516,306.198084614,0.0041426926,4.76,34.4552286678,0.494,3823
3.0,1.00021457672,0.000230369652854,306.25938267,0.0041426926,4.76,34.4552286678,0.494,3823
3.0,1.00019574165,0.000230422359891,306.320680626,0.0041426926,4.76,34.4552286678,0.494,3823
3.0,1.00025236607,0.00023042736575,306.381978483,0.0041426926,4.76,34.4552286678,0.494,3823
3.0,0.999743461609,0.000230332094361,306.44327654,0.0041426926,4.76,34.4552286678,0.494,3823
3.0,1.00012004375,0.000230407720665,306.504574298,0.0041426926,4.76,34.4552286678,0.494,3823
3.0,1.00013852119,0.000230380799621,306.565872256,0.0041426926,4.76,34.4552286678,0.494,3823
3.0,0.999915003777,0.000230379708228,306.627170215,0.0041426926,4.76,34.4552286678,0.494,3823
3.0,0.999493122101,0.000230394638493,306.688468175,0.0041426926,4.76,34.4552286678,0.494,3823
3.0,0.999643445015,0.000230365505558,306.749766135,0.0041426926,4.76,34.4552286678,0.494,3823
3.0,0.99958384037,0.000230376957916,306.811064195,0.0041426926,4.76,34.4552286678,0.494,3823
3.0,0.999791026115,0.000230389327044,306.872362157,0.0041426926,4.76,34.4552286678,0.494,3823
3.0,0.999953985214,0.000230392659432,306.933660118,0.0041426926,4.76,34.4552286678,0.494,3823
3.0,0.999380588531,0.000230376681429,306.994958081,0.0041426926,4.76,34.4552286678,0.494,3823
3.0,0.999779939651,0.000230403136811,307.056255944,0.0041426926,4.76,34.4552286678,0.494,3823
3.0,0.999823451042,0.000230401856243,307.117553907,0.0041426926,4.76,34.4552286678,0.494,3823
3.0,0.999706506729,0.000230382662266,307.178851871,0.0041426926,4.76,34.4552286678,0.494,3823
3.0,0.999936342239,0.000230436358834,307.240149836,0.0041426926,4.76,34.4552286678,0.494,3823
3.0,0.999725103378,0.000230406338233,307.301447802,0.0041426926,4.76,34.4552286678,0.494,3823
3.0,0.999140918255,0.000230354926316,307.362745767,0.0041426926,4.76,34.4552286678,0.494,3823
3.0,0.999614477158,0.000230367295444,307.424043734,0.0041426926,4.76,34.4552286678,0.494,3823
3.0,0.999375760555,0.000230362449656,307.485341701,0.0041426926,4.76,34.4552286678,0.494,3823
3.0,0.999188065529,0.000230388905038,307.546639669,0.0041426926,4.76,34.4552286678,0.494,3823
3.0,0.999544262886,0.000230400124565,307.607937537,0.0041426926,4.76,34.4552286678,0.494,3823
3.0,0.999344289303,0.000230383739108,307.669235506,0.0041426926,4.76,34.4552286678,0.494,3823
3.0,0.999527812004,0.000230412289966,307.730533476,0.0041426926,4.76,34.4552286678,0.494,3823
3.0,0.999636650085,0.000230420817388,307.791831446,0.0041426926,4.76,34.4552286678,0.494,3823
3.0,0.999565124512,0.000230418969295,307.853129417,0.0041426926,4.76,34.4552286678,0.494,3823
3.0,0.998742103577,0.000230354911764,307.914427389,0.0041426926,4.76,34.4552286678,0.494,3823
3.0,0.999689340591,0.000230419653235,307.975725361,0.0041426926,4.76,34.4552286678,0.494,3823
3.0,0.999365448952,0.000230433914112,308.037023334,0.0041426926,4.76,34.4552286678,0.494,3823
3.0,0.998936474323,0.000230363250012,308.098321307,0.0041426926,4.76,34.4552286678,0.494,3823
3.0,0.999204695225,0.000230365491007,308.159619281,0.0041426926,4.76,34.4552286678,0.494,3823
3.0,0.998483717442,0.00023031438468,308.220917156,0.0041426926,4.76,34.4552286678,0.494,3823
3.0,0.998878598213,0.00023038132349,308.282215131,0.0041426926,4.76,34.4552286678,0.494,3823
3.0,0.998683512211,0.000230328398175,308.343513107,0.0041426926,4.76,34.4552286678,0.494,3823
3.0,0.998849332333,0.000230390054639,308.425243743,0.0041426926,4.76,34.4552286678,0.494,3823
3.0,0.998565971851,0.000230345263844,308.486541721,0.0041426926,4.76,34.4552286678,0.494,3823
3.0,0.998891532421,0.000230356541579,308.547839699,0.0041426926,4.76,34.4552286678,0.494,3823
3.0,0.998449385166,0.00023035320919,308.609137678,0.0041426926,4.76,34.4552286678,0.494,3823
3.0,0.998841047287,0.000230340636335,308.670435657,0.0041426926,4.76,34.4552286678,0.494,3823
3.0,0.999020755291,0.000230364559684,308.731733638,0.0041426926,4.76,34.4552286678,0.494,3823
3.0,0.999296247959,0.000230409772485,308.793031619,0.0041426926,4.76,34.4552286678,0.494,3823
3.0,0.998785555363,0.000230342207942,308.8543296,0.0041426926,4.76,34.4552286678,0.494,3823
3.0,0.998505890369,0.000230298814131,308.915627583,0.0041426926,4.76,34.4552286678,0.494,3823
3.0,0.998279690742,0.000230322999414,308.976925566,0.0041426926,4.76,34.4552286678,0.494,3823
3.0,0.997834980488,0.000230341232964,309.038223449,0.0041426926,4.76,34.4552286678,0.494,3823
3.0,0.99785399437,0.000230336605455,309.099521434,0.0041426926,4.76,34.4552286678,0.494,3823
3.0,0.998313784599,0.000230323217693,309.160819419,0.0041426926,4.76,34.4552286678,0.494,3823
3.0,0.998257339001,0.000230361882132,309.222117405,0.0041426926,4.76,34.4552286678,0.494,3823
3.0,0.998269677162,0.000230349673075,309.283415391,0.0041426926,4.76,34.4552286678,0.494,3823
3.0,0.998229920864,0.000230316029047,309.344713478,0.0041426926,4.76,34.4552286678,0.494,3823
3.0,0.998318076134,0.000230370744248,309.406011466,0.0041426926,4.76,34.4552286678,0.494,3823
3.0,0.998089373112,0.00023032988247,309.467309355,0.0041426926,4.76,34.4552286678,0.494,3823
3.0,0.998539686203,0.00023035245249,309.528607344,0.0041426926,4.76,34.4552286678,0.494,3823
3.0,0.998518705368,0.000230308884056,309.589905335,0.0041426926,4.76,34.4552286678,0.494,3823
3.0,0.998488247395,0.000230344652664,309.651203225,0.0041426926,4.76,34.4552286678,0.494,3823
3.0,0.997757554054,0.000230300516705,309.712501217,0.0041426926,4.76,34.4552286678,0.494,3823
3.0,0.998426795006,0.000230412231758,309.773799209,0.0041426926,4.76,34.4552286678,0.494,3823
3.0,0.997678637505,0.000230284684221,309.835097302,0.0041426926,4.76,34.4552286678,0.494,3823
3.0,0.997968435287,0.00023035358754,309.896395296,0.0041426926,4.76,34.4552286678,0.494,3823
3.0,0.997763991356,0.000230251302128,309.957693291,0.0041426926,4.76,34.4552286678,0.494,3823
3.0,0.997160077095,0.000230306119192,310.018991286,0.0041426926,4.76,34.4552286678,0.494,3823
3.0,0.997277259827,0.000230284946156,310.080289282,0.0041426926,4.76,34.4552286678,0.494,3823
3.0,0.997232913971,0.000230348960031,310.141587279,0.0041426926,4.76,34.4552286678,0.494,3823
3.0,0.997699677944,0.000230293968343,310.202885276,0.0041426926,4.76,34.4552286678,0.494,3823
3.0,0.997732758522,0.000230309815379,310.264183175,0.0041426926,4.76,34.4552286678,0.494,3823
3.0,0.996768653393,0.000230323930737,310.325481174,0.0041426926,4.76,34.4552286678,0.494,3823
3.0,0.997167050838,0.00023030686134,310.386779174,0.0041426926,4.76,34.4552286678,0.494,3823
3.0,0.997487545013,0.000230353354709,310.448077174,0.0041426926,4.76,34.4552286678,0.494,3823
3.0,0.997579991817,0.000230345875025,310.509375176,0.0041426926,4.76,34.4552286678,0.494,3823
3.0,0.997503817081,0.000230302772252,310.570673178,0.0041426926,4.76,34.4552286678,0.494,3823
3.0,0.997727096081,0.000230321151321,310.631971181,0.0041426926,4.76,34.4552286678,0.494,3823
3.0,0.996723413467,0.000230259669479,310.693269184,0.0041426926,4.76,34.4552286678,0.494,3823
3.0,0.997046470642,0.000230306599406,310.754567189,0.0041426926,4.76,34.4552286678,0.494,3823
3.0,0.997636258602,0.000230268444284,310.815865194,0.0041426926,4.76,34.4552286678,0.494,3823
3.0,0.99721711874,0.000230313613429,310.8771631,0.0041426926,4.76,34.4552286678,0.494,3823
3.0,0.997368037701,0.000230352248764,310.938461107,0.0041426926,4.76,34.4552286678,0.494,3823
3.0,0.996926903725,0.000230292833294,310.999759115,0.0041426926,4.76,34.4552286678,0.494,3823
3.0,0.99757361412,0.000230338948313,311.061057123,0.0041426926,4.76,34.4552286678,0.494,3823
3.0,0.996949851513,0.000230257908697,311.122355133,0.0041426926,4.76,34.4552286678,0.494,3823
3.0,0.996551930904,0.000230242585531,311.183653143,0.0041426926,4.76,34.4552286678,0.494,3823
3.0,0.996918320656,0.000230285440921,311.244951154,0.0041426926,4.76,34.4552286678,0.494,3823
3.0,0.996603131294,0.000230269113672,311.306249166,0.0041426926,4.76,34.4552286678,0.494,3823
3.0,0.99604421854,0.000230221296079,311.387979849,0.0041426926,4.76,34.4552286678,0.494,3823
3.0,0.99369841814,0.000230229459703,311.449277863,0.0041426926,4.76,34.4552286678,0.494,3823
3.0,0.996867775917,0.000230274439673,311.510575877,0.0041426926,4.76,34.4552286678,0.494,3823
3.0,0.996541440487,0.000230284640566,311.571873893,0.0041426926,4.76,34.4552286678,0.494,3823
3.0,0.996539950371,0.000230289297178,311.633171909,0.0041426926,4.76,34.4552286678,0.494,3823
3.0,0.996571719646,0.000230245321291,311.694469826,0.0041426926,4.76,34.4552286678,0.494,3823
3.0,0.996847867966,0.000230382618611,311.755767844,0.0041426926,4.76,34.4552286678,0.494,3823
3.0,0.996820688248,0.000230320380069,311.817065862,0.0041426926,4.76,34.4552286678,0.494,3823
3.0,0.996874272823,0.000230274919886,311.878363882,0.0041426926,4.76,34.4552286678,0.494,3823
3.0,0.996540188789,0.000230300560361,311.939661902,0.0041426926,4.76,34.4552286678,0.494,3823
3.0,0.99705529213,0.000230314064538,312.000959924,0.0041426926,4.76,34.4552286678,0.494,3823
3.0,0.996839344501,0.000230307559832,312.062257946,0.0041426926,4.76,34.4552286678,0.494,3823
3.0,0.996505916119,0.000230284931604,312.123555969,0.0041426926,4.76,34.4552286678,0.494,3823
3.0,0.996420264244,0.000230316363741,312.184853993,0.0041426926,4.76,34.4552286678,0.494,3823
3.0,0.996306717396,0.000230322650168,312.246152117,0.0041426926,4.76,34.4552286678,0.494,3823
3.0,0.995900690556,0.000230292745982,312.307450143,0.0041426926,4.76,34.4552286678,0.494,3823
3.0,0.996292233467,0.000230334830121,312.368748069,0.0041426926,4.76,34.4552286678,0.494,3823
3.0,0.996181309223,0.000230283447308,312.430046097,0.0041426926,4.76,34.4552286678,0.494,3823
3.0,0.995712578297,0.00023029797012,312.491344125,0.0041426926,4.76,34.4552286678,0.494,3823
3.0,0.995648801327,0.000230293517234,312.552642054,0.0041426926,4.76,34.4552286678,0.494,3823
3.0,0.995897948742,0.000230296645896,312.613940084,0.0041426926,4.76,34.4552286678,0.494,3823
3.0,0.995989024639,0.000230322228163,312.675238115,0.0041426926,4.76,34.4552286678,0.494,3823
3.0,0.995467960835,0.000230286939768,312.736536247,0.0041426926,4.76,34.4552286678,0.494,3823
3.0,0.99608707428,0.000230313671636,312.797834279,0.0041426926,4.76,34.4552286678,0.494,3823
3.0,0.995601534843,0.000230234218179,312.859132313,0.0041426926,4.76,34.4552286678,0.494,3823
3.0,0.995717346668,0.000230302059208,312.920430347,0.0041426926,4.76,34.4552286678,0.494,3823
3.0,0.995261788368,0.000230274206842,312.981728283,0.0041426926,4.76,34.4552286678,0.494,3823
3.0,0.995385050774,0.000230214587646,313.043026319,0.0041426926,4.76,34.4552286678,0.494,3823
3.0,0.994967281818,0.000230205565458,313.104324356,0.0041426926,4.76,34.4552286678,0.494,3823
3.0,0.995265066624,0.000230238016229,313.165622395,0.0041426926,4.76,34.4552286678,0.494,3823
3.0,0.995089352131,0.000230281701079,313.226920434,0.0041426926,4.76,34.4552286678,0.494,3823
3.0,0.994687259197,0.000230229547014,313.288218474,0.0041426926,4.76,34.4552286678,0.494,3823
3.0,0.995212495327,0.000230272722547,313.349516514,0.0041426926,4.76,34.4552286678,0.494,3823
3.0,0.995916604996,0.000230346427998,313.410814556,0.0041426926,4.76,34.4552286678,0.494,3823
3.0,0.994727432728,0.000230288133025,313.472112599,0.0041426926,4.76,34.4552286678,0.494,3823
3.0,0.99491161108,0.000230269826716,313.533410643,0.0041426926,4.76,34.4552286678,0.494,3823
3.0,0.995174586773,0.000230265271966,313.594708687,0.0041426926,4.76,34.4552286678,0.494,3823
3.0,0.994959950447,0.000230314632063,313.656006633,0.0041426926,4.76,34.4552286678,0.494,3823
3.0,0.995542109013,0.000230325313169,313.71730468,0.0041426926,4.76,34.4552286678,0.494,3823
3.0,0.994944036007,0.000230244797422,313.778602727,0.0041426926,4.76,34.4552286678,0.494,3823
3.0,0.994919776917,0.000230262419791,313.839900776,0.0041426926,4.76,34.4552286678,0.494,3823
3.0,0.995242416859,0.000230196892517,313.901198825,0.0041426926,4.76,34.4552286678,0.494,3823
3.0,0.994543671608,0.000230236226344,313.962496875,0.0041426926,4.76,34.4552286678,0.494,3823
3.0,0.994781792164,0.000230235207709,314.023794927,0.0041426926,4.76,34.4552286678,0.494,3823
3.0,0.994913458824,0.000230297417147,314.085092979,0.0041426926,4.76,34.4552286678,0.494,3823
3.0,0.994951784611,0.000230300502153,314.146391032,0.0041426926,4.76,34.4552286678,0.494,3823
3.0,0.994827270508,0.000230254096095,314.207689087,0.0041426926,4.76,34.4552286678,0.494,3823
3.0,0.994373977184,0.000230225647101,314.268987042,0.0041426926,4.76,34.4552286678,0.494,3823
3.0,0.994499385357,0.000230265533901,314.350717884,0.0041426926,4.76,34.4552286678,0.494,3823
3.0,0.994234323502,0.000230240460951,314.412015941,0.0041426926,4.76,34.4552286678,0.494,3823
3.0,0.993324816227,0.000230191653827,314.4733139,0.0041426926,4.76,34.4552286678,0.494,3823
3.0,0.994205355644,0.000230235251365,314.534611959,0.0041426926,4.76,34.4552286678,0.494,3823
3.0,0.994050502777,0.000230236648349,314.59591002,0.0041426926,4.76,34.4552286678,0.494,3823
3.0,0.99435377121,0.000230300822295,314.657208081,0.0041426926,4.76,34.4552286678,0.494,3823
3.0,0.994025707245,0.000230290883337,314.718506144,0.0041426926,4.76,34.4552286678,0.494,3823
3.0,0.994168162346,0.000230311969062,314.779804207,0.0041426926,4.76,34.4552286678,0.494,3823
3.0,0.994023323059,0.000230225326959,314.841102272,0.0041426926,4.76,34.4552286678,0.494,3823
3.0,0.994283378124,0.000230243356782,314.902400337,0.0041426926,4.76,34.4552286678,0.494,3823
3.0,0.993975579739,0.000230297358939,314.963698404,0.0041426926,4.76,34.4552286678,0.494,3823
3.0,0.993753612041,0.000230255231145,315.024996471,0.0041426926,4.76,34.4552286678,0.494,3823
3.0,0.994227826595,0.000230257384828,315.08629464,0.0041426926,4.76,34.4552286678,0.494,3823
3.0,0.993452131748,0.000230218967772,315.14759251,0.0041426926,4.76,34.4552286678,0.494,3823
3.0,0.993773937225,0.0002302450157,315.20889058,0.0041426926,4.76,34.4552286678,0.494,3823
3.0,0.993432402611,0.000230248522712,315.270188652,0.0041426926,4.76,34.4552286678,0.494,3823
3.0,0.993032753468,0.00023018392676,315.331486825,0.0041426926,4.76,34.4552286678,0.494,3823
3.0,0.993726789951,0.000230232413742,315.392784898,0.0041426926,4.76,34.4552286678,0.494,3823
3.0,0.992996752262,0.000230193109019,315.454082973,0.0041426926,4.76,34.4552286678,0.494,3823
3.0,0.993422746658,0.000230175050092,315.515381049,0.0041426926,4.76,34.4552286678,0.494,3823
3.0,0.993714809418,0.000230224046391,315.576679126,0.0041426926,4.76,34.4552286678,0.494,3823
3.0,0.993264555931,0.000230205449043,315.637977104,0.0041426926,4.76,34.4552286678,0.494,3823
3.0,0.993632555008,0.000230230420129,315.699275283,0.0041426926,4.76,34.4552286678,0.494,3823
3.0,0.994085431099,0.000230286022997,315.760573163,0.0041426926,4.76,34.4552286678,0.494,3823
3.0,0.993218898773,0.000230221019592,315.821871344,0.0041426926,4.76,34.4552286678,0.494,3823
3.0,0.993062078953,0.00023018300999,315.883169426,0.0041426926,4.76,34.4552286678,0.494,3823
3.0,0.993316292763,0.000230210251175,315.944467509,0.0041426926,4.76,34.4552286678,0.494,3823
3.0,0.993421316147,0.000230248755543,316.005765593,0.0041426926,4.76,34.4552286678,0.494,3823
3.0,0.993750572205,0.000230247431318,316.067063679,0.0041426926,4.76,34.4552286678,0.494,3823
3.0,0.993385136127,0.000230227029533,316.128361765,0.0041426926,4.76,34.4552286678,0.494,3823
3.0,0.993392825127,0.000230202393141,316.189659853,0.0041426926,4.76,34.4552286678,0.494,3823
3.0,0.993198156357,0.000230207602726,316.250957941,0.0041426926,4.76,34.4552286678,0.494,3823
3.0,0.993787407875,0.000230225239648,316.312256031,0.0041426926,4.76,34.4552286678,0.494,3823
3.0,0.993394553661,0.000230312522035,316.373554122,0.0041426926,4.76,34.4552286678,0.494,3823
3.0,0.993508636951,0.000230241770623,316.434852114,0.0041426926,4.76,34.4552286678,0.494,3823
3.0,0.993457198143,0.000230261663091,316.496150207,0.0041426926,4.76,34.4552286678,0.494,3823
3.0,0.993214786053,0.000230229445151,316.557448301,0.0041426926,4.76,34.4552286678,0.494,3823
3.0,0.993232727051,0.000230213161558,316.618746396,0.0041426926,4.76,34.4552286678,0.494,3823
3.0,0.993026912212,0.000230193632888,316.680044492,0.0041426926,4.76,34.4552286678,0.494,3823
3.0,0.993094265461,0.000230193967582,316.74134259,0.0041426926,4.76,34.4552286678,0.494,3823
3.0,0.99275380373,0.00023017716012,316.802640688,0.0041426926,4.76,34.4552286678,0.494,3823
3.0,0.993116796017,0.000230234902119,316.863938788,0.0041426926,4.76,34.4552286678,0.494,3823
3.0,0.992771148682,0.000230197430938,316.925236889,0.0041426926,4.76,34.4552286678,0.494,3823
3.0,0.993288457394,0.000230241581448,316.986534991,0.0041426926,4.76,34.4552286678,0.494,3823
3.0,0.993973851204,0.00023030131706,317.047832994,0.0041426926,4.76,34.4552286678,0.494,3823
3.0,0.993524849415,0.000230278194067,317.109131098,0.0041426926,4.76,34.4552286678,0.494,3823
3.0,0.993075251579,0.000230238802033,317.170429203,0.0041426926,4.76,34.4552286678,0.494,3823
3.0,0.993361532688,0.000230280624237,317.231727309,0.0041426926,4.76,34.4552286678,0.494,3823
3.0,0.993088543415,0.000230293531786,317.293025517,0.0041426926,4.76,34.4552286678,0.494,3823
3.0,0.993004858494,0.000230234116316,317.374756229,0.0041426926,4.76,34.4552286678,0.494,3823
3.0,0.992904782295,0.000230279751122,317.436054339,0.0041426926,4.76,34.4552286678,0.494,3823
3.0,0.992891013622,0.000230267221923,317.49735245,0.0041426926,4.76,34.4552286678,0.494,3823
3.0,0.992974877357,0.000230235193158,317.558650563,0.0041426926,4.76,34.4552286678,0.494,3823
3.0,0.993094623089,0.000230291771004,317.619948677,0.0041426926,4.76,34.4552286678,0.494,3823
3.0,0.993386745453,0.000230344376178,317.681246791,0.0041426926,4.76,34.4552286678,0.494,3823
3.0,0.993325889111,0.000230255100178,317.742544907,0.0041426926,4.76,34.4552286678,0.494,3823
3.0,0.993373930454,0.000230267818552,317.803843025,0.0041426926,4.76,34.4552286678,0.494,3823
3.0,0.993237555027,0.000230271587498,317.865141043,0.0041426926,4.76,34.4552286678,0.494,3823
3.0,0.992736041546,0.000230185163673,317.926439162,0.0041426926,4.76,34.4552286678,0.494,3823
3.0,0.993386924267,0.000230244302657,317.987737283,0.0041426926,4.76,34.4552286678,0.494,3823
3.0,0.993365228176,0.000230297111557,318.049035405,0.0041426926,4.76,34.4552286678,0.494,3823
3.0,0.992942452431,0.000230275909416,318.110333528,0.0041426926,4.76,34.4552286678,0.494,3823
3.0,0.992837905884,0.000230273624766,318.171631752,0.0041426926,4.76,34.4552286678,0.494,3823
3.0,0.993164122105,0.000230316800298,318.232929878,0.0041426926,4.76,34.4552286678,0.494,3823
3.0,0.992983937263,0.000230319754337,318.294228004,0.0041426926,4.76,34.4552286678,0.494,3823
3.0,0.992808461189,0.000230283665587,318.355526132,0.0041426926,4.76,34.4552286678,0.494,3823
3.0,0.992963075638,0.000230272155022,318.416824261,0.0041426926,4.76,34.4552286678,0.494,3823
3.0,0.993237614632,0.000230302597629,318.478122291,0.0041426926,4.76,34.4552286678,0.494,3823
3.0,0.992981314659,0.000230255303904,318.539420423,0.0041426926,4.76,34.4552286678,0.494,3823
3.0,0.993114054203,0.000230287303566,318.600718455,0.0041426926,4.76,34.4552286678,0.494,3823
3.0,0.992255806923,0.000230244520935,318.662016589,0.0041426926,4.76,34.4552286678,0.494,3823
3.0,0.992500007153,0.000230292949709,318.723314824,0.0041426926,4.76,34.4552286678,0.494,3823
3.0,0.993106007576,0.000230318983085,318.78461296,0.0041426926,4.76,34.4552286678,0.494,3823
3.0,0.993295431137,0.00023035905906,318.845911098,0.0041426926,4.76,34.4552286678,0.494,3823
3.0,0.993147969246,0.000230361372815,318.907209237,0.0041426926,4.76,34.4552286678,0.494,3823
3.0,0.993617415428,0.000230366873438,318.968507376,0.0041426926,4.76,34.4552286678,0.494,3823
3.0,0.993674814701,0.000230385470786,319.029805518,0.0041426926,4.76,34.4552286678,0.494,3823
3.0,0.993526518345,0.000230382953305,319.09110366,0.0041426926,4.76,34.4552286678,0.494,3823
3.0,0.993475079536,0.000230414851103,319.152401704,0.0041426926,4.76,34.4552286678,0.494,3823
3.0,0.993516147137,0.000230385994655,319.213699849,0.0041426926,4.76,34.4552286678,0.494,3823
3.0,0.993399620056,0.000230381076108,319.274997995,0.0041426926,4.76,34.4552286678,0.494,3823
3.0,0.993983507156,0.000230399673455,319.336296142,0.0041426926,4.76,34.4552286678,0.494,3823
3.0,0.993831694126,0.000230369550991,319.397594291,0.0041426926,4.76,34.4552286678,0.494,3823
3.0,0.993876457214,0.000230414574617,319.458892441,0.0041426926,4.76,34.4552286678,0.494,3823
3.0,0.993396401405,0.00023037866049,319.520190592,0.0041426926,4.76,34.4552286678,0.494,3823
3.0,0.993302583694,0.000230362464208,319.581488744,0.0041426926,4.76,34.4552286678,0.494,3823
3.0,0.993404865265,0.000230402190937,319.642786898,0.0041426926,4.76,34.4552286678,0.494,3823
3.0,0.993359863758,0.00023039849475,319.704085053,0.0041426926,4.76,34.4552286678,0.494,3823
3.0,0.993064820766,0.000230380188441,319.765383209,0.0041426926,4.76,34.4552286678,0.494,3823
3.0,0.99358266592,0.000230424149777,319.826681266,0.0041426926,4.76,34.4552286678,0.494,3823
3.0,0.993708372116,0.000230413934332,319.887979425,0.0041426926,4.76,34.4552286678,0.494,3823
3.0,0.993678867817,0.000230435689446,319.949277585,0.0041426926,4.76,34.4552286678,0.494,3823
3.0,0.994306743145,0.000230471399846,320.010575746,0.0041426926,4.76,34.4552286678,0.494,3823
3.0,0.994235515594,0.000230451259995,320.071873909,0.0041426926,4.76,34.4552286678,0.494,3823
3.0,0.994028329849,0.000230456993449,320.133172073,0.0041426926,4.76,34.4552286678,0.494,3823
3.0,0.99449557066,0.000230487305089,320.194470338,0.0041426926,4.76,34.4552286678,0.494,3823
3.0,0.994067668915,0.000230451565585,320.255768504,0.0041426926,4.76,34.4552286678,0.494,3823
3.0,0.993914306164,0.000230472680414,320.337499295,0.0041426926,4.76,34.4552286678,0.494,3823
3.0,0.993699848652,0.000230420628213,320.398797465,0.0041426926,4.76,34.4552286678,0.494,3823
3.0,0.994239211082,0.000230466233916,320.460095635,0.0041426926,4.76,34.4552286678,0.494,3823
3.0,0.993701398373,0.000230459001614,320.521393808,0.0041426926,4.76,34.4552286678,0.494,3823
3.0,0.994146823883,0.000230429926887,320.582691981,0.0041426926,4.76,34.4552286678,0.494,3823
3.0,0.994479835033,0.000230479330639,320.643990156,0.0041426926,4.76,34.4552286678,0.494,3823
3.0,0.993901431561,0.000230445322813,320.705288232,0.0041426926,4.76,34.4552286678,0.494,3823
3.0,0.994908392429,0.000230540317716,320.766586409,0.0041426926,4.76,34.4552286678,0.494,3823
3.0,0.99429923296,0.000230462246691,320.827884588,0.0041426926,4.76,34.4552286678,0.494,3823
3.0,0.99443256855,0.000230500707403,320.889182768,0.0041426926,4.76,34.4552286678,0.494,3823
3.0,0.995162367821,0.000230550853303,320.950480949,0.0041426926,4.76,34.4552286678,0.494,3823
3.0,0.994545996189,0.000230471545365,321.011779132,0.0041426926,4.76,34.4552286678,0.494,3823
3.0,0.994741201401,0.000230511912378,321.073077416,0.0041426926,4.76,34.4552286678,0.494,3823
3.0,0.995035052299,0.000230542384088,321.134375601,0.0041426926,4.76,34.4552286678,0.494,3823
3.0,0.995223402977,0.000230566074606,321.195673788,0.0041426926,4.76,34.4552286678,0.494,3823
3.0,0.994486987591,0.000230520716286,321.256971976,0.0041426926,4.76,34.4552286678,0.494,3823
3.0,0.9951851964,0.000230544654187,321.318270166,0.0041426926,4.76,34.4552286678,0.494,3823
3.0,0.995746612549,0.000230577512411,321.379568256,0.0041426926,4.76,34.4552286678,0.494,3823
3.0,0.996096611023,0.000230309640756,321.440866448,0.0041426926,4.76,34.4552286678,0.494,3823
3.0,0.99813324213,0.000230353980442,323.586306552,0.0041426926,4.76,34.4552286678,0.494,3823
3.0,0.998825311661,0.000230330711929,323.647604795,0.0041426926,4.76,34.4552286678,0.494,3823
3.0,0.998324275017,0.000230335092056,323.70890304,0.0041426926,4.76,34.4552286678,0.494,3823
3.0,0.998584389687,0.000230400022701,323.770201286,0.0041426926,4.76,34.4552286678,0.494,3823
3.0,0.998279988766,0.000230427162023,323.831499634,0.0041426926,4.76,34.4552286678,0.494,3823
3.0,0.998638451099,0.000230393838137,323.913230533,0.0041426926,4.76,34.4552286678,0.494,3823
3.0,0.998579084873,0.00023039651569,323.974528783,0.0041426926,4.76,34.4552286678,0.494,3823
3.0,0.999339640141,0.000230449237279,324.035827036,0.0041426926,4.76,34.4552286678,0.494,3823
3.0,0.999433815479,0.000230402380112,324.09712529,0.0041426926,4.76,34.4552286678,0.494,3823
3.0,0.998909115791,0.000230511199334,324.158423645,0.0041426926,4.76,34.4552286678,0.494,3823
3.0,0.998960137367,0.000230454927078,324.219721902,0.0041426926,4.76,34.4552286678,0.494,3823
3.0,0.999408066273,0.000230598991038,324.281020161,0.0041426926,4.76,34.4552286678,0.494,3823
3.0,0.998697757721,0.000230510544498,324.342318421,0.0041426926,4.76,34.4552286678,0.494,3823
3.0,0.999125957489,0.000230615012697,324.403616682,0.0041426926,4.76,34.4552286678,0.494,3823
3.0,0.999548435211,0.000230608231504,324.4853476,0.0041426926,4.76,34.4552286678,0.494,3823
3.0,0.998998463154,0.000230522200582,324.546645865,0.0041426926,4.76,34.4552286678,0.494,3823
3.0,0.999897956848,0.000230627294513,324.607944131,0.0041426926,4.76,34.4552286678,0.494,3823
3.0,0.999610066414,0.000230513003771,324.669242399,0.0041426926,4.76,34.4552286678,0.494,3823
3.0,0.999676465988,0.000230537669268,324.730540669,0.0041426926,4.76,34.4552286678,0.494,3823
3.0,0.999861598015,0.000230588993873,324.79183884,0.0041426926,4.76,34.4552286678,0.494,3823
3.0,0.999406158924,0.000230605481192,324.853137113,0.0041426926,4.76,34.4552286678,0.494,3823
3.0,1.00017726421,0.000230645513511,324.914435387,0.0041426926,4.76,34.4552286678,0.494,3823
3.0,0.999743700027,0.000230637699133,324.975733663,0.0041426926,4.76,34.4552286678,0.494,3823
3.0,1.00006568432,0.000230694000493,325.03703204,0.0041426926,4.76,34.4552286678,0.494,3823
3.0,0.999632954597,0.000230609890423,325.098330319,0.0041426926,4.76,34.4552286678,0.494,3823
3.0,1.00008022785,0.000230717676459,325.159628599,0.0041426926,4.76,34.4552286678,0.494,3823
3.0,0.999645471573,0.000230675694183,325.220926881,0.0041426926,4.76,34.4552286678,0.494,3823
3.0,1.0004825592,0.000230693432968,325.282225164,0.0041426926,4.76,34.4552286678,0.494,3823
3.0,0.999903440475,0.000230683159316,325.343523449,0.0041426926,4.76,34.4552286678,0.494,3823
3.0,1.00015842915,0.000230651290622,325.404821736,0.0041426926,4.76,34.4552286678,0.494,3823
3.0,1.00004279613,0.000230657416978,325.466120024,0.0041426926,4.76,34.4552286678,0.494,3823
3.0,1.00042784214,0.000230719073443,325.527418114,0.0041426926,4.76,34.4552286678,0.494,3823
3.0,1.00030362606,0.000230739940889,325.588716505,0.0041426926,4.76,34.4552286678,0.494,3823
3.0,1.00031101704,0.000230694713537,325.650014798,0.0041426926,4.76,34.4552286678,0.494,3823
3.0,1.00079464912,0.000230862904573,325.711313092,0.0041426926,4.76,34.4552286678,0.494,3823
3.0,1.0001758337,0.000230841193115,325.772611388,0.0041426926,4.76,34.4552286678,0.494,3823
3.0,1.00043404102,0.000230846344493,325.833909686,0.0041426926,4.76,34.4552286678,0.494,3823
3.0,1.00075471401,0.000230761332205,325.895207985,0.0041426926,4.76,34.4552286678,0.494,3823
3.0,1.00070989132,0.000230737874517,325.956506285,0.0041426926,4.76,34.4552286678,0.494,3823
3.0,1.00047922134,0.000230862817261,326.017804588,0.0041426926,4.76,34.4552286678,0.494,3823
3.0,1.00094258785,0.000230864170589,326.079102892,0.0041426926,4.76,34.4552286678,0.494,3823
3.0,1.0005081892,0.000230809586355,326.140401197,0.0041426926,4.76,34.4552286678,0.494,3823
3.0,1.00067615509,0.000230726524023,326.201699404,0.0041426926,4.76,34.4552286678,0.494,3823
3.0,1.00078451633,0.000230816745898,326.262997713,0.0041426926,4.76,34.4552286678,0.494,3823
3.0,1.00105190277,0.000230882083997,326.324296023,0.0041426926,4.76,34.4552286678,0.494,3823
3.0,1.00090789795,0.000230868914514,326.385594335,0.0041426926,4.76,34.4552286678,0.494,3823
3.0,1.001329422,0.000230936115258,326.446892649,0.0041426926,4.76,34.4552286678,0.494,3823
3.0,1.00123929977,0.000230906123761,326.508190964,0.0041426926,4.76,34.4552286678,0.494,3823
3.0,1.00147688389,0.000230922654737,326.569489281,0.0041426926,4.76,34.4552286678,0.494,3823
3.0,1.00094914436,0.000230928024394,326.630787599,0.0041426926,4.76,34.4552286678,0.494,3823
3.0,1.00090074539,0.000230935707805,326.692085919,0.0041426926,4.76,34.4552286678,0.494,3823
3.0,1.00155580044,0.000230897028814,326.753384241,0.0041426926,4.76,34.4552286678,0.494,3823
3.0,1.00186097622,0.000231012745644,326.814682464,0.0041426926,4.76,34.4552286678,0.494,3823
3.0,1.00219261646,0.000231079466175,326.875980789,0.0041426926,4.76,34.4552286678,0.494,3823
3.0,1.00197398663,0.000231025303947,326.937279115,0.0041426926,4.76,34.4552286678,0.494,3823
3.0,1.00166165829,0.000231003999943,326.998577443,0.0041426926,4.76,34.4552286678,0.494,3823
3.0,1.00141441822,0.000231001438806,327.059875873,0.0041426926,4.76,34.4552286678,0.494,3823
3.0,1.00208234787,0.000231072990573,327.121174205,0.0041426926,4.76,34.4552286678,0.494,3823
3.0,1.00160741806,0.000231046011322,327.182472538,0.0041426926,4.76,34.4552286678,0.494,3823
3.0,1.001729846,0.000230989098782,327.243770873,0.0041426926,4.76,34.4552286678,0.494,3823
3.0,1.0017414093,0.000231013444136,327.305069209,0.0041426926,4.76,34.4552286678,0.494,3823
3.0,1.00201487541,0.000231015626923,327.366367547,0.0041426926,4.76,34.4552286678,0.494,3823
3.0,1.00242042542,0.000231124999118,327.448098567,0.0041426926,4.76,34.4552286678,0.494,3823
3.0,1.00201427937,0.000231083336985,327.509396909,0.0041426926,4.76,34.4552286678,0.494,3823
3.0,1.00278067589,0.000231103942497,327.570695253,0.0041426926,4.76,34.4552286678,0.494,3823
3.0,1.00242781639,0.000231161073316,327.631993598,0.0041426926,4.76,34.4552286678,0.494,3823
3.0,1.00247728825,0.000231094410992,327.693291945,0.0041426926,4.76,34.4552286678,0.494,3823
3.0,1.00250911713,0.000231081372476,327.754590193,0.0041426926,4.76,34.4552286678,0.494,3823
3.0,1.00239396095,0.000231108817388,327.815888544,0.0041426926,4.76,34.4552286678,0.494,3823
3.0,1.00269341469,0.000231138037634,327.877186896,0.0041426926,4.76,34.4552286678,0.494,3823
3.0,1.00232744217,0.000231106809224,327.938485349,0.0041426926,4.76,34.4552286678,0.494,3823
3.0,1.00277602673,0.000231113343034,327.999783705,0.0041426926,4.76,34.4552286678,0.494,3823
3.0,1.00283837318,0.000231131780311,328.061082062,0.0041426926,4.76,34.4552286678,0.494,3823
3.0,1.0031709671,0.000231166908634,328.12238042,0.0041426926,4.76,34.4552286678,0.494,3823
3.0,1.00297379494,0.000231175174122,328.183678781,0.0041426926,4.76,34.4552286678,0.494,3823
3.0,1.0027192831,0.000231133759371,328.244977143,0.0041426926,4.76,34.4552286678,0.494,3823
3.0,1.00330710411,0.000231184938457,328.306275507,0.0041426926,4.76,34.4552286678,0.494,3823
3.0,1.00339257717,0.000231251324294,328.367573772,0.0041426926,4.76,34.4552286678,0.494,3823
3.0,1.00301623344,0.000231164813158,328.42887214,0.0041426926,4.76,34.4552286678,0.494,3823
3.0,1.00416338444,0.000231239959248,328.490170509,0.0041426926,4.76,34.4552286678,0.494,3823
3.0,1.00269591808,0.000231196769164,328.551468879,0.0041426926,4.76,34.4552286678,0.494,3823
3.0,1.00353455544,0.000231143450947,328.612767252,0.0041426926,4.76,34.4552286678,0.494,3823
3.0,1.00405025482,0.000231207261095,328.674065626,0.0041426926,4.76,34.4552286678,0.494,3823
3.0,1.00400567055,0.000231203695876,328.735364002,0.0041426926,4.76,34.4552286678,0.494,3823
3.0,1.00380992889,0.000231140467804,328.796662379,0.0041426926,4.76,34.4552286678,0.494,3823
3.0,1.00336158276,0.000231170619372,328.857960759,0.0041426926,4.76,34.4552286678,0.494,3823
3.0,1.00373089314,0.000231216748944,328.91925914,0.0041426926,4.76,34.4552286678,0.494,3823
3.0,1.00394999981,0.000231253332458,328.980557522,0.0041426926,4.76,34.4552286678,0.494,3823
3.0,1.00381112099,0.000231288562645,329.041855807,0.0041426926,4.76,34.4552286678,0.494,3823
3.0,1.00416076183,0.000231272817473,329.103154193,0.0041426926,4.76,34.4552286678,0.494,3823
3.0,1.00413119793,0.000231276702834,329.164452581,0.0041426926,4.76,34.4552286678,0.494,3823
3.0,1.00417602062,0.00023128259636,329.225750971,0.0041426926,4.76,34.4552286678,0.494,3823
3.0,1.00429236889,0.000231251775404,329.287049362,0.0041426926,4.76,34.4552286678,0.494,3823
3.0,1.00378251076,0.000231306519709,329.348347756,0.0041426926,4.76,34.4552286678,0.494,3823
3.0,1.00378203392,0.000231271376833,329.409646151,0.0041426926,4.76,34.4552286678,0.494,3823
3.0,1.00390839577,0.000231241981965,329.470944547,0.0041426926,4.76,34.4552286678,0.494,3823
3.0,1.00433409214,0.000231230515055,329.532242946,0.0041426926,4.76,34.4552286678,0.494,3823
3.0,1.00433528423,0.000231268684729,329.593541346,0.0041426926,4.76,34.4552286678,0.494,3823
3.0,1.00465416908,0.000231293000979,329.654839748,0.0041426926,4.76,34.4552286678,0.494,3823
3.0,1.00457942486,0.000231332087424,329.716138052,0.0041426926,4.76,34.4552286678,0.494,3823
3.0,1.00461769104,0.000231306024943,329.777436458,0.0041426926,4.76,34.4552286678,0.494,3823
3.0,1.00431644917,0.000231283469475,329.838734865,0.0041426926,4.76,34.4552286678,0.494,3823
3.0,1.0044260025,0.000231283600442,329.900033274,0.0041426926,4.76,34.4552286678,0.494,3823
3.0,1.00383007526,0.000231299913139,329.961331785,0.0041426926,4.76,34.4552286678,0.494,3823
3.0,1.00405776501,0.000231297366554,330.022630198,0.0041426926,4.76,34.4552286678,0.494,3823
3.0,1.00477945805,0.000231315614656,330.083928612,0.0041426926,4.76,34.4552286678,0.494,3823
3.0,1.00444889069,0.00023129467445,330.145227029,0.0041426926,4.76,34.4552286678,0.494,3823
3.0,1.00439572334,0.000231284255278,330.206525447,0.0041426926,4.76,34.4552286678,0.494,3823
3.0,1.00498449802,0.000231322366744,330.267823867,0.0041426926,4.76,34.4552286678,0.494,3823
3.0,1.00446152687,0.000231328755035,330.329122288,0.0041426926,4.76,34.4552286678,0.494,3823
3.0,1.00458407402,0.00023135371157,330.390420612,0.0041426926,4.76,34.4552286678,0.494,3823
3.0,1.0043040514,0.000231352940318,330.472151846,0.0041426926,4.76,34.4552286678,0.494,3823
3.0,1.00452041626,0.000231369194807,330.533450274,0.0041426926,4.76,34.4552286678,0.494,3823
3.0,1.00479960442,0.000231376747251,330.594748603,0.0041426926,4.76,34.4552286678,0.494,3823
3.0,1.00481951237,0.000231357538723,330.656047035,0.0041426926,4.76,34.4552286678,0.494,3823
3.0,1.00417995453,0.0002313649602,330.717345468,0.0041426926,4.76,34.4552286678,0.494,3823
3.0,1.00498259068,0.000231419166084,330.778643903,0.0041426926,4.76,34.4552286678,0.494,3823
3.0,1.00477421284,0.000231408223044,330.83994244,0.0041426926,4.76,34.4552286678,0.494,3823
3.0,1.00447320938,0.00023136800155,330.901240878,0.0041426926,4.76,34.4552286678,0.494,3823
3.0,1.00421500206,0.000231343656196,330.962539319,0.0041426926,4.76,34.4552286678,0.494,3823
3.0,1.00498104095,0.000231425350648,331.023837761,0.0041426926,4.76,34.4552286678,0.494,3823
3.0,1.00460147858,0.000231409503613,331.085136205,0.0041426926,4.76,34.4552286678,0.494,3823
3.0,1.00435721874,0.000231388155953,331.166867467,0.0041426926,4.76,34.4552286678,0.494,3823
3.0,1.00422692299,0.000231372119742,331.228165916,0.0041426926,4.76,34.4552286678,0.494,3823
3.0,1.00408792496,0.000231390818954,331.289464366,0.0041426926,4.76,34.4552286678,0.494,3823
3.0,1.00480604172,0.00023138972756,331.350762818,0.0041426926,4.76,34.4552286678,0.494,3823
3.0,1.00474882126,0.000231460129726,331.412061272,0.0041426926,4.76,34.4552286678,0.494,3823
3.0,1.00468373299,0.000231405050727,331.473359628,0.0041426926,4.76,34.4552286678,0.494,3823
3.0,1.00492811203,0.000231454730965,331.534657986,0.0041426926,4.76,34.4552286678,0.494,3823
3.0,1.00484454632,0.000231453348533,331.595956445,0.0041426926,4.76,34.4552286678,0.494,3823
3.0,1.00514781475,0.000231479018112,331.657255007,0.0041426926,4.76,34.4552286678,0.494,3823
3.0,1.00520408154,0.00023146593594,331.71855347,0.0041426926,4.76,34.4552286678,0.494,3823
3.0,1.00497686863,0.000231452198932,331.779851935,0.0041426926,4.76,34.4552286678,0.494,3823
3.0,1.00496387482,0.000231460275245,331.841150402,0.0041426926,4.76,34.4552286678,0.494,3823
3.0,1.0048995018,0.000231432481087,331.902448871,0.0041426926,4.76,34.4552286678,0.494,3823
3.0,1.00450766087,0.000231396305026,331.963747342,0.0041426926,4.76,34.4552286678,0.494,3823
3.0,1.00499498844,0.000231499579968,332.025045815,0.0041426926,4.76,34.4552286678,0.494,3823
3.0,1.00489377975,0.000231461905059,332.086344289,0.0041426926,4.76,34.4552286678,0.494,3823
3.0,1.00460445881,0.000231427286053,332.147642666,0.0041426926,4.76,34.4552286678,0.494,3823
3.0,1.0049725771,0.000231476675253,332.208941144,0.0041426926,4.76,34.4552286678,0.494,3823
3.0,1.0051356554,0.0002314720914,332.270239624,0.0041426926,4.76,34.4552286678,0.494,3823
3.0,1.00439739227,0.000231400917983,332.331538106,0.0041426926,4.76,34.4552286678,0.494,3823
3.0,1.00517272949,0.000231412937865,332.39283659,0.0041426926,4.76,34.4552286678,0.494,3823
3.0,1.0048917532,0.000231445752434,332.454135076,0.0041426926,4.76,34.4552286678,0.494,3823
3.0,1.00475263596,0.000231466343394,332.515433564,0.0041426926,4.76,34.4552286678,0.494,3823
3.0,1.00429975986,0.000231417929172,332.576732054,0.0041426926,4.76,34.4552286678,0.494,3823
3.0,1.00462460518,0.000231434954912,332.638030545,0.0041426926,4.76,34.4552286678,0.494,3823
3.0,1.00459516048,0.000231431360589,332.699329039,0.0041426926,4.76,34.4552286678,0.494,3823
3.0,1.00454676151,0.000231429643463,332.760627535,0.0041426926,4.76,34.4552286678,0.494,3823
3.0,1.00415658951,0.00023144572333,332.821925932,0.0041426926,4.76,34.4552286678,0.494,3823
3.0,1.00434184074,0.000231446610996,332.883224431,0.0041426926,4.76,34.4552286678,0.494,3823
3.0,1.00428032875,0.000231414029258,332.944522932,0.0041426926,4.76,34.4552286678,0.494,3823
3.0,1.00455987453,0.000231434169109,333.005821436,0.0041426926,4.76,34.4552286678,0.494,3823
3.0,1.00440073013,0.000231450612773,333.067119941,0.0041426926,4.76,34.4552286678,0.494,3823
3.0,1.00440132618,0.000231432524743,333.128418448,0.0041426926,4.76,34.4552286678,0.494,3823
3.0,1.0042001009,0.00023144253646,333.189717057,0.0041426926,4.76,34.4552286678,0.494,3823
3.0,1.00404596329,0.000231390615227,333.251015568,0.0041426926,4.76,34.4552286678,0.494,3823
3.0,1.00408446789,0.000231375961448,333.31231408,0.0041426926,4.76,34.4552286678,0.494,3823
3.0,1.0041308403,0.000231381971389,333.373612495,0.0041426926,4.76,34.4552286678,0.494,3823
3.0,1.0042091608,0.000231395650189,333.455343851,0.0041426926,4.76,34.4552286678,0.494,3823
3.0,1.00391805172,0.000231340891332,333.51664237,0.0041426926,4.76,34.4552286678,0.494,3823
3.0,1.00458776951,0.000231429556152,333.577940892,0.0041426926,4.76,34.4552286678,0.494,3823
3.0,1.00408673286,0.000231394413277,333.639239415,0.0041426926,4.76,34.4552286678,0.494,3823
3.0,1.00385904312,0.000231376223383,333.70053784,0.0041426926,4.76,34.4552286678,0.494,3823
3.0,1.00449609756,0.000231464699027,333.761836367,0.0041426926,4.76,34.4552286678,0.494,3823
3.0,1.00410485268,0.000231440455536,333.823134896,0.0041426926,4.76,34.4552286678,0.494,3823
3.0,1.00354254246,0.000231378580793,333.884433427,0.0041426926,4.76,34.4552286678,0.494,3823
3.0,1.00375807285,0.000231372410781,333.94573196,0.0041426926,4.76,34.4552286678,0.494,3823
3.0,1.00398409367,0.00023137833341,334.007030596,0.0041426926,4.76,34.4552286678,0.494,3823
3.0,1.00406467915,0.000231439145864,334.068329133,0.0041426926,4.76,34.4552286678,0.494,3823
3.0,1.00343799591,0.000231365323998,334.129627672,0.0041426926,4.76,34.4552286678,0.494,3823
3.0,1.00352871418,0.000231369951507,334.190926213,0.0041426926,4.76,34.4552286678,0.494,3823
3.0,1.00356984138,0.000231387326494,334.252224755,0.0041426926,4.76,34.4552286678,0.494,3823
3.0,1.00369596481,0.000231380166952,334.3135232,0.0041426926,4.76,34.4552286678,0.494,3823
3.0,1.00336706638,0.000231382757192,334.374821747,0.0041426926,4.76,34.4552286678,0.494,3823
3.0,1.00367379189,0.000231418191106,334.436120296,0.0041426926,4.76,34.4552286678,0.494,3823
3.0,1.00327813625,0.000231401398196,334.497418847,0.0041426926,4.76,34.4552286678,0.494,3823
3.0,1.00365364552,0.000231411584537,334.5587173,0.0041426926,4.76,34.4552286678,0.494,3823
3.0,1.00385022163,0.000231347454246,334.620015955,0.0041426926,4.76,34.4552286678,0.494,3823
3.0,1.00374400616,0.000231379803154,334.681314512,0.0041426926,4.76,34.4552286678,0.494,3823
3.0,1.00369822979,0.000231436584727,334.742613071,0.0041426926,4.76,34.4552286678,0.494,3823
3.0,1.00326669216,0.000231374782743,334.803911632,0.0041426926,4.76,34.4552286678,0.494,3823
3.0,1.0033557415,0.000231381243793,334.865210195,0.0041426926,4.76,34.4552286678,0.494,3823
3.0,1.00313413143,0.000231376514421,334.92650876,0.0041426926,4.76,34.4552286678,0.494,3823
3.0,1.00326514244,0.000231412603171,334.987807327,0.0041426926,4.76,34.4552286678,0.494,3823
3.0,1.00286436081,0.000231389407418,335.049105796,0.0041426926,4.76,34.4552286678,0.494,3823
3.0,1.00320196152,0.000231434591115,335.110404367,0.0041426926,4.76,34.4552286678,0.494,3823
3.0,1.00296270847,0.000231366517255,335.17170294,0.0041426926,4.76,34.4552286678,0.494,3823
3.0,1.00291860104,0.000231315920246,335.233001515,0.0041426926,4.76,34.4552286678,0.494,3823
3.0,1.00339138508,0.000231445112149,335.294300092,0.0041426926,4.76,34.4552286678,0.494,3823
3.0,1.0029913187,0.000231523095863,335.355598671,0.0041426926,4.76,34.4552286678,0.494,3823
3.0,1.00338304043,0.000231447338592,335.416897252,0.0041426926,4.76,34.4552286678,0.494,3823
3.0,1.00249040127,0.000231378086028,335.478195835,0.0041426926,4.76,34.4552286678,0.494,3823
3.0,1.00287544727,0.000231433979934,335.539494421,0.0041426926,4.76,34.4552286678,0.494,3823
3.0,1.0026819706,0.000231474812608,335.600793008,0.0041426926,4.76,34.4552286678,0.494,3823
3.0,1.00273561478,0.000231485901168,335.662091597,0.0041426926,4.76,34.4552286678,0.494,3823
3.0,1.0030823946,0.000231520287343,335.723390089,0.0041426926,4.76,34.4552286678,0.494,3823
3.0,1.00230383873,0.00023145180603,335.784688682,0.0041426926,4.76,34.4552286678,0.494,3823
3.0,1.00212335587,0.000231467405683,335.845987278,0.0041426926,4.76,34.4552286678,0.494,3823
3.0,1.00312781334,0.000231513084145,335.907285875,0.0041426926,4.76,34.4552286678,0.494,3823
3.0,1.00246572495,0.000231496756896,335.968584475,0.0041426926,4.76,34.4552286678,0.494,3823
3.0,1.00243425369,0.000231476471527,336.029883076,0.0041426926,4.76,34.4552286678,0.494,3823
3.0,1.00215220451,0.000231502650422,336.09118178,0.0041426926,4.76,34.4552286678,0.494,3823
3.0,1.00289285183,0.000231543570408,336.152480386,0.0041426926,4.76,34.4552286678,0.494,3823
3.0,1.00201487541,0.000231493511819,336.213778994,0.0041426926,4.76,34.4552286678,0.494,3823
3.0,1.00265920162,0.000231527970755,336.275077604,0.0041426926,4.76,34.4552286678,0.494,3823
3.0,1.00209534168,0.000231477417401,336.336376116,0.0041426926,4.76,34.4552286678,0.494,3823
3.0,1.00224983692,0.00023149617482,336.418107602,0.0041426926,4.76,34.4552286678,0.494,3823
3.0,1.00150072575,0.000231481972151,336.479406219,0.0041426926,4.76,34.4552286678,0.494,3823
3.0,1.00172054768,0.00023145560408,336.540704838,0.0041426926,4.76,34.4552286678,0.494,3823
3.0,1.0014898777,0.000231422978686,336.602003359,0.0041426926,4.76,34.4552286678,0.494,3823
3.0,1.00203251839,0.000231438345509,336.663301982,0.0041426926,4.76,34.4552286678,0.494,3823
3.0,1.00158250332,0.000231504440308,336.745033583,0.0041426926,4.76,34.4552286678,0.494,3823
3.0,1.00197172165,0.000231497222558,336.806332111,0.0041426926,4.76,34.4552286678,0.494,3823
3.0,1.00195646286,0.000231537182117,336.867630741,0.0041426926,4.76,34.4552286678,0.494,3823
3.0,1.00189220905,0.000231480720686,336.928929373,0.0041426926,4.76,34.4552286678,0.494,3823
3.0,1.00181889534,0.000231431433349,336.990228008,0.0041426926,4.76,34.4552286678,0.494,3823
3.0,1.00163161755,0.000231426485698,337.051526644,0.0041426926,4.76,34.4552286678,0.494,3823
3.0,1.00149667263,0.00023147414322,337.112825283,0.0041426926,4.76,34.4552286678,0.494,3823
3.0,1.00182938576,0.000231493118918,337.174123923,0.0041426926,4.76,34.4552286678,0.494,3823
3.0,1.00169849396,0.000231474303291,337.235422566,0.0041426926,4.76,34.4552286678,0.494,3823
3.0,1.00145208836,0.000231478756177,337.296721311,0.0041426926,4.76,34.4552286678,0.494,3823
3.0,1.00164556503,0.000231486541452,337.358019858,0.0041426926,4.76,34.4552286678,0.494,3823
3.0,1.0012652874,0.000231373589486,337.419318508,0.0041426926,4.76,34.4552286678,0.494,3823
3.0,1.001501441,0.000231386409723,337.480617059,0.0041426926,4.76,34.4552286678,0.494,3823
3.0,1.00186645985,0.000231380181503,337.541915712,0.0041426926,4.76,34.4552286678,0.494,3823
3.0,1.00151252747,0.000231409911066,337.603214368,0.0041426926,4.76,34.4552286678,0.494,3823
3.0,1.00160121918,0.000231444093515,337.664513026,0.0041426926,4.76,34.4552286678,0.494,3823
3.0,1.00151395798,0.000231324273045,337.725811685,0.0041426926,4.76,34.4552286678,0.494,3823
3.0,1.00149142742,0.000231398866163,337.787110447,0.0041426926,4.76,34.4552286678,0.494,3823
3.0,1.00143480301,0.000231358018937,337.848409112,0.0041426926,4.76,34.4552286678,0.494,3823
3.0,1.00166320801,0.000231398109463,337.909707778,0.0041426926,4.76,34.4552286678,0.494,3823
3.0,1.0018928051,0.000231438796618,337.971006446,0.0041426926,4.76,34.4552286678,0.494,3823
3.0,1.00130164623,0.000231339348829,338.032305117,0.0041426926,4.76,34.4552286678,0.494,3823
3.0,1.00138485432,0.000231375976,338.09360379,0.0041426926,4.76,34.4552286678,0.494,3823
3.0,1.00099647045,0.000231354337302,338.154902364,0.0041426926,4.76,34.4552286678,0.494,3823
3.0,1.00139188766,0.000231388621614,338.216201041,0.0041426926,4.76,34.4552286678,0.494,3823
3.0,1.00080633163,0.000231357771554,338.277499721,0.0041426926,4.76,34.4552286678,0.494,3823
3.0,1.00094008446,0.000231358644669,338.338797802,0.0041426926,4.76,34.4552286678,0.494,3823
3.0,1.00128102303,0.000231364610954,338.400096586,0.0041426926,4.76,34.4552286678,0.494,3823
3.0,1.00087404251,0.000231384707149,338.461395271,0.0041426926,4.76,34.4552286678,0.494,3823
3.0,1.00106906891,0.000231394937146,338.522693959,0.0041426926,4.76,34.4552286678,0.494,3823
3.0,1.0014411211,0.000231415891903,338.583992649,0.0041426926,4.76,34.4552286678,0.494,3823
3.0,1.00121331215,0.000231396421441,338.645291341,0.0041426926,4.76,34.4552286678,0.494,3823
3.0,1.00036346912,0.000231354235439,338.706589936,0.0041426926,4.76,34.4552286678,0.494,3823
3.0,1.00067174435,0.000231379905017,338.767888532,0.0041426926,4.76,34.4552286678,0.494,3823
3.0,1.0007237196,0.000231346071814,338.829187231,0.0041426926,4.76,34.4552286678,0.494,3823
3.0,1.0013500452,0.000231335434364,338.890486032,0.0041426926,4.76,34.4552286678,0.494,3823
3.0,1.00083684921,0.000231395490118,338.951784735,0.0041426926,4.76,34.4552286678,0.494,3823
3.0,1.00158941746,0.000231425074162,339.013083441,0.0041426926,4.76,34.4552286678,0.494,3823
3.0,1.00051140785,0.00023136814707,339.074382148,0.0041426926,4.76,34.4552286678,0.494,3823
3.0,1.00092756748,0.000231369282119,339.135680858,0.0041426926,4.76,34.4552286678,0.494,3823
3.0,1.00067019463,0.000231375917792,339.19697957,0.0041426926,4.76,34.4552286678,0.494,3823
3.0,1.00073421001,0.000231359008467,339.258278284,0.0041426926,4.76,34.4552286678,0.494,3823
3.0,1.00043284893,0.00023136875825,339.319577,0.0041426926,4.76,34.4552286678,0.494,3823
3.0,1.00049877167,0.000231359619647,339.401308626,0.0041426926,4.76,34.4552286678,0.494,3823
3.0,1.00045204163,0.000231392550631,339.462607347,0.0041426926,4.76,34.4552286678,0.494,3823
3.0,1.00060904026,0.000231380690821,339.523905971,0.0041426926,4.76,34.4552286678,0.494,3823
3.0,1.00015604496,0.000231343656196,339.585204797,0.0041426926,4.76,34.4552286678,0.494,3823
3.0,1.00004673004,0.000231305792113,339.646503525,0.0041426926,4.76,34.4552286678,0.494,3823
3.0,1.00079739094,0.000231383251958,339.707802055,0.0041426926,4.76,34.4552286678,0.494,3823
3.0,1.00069642067,0.000231330457609,339.769100888,0.0041426926,4.76,34.4552286678,0.494,3823
3.0,1.00080275536,0.000231393845752,339.830399623,0.0041426926,4.76,34.4552286678,0.494,3823
3.0,1.00036227703,0.000231338301091,339.89169836,0.0041426926,4.76,34.4552286678,0.494,3823
3.0,1.00044047832,0.000231396043091,339.952997099,0.0041426926,4.76,34.4552286678,0.494,3823
3.0,1.00039339066,0.000231388257816,340.014295841,0.0041426926,4.76,34.4552286678,0.494,3823
3.0,1.00007307529,0.000231382218772,340.075594585,0.0041426926,4.76,34.4552286678,0.494,3823
3.0,1.0001116991,0.000231379235629,340.136893331,0.0041426926,4.76,34.4552286678,0.494,3823
3.0,0.999932289124,0.000231381622143,340.198192079,0.0041426926,4.76,34.4552286678,0.494,3823
3.0,1.00033211708,0.000231344485655,340.259490829,0.0041426926,4.76,34.4552286678,0.494,3823
3.0,1.00030601025,0.000231361409533,340.320789582,0.0041426926,4.76,34.4552286678,0.494,3823
3.0,1.00010108948,0.000231412486755,340.382088237,0.0041426926,4.76,34.4552286678,0.494,3823
3.0,1.00066936016,0.000231382422498,340.443386994,0.0041426926,4.76,34.4552286678,0.494,3823
3.0,1.0000859499,0.000231393365539,340.504685754,0.0041426926,4.76,34.4552286678,0.494,3823
3.0,1.00016689301,0.000231382451602,340.565984516,0.0041426926,4.76,34.4552286678,0.494,3823
3.0,0.99985229969,0.000231398065807,340.62728328,0.0041426926,4.76,34.4552286678,0.494,3823
3.0,0.999860167503,0.000231373604038,340.688582046,0.0041426926,4.76,34.4552286678,0.494,3823
3.0,0.999907851219,0.000231425801758,340.749880814,0.0041426926,4.76,34.4552286678,0.494,3823
3.0,0.999562382698,0.000231372585404,340.811179585,0.0041426926,4.76,34.4552286678,0.494,3823
3.0,0.999496102333,0.00023127393797,340.872478358,0.0041426926,4.76,34.4552286678,0.494,3823
3.0,0.99967610836,0.000231392928981,340.933777134,0.0041426926,4.76,34.4552286678,0.494,3823
3.0,0.999607563019,0.000231371595873,340.995075811,0.0041426926,4.76,34.4552286678,0.494,3823
3.0,0.999077618122,0.000231351674302,341.056374591,0.0041426926,4.76,34.4552286678,0.494,3823
3.0,0.999198436737,0.000231388650718,341.117673373,0.0041426926,4.76,34.4552286678,0.494,3823
3.0,0.999138474464,0.000231352314586,341.178972158,0.0041426926,4.76,34.4552286678,0.494,3823
3.0,0.999273896217,0.000231374971918,341.240270945,0.0041426926,4.76,34.4552286678,0.494,3823
3.0,0.999595165253,0.000231373516726,341.301569734,0.0041426926,4.76,34.4552286678,0.494,3823
3.0,0.999591588974,0.000231321930187,341.362868525,0.0041426926,4.76,34.4552286678,0.494,3823
3.0,0.99951171875,0.000231352896662,341.424167319,0.0041426926,4.76,34.4552286678,0.494,3823
3.0,0.999153137207,0.00023126299493,341.485466115,0.0041426926,4.76,34.4552286678,0.494,3823
3.0,0.999098479748,0.000231351063121,341.546764913,0.0041426926,4.76,34.4552286678,0.494,3823
3.0,0.999269485474,0.000231361584156,341.608063713,0.0041426926,4.76,34.4552286678,0.494,3823
3.0,0.999356627464,0.000231383310165,341.669362616,0.0041426926,4.76,34.4552286678,0.494,3823
3.0,0.999398112297,0.000231395068113,341.730661221,0.0041426926,4.76,34.4552286678,0.494,3823
3.0,0.999368786812,0.000231375553994,341.791960129,0.0041426926,4.76,34.4552286678,0.494,3823
3.0,0.999303877354,0.000231376412557,341.853258938,0.0041426926,4.76,34.4552286678,0.494,3823
3.0,0.999754667282,0.000231358179008,341.914557751,0.0041426926,4.76,34.4552286678,0.494,3823
3.0,0.999233782291,0.000231375859585,341.975856565,0.0041426926,4.76,34.4552286678,0.494,3823
3.0,0.999823093414,0.000231433106819,342.037155382,0.0041426926,4.76,34.4552286678,0.494,3823
3.0,0.998786628246,0.000231354861171,342.098454201,0.0041426926,4.76,34.4552286678,0.494,3823
3.0,0.999411821365,0.000231334299315,342.159753022,0.0041426926,4.76,34.4552286678,0.494,3823
3.0,0.999499559402,0.000231387879467,342.221051846,0.0041426926,4.76,34.4552286678,0.494,3823
3.0,0.999901413918,0.00023141579004,342.282350672,0.0041426926,4.76,34.4552286678,0.494,3823
3.0,0.999077677727,0.000231370722759,342.364082343,0.0041426926,4.76,34.4552286678,0.494,3823
3.0,0.999748587608,0.000231375946896,342.425381175,0.0041426926,4.76,34.4552286678,0.494,3823
3.0,0.999222755432,0.000231370519032,342.486680008,0.0041426926,4.76,34.4552286678,0.494,3823
3.0,0.999300479889,0.000231349360547,342.547978945,0.0041426926,4.76,34.4552286678,0.494,3823
3.0,0.999243438244,0.000231422876823,342.609277583,0.0041426926,4.76,34.4552286678,0.494,3823
3.0,0.999336898327,0.000231386075029,342.670576524,0.0041426926,4.76,34.4552286678,0.494,3823
3.0,0.999519228935,0.00023144367151,342.731875367,0.0041426926,4.76,34.4552286678,0.494,3823
3.0,0.998974144459,0.000231396348681,342.793174212,0.0041426926,4.76,34.4552286678,0.494,3823
3.0,0.99896222353,0.00023141989368,342.85447306,0.0041426926,4.76,34.4552286678,0.494,3823
3.0,0.999427437782,0.000231412137509,342.91577191,0.0041426926,4.76,34.4552286678,0.494,3823
3.0,0.998592793941,0.000231403260841,342.977070763,0.0041426926,4.76,34.4552286678,0.494,3823
3.0,0.998605668545,0.000231395853916,343.038369618,0.0041426926,4.76,34.4552286678,0.494,3823
3.0,0.998816311359,0.000231415266171,343.099668475,0.0041426926,4.76,34.4552286678,0.494,3823
3.0,0.998705387115,0.000231413709116,343.160967335,0.0041426926,4.76,34.4552286678,0.494,3823
3.0,0.999245166779,0.000231426718528,343.222266197,0.0041426926,4.76,34.4552286678,0.494,3823
3.0,0.998473644257,0.000231369631365,343.283564961,0.0041426926,4.76,34.4552286678,0.494,3823
3.0,0.998829901218,0.000231412283028,343.365296884,0.0041426926,4.76,34.4552286678,0.494,3823
3.0,0.998848378658,0.000231384707149,343.426595754,0.0041426926,4.76,34.4552286678,0.494,3823
3.0,0.99944716692,0.00023145211162,343.487894626,0.0041426926,4.76,34.4552286678,0.494,3823
3.0,0.998578071594,0.000231373458519,343.5491934,0.0041426926,4.76,34.4552286678,0.494,3823
3.0,0.999093770981,0.000231508049183,343.610492277,0.0041426926,4.76,34.4552286678,0.494,3823
3.0,0.998470366001,0.000231384197832,343.671791157,0.0041426926,4.76,34.4552286678,0.494,3823
3.0,0.998688697815,0.000231405560044,343.733090039,0.0041426926,4.76,34.4552286678,0.494,3823
3.0,0.998858392239,0.00023141685233,343.794388923,0.0041426926,4.76,34.4552286678,0.494,3823
3.0,0.997871398926,0.000231360128964,343.855687809,0.0041426926,4.76,34.4552286678,0.494,3823
3.0,0.998980760574,0.000231422716752,343.916986698,0.0041426926,4.76,34.4552286678,0.494,3823
3.0,0.999168694019,0.000231433499721,343.978285589,0.0041426926,4.76,34.4552286678,0.494,3823
3.0,0.998471617699,0.000231390149565,344.039584483,0.0041426926,4.76,34.4552286678,0.494,3823
3.0,0.998521149158,0.000231393962167,344.100883379,0.0041426926,4.76,34.4552286678,0.494,3823
3.0,0.998410105705,0.000231375815929,344.162182278,0.0041426926,4.76,34.4552286678,0.494,3823
3.0,0.998696506023,0.000231396203162,344.223481079,0.0041426926,4.76,34.4552286678,0.494,3823
3.0,0.998680531979,0.000231393583817,344.284779982,0.0041426926,4.76,34.4552286678,0.494,3823
3.0,0.998269379139,0.000231365091167,344.346078888,0.0041426926,4.76,34.4552286678,0.494,3823
3.0,0.998709082603,0.000231416313909,344.407377796,0.0041426926,4.76,34.4552286678,0.494,3823
3.0,0.998433053493,0.000231390367844,344.468676707,0.0041426926,4.76,34.4552286678,0.494,3823
3.0,0.998201191425,0.000231366720982,344.52997562,0.0041426926,4.76,34.4552286678,0.494,3823
3.0,0.997760891914,0.000231334153796,344.591274535,0.0041426926,4.76,34.4552286678,0.494,3823
3.0,0.998778820038,0.000231389945839,344.652573453,0.0041426926,4.76,34.4552286678,0.494,3823
3.0,0.99783217907,0.000231349797104,344.713872373,0.0041426926,4.76,34.4552286678,0.494,3823
3.0,0.998089253902,0.000231346173678,344.775171296,0.0041426926,4.76,34.4552286678,0.494,3823
3.0,0.997829079628,0.000231342142797,344.836470221,0.0041426926,4.76,34.4552286678,0.494,3823
3.0,0.997621536255,0.000231352911214,344.897769048,0.0041426926,4.76,34.4552286678,0.494,3823
3.0,0.998011887074,0.000231380065088,344.959067978,0.0041426926,4.76,34.4552286678,0.494,3823
3.0,0.99767947197,0.00023134057119,345.020366911,0.0041426926,4.76,34.4552286678,0.494,3823
3.0,0.997592747211,0.000231290527154,345.081665845,0.0041426926,4.76,34.4552286678,0.494,3823
3.0,0.997490644455,0.000231321449974,345.142964783,0.0041426926,4.76,34.4552286678,0.494,3823
3.0,0.997369289398,0.000231226047617,345.204263722,0.0041426926,4.76,34.4552286678,0.494,3823
3.0,0.997440636158,0.000231284633628,345.265562664,0.0041426926,4.76,34.4552286678,0.494,3823
3.0,0.997024357319,0.000231291414821,345.347294591,0.0041426926,4.76,34.4552286678,0.494,3823
3.0,0.997097015381,0.000231280500884,345.408593539,0.0041426926,4.76,34.4552286678,0.494,3823
3.0,0.997058331966,0.000231258920394,345.469892489,0.0041426926,4.76,34.4552286678,0.494,3823
3.0,0.996885120869,0.000231276178965,345.531191442,0.0041426926,4.76,34.4552286678,0.494,3823
3.0,0.996661543846,0.000231244892348,345.592490397,0.0041426926,4.76,34.4552286678,0.494,3823
3.0,0.996813893318,0.000231235826504,345.653789355,0.0041426926,4.76,34.4552286678,0.494,3823
3.0,0.996676087379,0.000231240483117,345.715088315,0.0041426926,4.76,34.4552286678,0.494,3823
3.0,0.99666172266,0.000231170619372,345.776387277,0.0041426926,4.76,34.4552286678,0.494,3823
3.0,0.996784031391,0.000231174330111,345.837686142,0.0041426926,4.76,34.4552286678,0.494,3823
3.0,0.996681809425,0.000231195590459,345.89898511,0.0041426926,4.76,34.4552286678,0.494,3823
3.0,0.996939718723,0.000231211670325,345.96028408,0.0041426926,4.76,34.4552286678,0.494,3823
3.0,0.996306419373,0.000231154699577,346.021583052,0.0041426926,4.76,34.4552286678,0.494,3823
3.0,0.996245503426,0.000231208803598,346.082882027,0.0041426926,4.76,34.4552286678,0.494,3823
3.0,0.996585547924,0.000231142505072,346.144181005,0.0041426926,4.76,34.4552286678,0.494,3823
3.0,0.996288955212,0.000231209298363,346.205479985,0.0041426926,4.76,34.4552286678,0.494,3823
3.0,0.99615418911,0.000231167883612,346.266779067,0.0041426926,4.76,34.4552286678,0.494,3823
3.0,0.995769798756,0.000231162499404,346.328078052,0.0041426926,4.76,34.4552286678,0.494,3823
3.0,0.995992839336,0.000231154932408,346.389376939,0.0041426926,4.76,34.4552286678,0.494,3823
3.0,0.996113538742,0.000231183352298,346.450675929,0.0041426926,4.76,34.4552286678,0.494,3823
3.0,0.996088087559,0.000231136276852,346.511974821,0.0041426926,4.76,34.4552286678,0.494,3823
3.0,0.995305299759,0.000231098834774,346.573273816,0.0041426926,4.76,34.4552286678,0.494,3823
3.0,0.995892286301,0.000231101148529,346.634572813,0.0041426926,4.76,34.4552286678,0.494,3823
3.0,0.995579361916,0.000231094323681,346.695871813,0.0041426926,4.76,34.4552286678,0.494,3823
3.0,0.995558619499,0.000231081387028,346.757170815,0.0041426926,4.76,34.4552286678,0.494,3823
3.0,0.99514734745,0.000231040641665,346.81846992,0.0041426926,4.76,34.4552286678,0.494,3823
3.0,0.995165109634,0.000231076599448,346.90020183,0.0041426926,4.76,34.4552286678,0.494,3823
3.0,0.995239257812,0.000231083875406,346.961500841,0.0041426926,4.76,34.4552286678,0.494,3823
3.0,0.995022118092,0.000231055732002,347.022799854,0.0041426926,4.76,34.4552286678,0.494,3823
3.0,0.995313584805,0.000231054669712,347.084098869,0.0041426926,4.76,34.4552286678,0.494,3823
3.0,0.995175242424,0.000231054189499,347.145397987,0.0041426926,4.76,34.4552286678,0.494,3823
3.0,0.994919598103,0.00023101590341,347.206697008,0.0041426926,4.76,34.4552286678,0.494,3823
3.0,0.994986653328,0.000231034500757,347.267995931,0.0041426926,4.76,34.4552286678,0.494,3823
3.0,0.99472618103,0.000230993362493,347.329294957,0.0041426926,4.76,34.4552286678,0.494,3823
3.0,0.994878828526,0.000230956691667,347.390593985,0.0041426926,4.76,34.4552286678,0.494,3823
3.0,0.994710028172,0.000230951642152,347.451892916,0.0041426926,4.76,34.4552286678,0.494,3823
3.0,0.994734227657,0.000230923236813,347.513191949,0.0041426926,4.76,34.4552286678,0.494,3823
3.0,0.994672596455,0.000230970181292,347.574490985,0.0041426926,4.76,34.4552286678,0.494,3823
3.0,0.994768261909,0.000230988502153,347.635790023,0.0041426926,4.76,34.4552286678,0.494,3823
3.0,0.994738578796,0.000231010781135,347.697089164,0.0041426926,4.76,34.4552286678,0.494,3823
3.0,0.994615495205,0.000231035490287,347.758388207,0.0041426926,4.76,34.4552286678,0.494,3823
3.0,0.994326412678,0.000230957724852,347.819687253,0.0041426926,4.76,34.4552286678,0.494,3823
3.0,0.994484007359,0.000231027894188,347.880986302,0.0041426926,4.76,34.4552286678,0.494,3823
3.0,0.994519472122,0.000231011945289,347.942285352,0.0041426926,4.76,34.4552286678,0.494,3823
3.0,0.99422699213,0.00023092412448,348.003584406,0.0041426926,4.76,34.4552286678,0.494,3823
3.0,0.992974996567,0.000230843143072,348.064883462,0.0041426926,4.76,34.4552286678,0.494,3823
3.0,0.993332862854,0.000230837395065,348.126182421,0.0041426926,4.76,34.4552286678,0.494,3823
3.0,0.993659973145,0.000230905454373,348.187481482,0.0041426926,4.76,34.4552286678,0.494,3823
3.0,0.993346631527,0.000230871344684,348.248780546,0.0041426926,4.76,34.4552286678,0.494,3823
3.0,0.993673086166,0.000230853678659,348.330512634,0.0041426926,4.76,34.4552286678,0.494,3823
3.0,0.993483603001,0.000230895500863,348.391811604,0.0041426926,4.76,34.4552286678,0.494,3823
3.0,0.99360370636,0.000230884295888,348.453110676,0.0041426926,4.76,34.4552286678,0.494,3823
3.0,0.992996752262,0.000230891368119,348.514409851,0.0041426926,4.76,34.4552286678,0.494,3823
3.0,0.993447601795,0.000230777033721,348.575708928,0.0041426926,4.76,34.4552286678,0.494,3823
3.0,0.993162691593,0.000230832447414,348.637008008,0.0041426926,4.76,34.4552286678,0.494,3823
3.0,0.993723809719,0.00023097533267,348.698307091,0.0041426926,4.76,34.4552286678,0.494,3823
3.0,0.99367827177,0.00023096500081,348.759606176,0.0041426926,4.76,34.4552286678,0.494,3823
3.0,0.993001580238,0.000230932637351,348.820905263,0.0041426926,4.76,34.4552286678,0.494,3823
3.0,0.9929048419,0.000230895660934,348.882204353,0.0041426926,4.76,34.4552286678,0.494,3823
3.0,0.992894947529,0.000230913006817,348.943503446,0.0041426926,4.76,34.4552286678,0.494,3823
3.0,0.99284696579,0.00023089152819,349.004802542,0.0041426926,4.76,34.4552286678,0.494,3823
3.0,0.992413640022,0.00023082284315,349.066101539,0.0041426926,4.76,34.4552286678,0.494,3823
3.0,0.992759168148,0.000230794539675,349.12740064,0.0041426926,4.76,34.4552286678,0.494,3823
3.0,0.992331981659,0.000230874851695,349.188699743,0.0041426926,4.76,34.4552286678,0.494,3823
3.0,0.992062211037,0.000230836158153,349.249998849,0.0041426926,4.76,34.4552286678,0.494,3823
3.0,0.992351353168,0.000230787452892,349.311297957,0.0041426926,4.76,34.4552286678,0.494,3823
3.0,0.992217361927,0.000230785022723,349.372597068,0.0041426926,4.76,34.4552286678,0.494,3823
3.0,0.991895437241,0.000230780395214,349.454329219,0.0041426926,4.76,34.4552286678,0.494,3823
4.0,0.994592189789,0.000252608646406,352.396667869,0.0041426926,4.76,34.4552286678,0.494,3823
4.0,0.994608640671,0.000252403202467,352.478400195,0.0041426926,4.76,34.4552286678,0.494,3823
4.0,0.994592368603,0.000252433150308,352.539699342,0.0041426926,4.76,34.4552286678,0.494,3823
4.0,0.995210766792,0.000252501718933,352.600998592,0.0041426926,4.76,34.4552286678,0.494,3823
4.0,0.994554340839,0.000252478872426,352.662297945,0.0041426926,4.76,34.4552286678,0.494,3823
4.0,0.99546700716,0.000252595025813,352.7235972,0.0041426926,4.76,34.4552286678,0.494,3823
4.0,0.994372665882,0.000252528610872,352.784896458,0.0041426926,4.76,34.4552286678,0.494,3823
4.0,0.994416892529,0.000252498022746,352.846195719,0.0041426926,4.76,34.4552286678,0.494,3823
4.0,0.994504868984,0.000252567639109,352.907494982,0.0041426926,4.76,34.4552286678,0.494,3823
4.0,0.995021045208,0.00025260282564,352.968794249,0.0041426926,4.76,34.4552286678,0.494,3823
4.0,0.994902253151,0.000252505677054,353.050526608,0.0041426926,4.76,34.4552286678,0.494,3823
4.0,0.995301127434,0.000252641621046,353.11182588,0.0041426926,4.76,34.4552286678,0.494,3823
4.0,0.994988024235,0.000252488942351,353.173125155,0.0041426926,4.76,34.4552286678,0.494,3823
4.0,0.995105803013,0.000252543075476,353.234424433,0.0041426926,4.76,34.4552286678,0.494,3823
4.0,0.994875431061,0.000252531346632,353.295723714,0.0041426926,4.76,34.4552286678,0.494,3823
4.0,0.994984388351,0.00025263056159,353.357022897,0.0041426926,4.76,34.4552286678,0.494,3823
4.0,0.994747400284,0.000252605852438,353.418322283,0.0041426926,4.76,34.4552286678,0.494,3823
4.0,0.99511051178,0.000252633151831,353.479621572,0.0041426926,4.76,34.4552286678,0.494,3823
4.0,0.994958281517,0.000252675381489,353.540920764,0.0041426926,4.76,34.4552286678,0.494,3823
4.0,0.994574129581,0.000252668105531,353.602220058,0.0041426926,4.76,34.4552286678,0.494,3823
4.0,0.994649231434,0.00025276694214,353.663519355,0.0041426926,4.76,34.4552286678,0.494,3823
4.0,0.994890093803,0.000252753670793,353.724818655,0.0041426926,4.76,34.4552286678,0.494,3823
4.0,0.994852781296,0.000252714642556,353.806550958,0.0041426926,4.76,34.4552286678,0.494,3823
4.0,0.994718194008,0.000252740253927,353.867850364,0.0041426926,4.76,34.4552286678,0.494,3823
4.0,0.99479162693,0.000252775033005,353.929149673,0.0041426926,4.76,34.4552286678,0.494,3823
4.0,0.994928598404,0.000252796366112,353.990448985,0.0041426926,4.76,34.4552286678,0.494,3823
4.0,0.995221793652,0.000252823869232,354.051748299,0.0041426926,4.76,34.4552286678,0.494,3823
4.0,0.995263516903,0.000252803904004,354.113047616,0.0041426926,4.76,34.4552286678,0.494,3823
4.0,0.994104743004,0.00025280972477,354.174346836,0.0041426926,4.76,34.4552286678,0.494,3823
4.0,0.994703173637,0.000252861820627,354.235646258,0.0041426926,4.76,34.4552286678,0.494,3823
4.0,0.994599282742,0.000252853176789,354.296945583,0.0041426926,4.76,34.4552286678,0.494,3823
4.0,0.995093345642,0.000252907397225,354.358244911,0.0041426926,4.76,34.4552286678,0.494,3823
4.0,0.994804501534,0.000252854893915,354.419544242,0.0041426926,4.76,34.4552286678,0.494,3823
4.0,0.995010435581,0.000252899859333,354.480843576,0.0041426926,4.76,34.4552286678,0.494,3823
4.0,0.995068788528,0.000252911268035,354.542142812,0.0041426926,4.76,34.4552286678,0.494,3823
4.0,0.994732916355,0.00025291822385,354.603442151,0.0041426926,4.76,34.4552286678,0.494,3823
4.0,0.994751513004,0.000252913363511,354.664741492,0.0041426926,4.76,34.4552286678,0.494,3823
4.0,0.995164096355,0.000252915226156,354.726040837,0.0041426926,4.76,34.4552286678,0.494,3823
4.0,0.995085060596,0.000252934900345,354.787340184,0.0041426926,4.76,34.4552286678,0.494,3823
4.0,0.995217978954,0.000252946396358,354.848639534,0.0041426926,4.76,34.4552286678,0.494,3823
4.0,0.995355784893,0.000252949103015,354.909938887,0.0041426926,4.76,34.4552286678,0.494,3823
4.0,0.995198309422,0.000252990139415,354.971238242,0.0041426926,4.76,34.4552286678,0.494,3823
4.0,0.995326757431,0.000252975325566,355.032537601,0.0041426926,4.76,34.4552286678,0.494,3823
4.0,0.995413899422,0.000252998288488,355.093836962,0.0041426926,4.76,34.4552286678,0.494,3823
4.0,0.995164215565,0.000253027130384,355.155136326,0.0041426926,4.76,34.4552286678,0.494,3823
4.0,0.995534360409,0.000253058300586,355.216435692,0.0041426926,4.76,34.4552286678,0.494,3823
4.0,0.995898663998,0.000253038830124,355.277734962,0.0041426926,4.76,34.4552286678,0.494,3823
4.0,0.995280921459,0.000253031088505,355.339034334,0.0041426926,4.76,34.4552286678,0.494,3823
4.0,0.995074272156,0.000253012636676,355.420766934,0.0041426926,4.76,34.4552286678,0.494,3823
4.0,0.995231509209,0.000253052741755,355.482066313,0.0041426926,4.76,34.4552286678,0.494,3823
4.0,0.995558559895,0.00025308446493,355.543365594,0.0041426926,4.76,34.4552286678,0.494,3823
4.0,0.99607104063,0.000253111851634,355.604664978,0.0041426926,4.76,34.4552286678,0.494,3823
4.0,0.995255231857,0.000253053265624,355.665964365,0.0041426926,4.76,34.4552286678,0.494,3823
4.0,0.995704293251,0.000253119040281,355.727263755,0.0041426926,4.76,34.4552286678,0.494,3823
4.0,0.995961487293,0.00025312352227,355.788563148,0.0041426926,4.76,34.4552286678,0.494,3823
4.0,0.995475232601,0.000253121455899,355.849862543,0.0041426926,4.76,34.4552286678,0.494,3823
4.0,0.995842516422,0.000253166712355,355.911161941,0.0041426926,4.76,34.4552286678,0.494,3823
4.0,0.996188163757,0.000253188656643,355.972461342,0.0041426926,4.76,34.4552286678,0.494,3823
4.0,0.99588483572,0.000253153790254,356.033760746,0.0041426926,4.76,34.4552286678,0.494,3823
4.0,0.996335625648,0.000253200618317,356.095060152,0.0041426926,4.76,34.4552286678,0.494,3823
4.0,0.996049761772,0.000253204401815,356.156359562,0.0041426926,4.76,34.4552286678,0.494,3823
4.0,0.996195495129,0.00025322320289,356.217658974,0.0041426926,4.76,34.4552286678,0.494,3823
4.0,0.996873497963,0.000253260950558,356.278958389,0.0041426926,4.76,34.4552286678,0.494,3823
4.0,0.996095299721,0.000253225705819,356.340257706,0.0041426926,4.76,34.4552286678,0.494,3823
4.0,0.99616509676,0.000253230828093,356.401557127,0.0041426926,4.76,34.4552286678,0.494,3823
4.0,0.996106088161,0.000253233913099,356.46285655,0.0041426926,4.76,34.4552286678,0.494,3823
4.0,0.996504187584,0.000253271078691,356.524155976,0.0041426926,4.76,34.4552286678,0.494,3823
4.0,0.997364997864,0.000253326201346,356.585455505,0.0041426926,4.76,34.4552286678,0.494,3823
4.0,0.996698856354,0.000253352947766,356.646754837,0.0041426926,4.76,34.4552286678,0.494,3823
4.0,0.996490955353,0.000253275356954,356.708054271,0.0041426926,4.76,34.4552286678,0.494,3823
4.0,0.99644100666,0.000253288220847,356.769353709,0.0041426926,4.76,34.4552286678,0.494,3823
4.0,0.996670484543,0.000253314443398,356.830653149,0.0041426926,4.76,34.4552286678,0.494,3823
4.0,0.997051715851,0.000253331614658,356.891952592,0.0041426926,4.76,34.4552286678,0.494,3823
4.0,0.996808707714,0.000253315869486,356.953252137,0.0041426926,4.76,34.4552286678,0.494,3823
4.0,0.997193217278,0.000253327976679,357.014551586,0.0041426926,4.76,34.4552286678,0.494,3823
4.0,0.997297465801,0.000253350997809,357.075850838,0.0041426926,4.76,34.4552286678,0.494,3823
4.0,0.996922552586,0.000253345438978,357.137150292,0.0041426926,4.76,34.4552286678,0.494,3823
4.0,0.99676579237,0.000253351958236,357.198449849,0.0041426926,4.76,34.4552286678,0.494,3823
4.0,0.996861219406,0.00025335184182,357.259749309,0.0041426926,4.76,34.4552286678,0.494,3823
4.0,0.99751418829,0.000253397680353,357.321048771,0.0041426926,4.76,34.4552286678,0.494,3823
4.0,0.997082233429,0.000253386038821,357.382348237,0.0041426926,4.76,34.4552286678,0.494,3823
4.0,0.997540235519,0.000253380072536,357.443647705,0.0041426926,4.76,34.4552286678,0.494,3823
4.0,0.997257828712,0.000253403413808,357.504947177,0.0041426926,4.76,34.4552286678,0.494,3823
4.0,0.997264504433,0.000253398960922,357.566246651,0.0041426926,4.76,34.4552286678,0.494,3823
4.0,0.998255908489,0.000253495847574,357.627546128,0.0041426926,4.76,34.4552286678,0.494,3823
4.0,0.997651517391,0.000253436679486,357.688845607,0.0041426926,4.76,34.4552286678,0.494,3823
4.0,0.997597575188,0.000253412901657,357.75014509,0.0041426926,4.76,34.4552286678,0.494,3823
4.0,0.997702300549,0.000253431062447,357.811444475,0.0041426926,4.76,34.4552286678,0.494,3823
4.0,0.997824192047,0.000253439473454,357.872743964,0.0041426926,4.76,34.4552286678,0.494,3823
4.0,0.998217225075,0.000253480975516,357.934043455,0.0041426926,4.76,34.4552286678,0.494,3823
4.0,0.998235523701,0.000253479578532,357.995342949,0.0041426926,4.76,34.4552286678,0.494,3823
4.0,0.998035490513,0.000253464153502,358.056642445,0.0041426926,4.76,34.4552286678,0.494,3823
4.0,0.998303830624,0.000253482779954,358.117941945,0.0041426926,4.76,34.4552286678,0.494,3823
4.0,0.998053133488,0.00025349308271,358.179241447,0.0041426926,4.76,34.4552286678,0.494,3823
4.0,0.998227059841,0.000253486039583,358.240540953,0.0041426926,4.76,34.4552286678,0.494,3823
4.0,0.998029232025,0.000253496866208,358.301840461,0.0041426926,4.76,34.4552286678,0.494,3823
4.0,0.998443424702,0.000253531208728,358.363139972,0.0041426926,4.76,34.4552286678,0.494,3823
4.0,0.998590290546,0.000253532984061,358.444872658,0.0041426926,4.76,34.4552286678,0.494,3823
4.0,0.998702287674,0.000253559730481,358.506172176,0.0041426926,4.76,34.4552286678,0.494,3823
4.0,0.997921943665,0.00025349468342,358.567471696,0.0041426926,4.76,34.4552286678,0.494,3823
4.0,0.998822450638,0.000253605190665,358.62877122,0.0041426926,4.76,34.4552286678,0.494,3823
4.0,0.998826622963,0.000253574951785,358.690070746,0.0041426926,4.76,34.4552286678,0.494,3823
4.0,0.998899996281,0.000253691570833,358.751370275,0.0041426926,4.76,34.4552286678,0.494,3823
4.0,0.99831444025,0.000253662641626,358.812669707,0.0041426926,4.76,34.4552286678,0.494,3823
4.0,0.999398231506,0.000253736594459,358.873969242,0.0041426926,4.76,34.4552286678,0.494,3823
4.0,0.999502420425,0.000253751059063,358.93526878,0.0041426926,4.76,34.4552286678,0.494,3823
4.0,0.999380886555,0.000253747071838,358.99656832,0.0041426926,4.76,34.4552286678,0.494,3823
4.0,0.998985290527,0.000253721053014,359.057867864,0.0041426926,4.76,34.4552286678,0.494,3823
4.0,0.999194741249,0.000253732054261,359.11916741,0.0041426926,4.76,34.4552286678,0.494,3823
4.0,0.999036371708,0.000253733887803,359.18046696,0.0041426926,4.76,34.4552286678,0.494,3823
4.0,0.99937993288,0.000253762322245,359.241766512,0.0041426926,4.76,34.4552286678,0.494,3823
4.0,0.99938160181,0.000253739912296,359.303066067,0.0041426926,4.76,34.4552286678,0.494,3823
4.0,0.999200880527,0.000253746256931,359.364365624,0.0041426926,4.76,34.4552286678,0.494,3823
4.0,0.99935567379,0.000253753591096,359.425665185,0.0041426926,4.76,34.4552286678,0.494,3823
4.0,0.999096930027,0.000253731646808,359.486964749,0.0041426926,4.76,34.4552286678,0.494,3823
4.0,1.00009822845,0.00025378621649,359.548264215,0.0041426926,4.76,34.4552286678,0.494,3823
4.0,1.00010275841,0.000253814883763,359.609563785,0.0041426926,4.76,34.4552286678,0.494,3823
4.0,1.00006902218,0.000253798410995,359.670863357,0.0041426926,4.76,34.4552286678,0.494,3823
4.0,0.999435544014,0.00025375263067,359.732162932,0.0041426926,4.76,34.4552286678,0.494,3823
4.0,1.0000808239,0.000253800069913,359.79346251,0.0041426926,4.76,34.4552286678,0.494,3823
4.0,0.999608039856,0.000253774807788,359.854762191,0.0041426926,4.76,34.4552286678,0.494,3823
4.0,0.999580860138,0.000253761711065,359.916061775,0.0041426926,4.76,34.4552286678,0.494,3823
4.0,0.99984896183,0.0002537809778,359.977361362,0.0041426926,4.76,34.4552286678,0.494,3823
4.0,0.999739050865,0.000253789447015,360.038660952,0.0041426926,4.76,34.4552286678,0.494,3823
4.0,0.999834060669,0.000253797305049,360.099960544,0.0041426926,4.76,34.4552286678,0.494,3823
4.0,0.999639630318,0.000253768521361,360.16126004,0.0041426926,4.76,34.4552286678,0.494,3823
4.0,1.00040328503,0.000253787235124,360.222559638,0.0041426926,4.76,34.4552286678,0.494,3823
4.0,0.999915242195,0.00025379951694,360.283859339,0.0041426926,4.76,34.4552286678,0.494,3823
4.0,1.00016283989,0.000253819045611,360.345158743,0.0041426926,4.76,34.4552286678,0.494,3823
4.0,1.00024616718,0.000253842503298,360.40645835,0.0041426926,4.76,34.4552286678,0.494,3823
4.0,1.00009489059,0.000253778038314,360.46775806,0.0041426926,4.76,34.4552286678,0.494,3823
4.0,1.00041365623,0.000253789417911,360.529057673,0.0041426926,4.76,34.4552286678,0.494,3823
4.0,0.999628782272,0.000253790291026,360.610790395,0.0041426926,4.76,34.4552286678,0.494,3823
4.0,1.00002527237,0.000253819918726,360.672090014,0.0041426926,4.76,34.4552286678,0.494,3823
4.0,1.00011301041,0.000253816950135,360.733389737,0.0041426926,4.76,34.4552286678,0.494,3823
4.0,1.00023162365,0.000253825041,360.794689362,0.0041426926,4.76,34.4552286678,0.494,3823
4.0,1.00061380863,0.000253845413681,360.855988991,0.0041426926,4.76,34.4552286678,0.494,3823
4.0,1.00056242943,0.000253848702414,360.917288622,0.0041426926,4.76,34.4552286678,0.494,3823
4.0,1.0003361702,0.000253830367001,360.978588256,0.0041426926,4.76,34.4552286678,0.494,3823
4.0,1.00086677074,0.000253840931691,361.039887793,0.0041426926,4.76,34.4552286678,0.494,3823
4.0,1.00063824654,0.000253850856097,361.101187534,0.0041426926,4.76,34.4552286678,0.494,3823
4.0,1.00100636482,0.000253828940913,361.162487176,0.0041426926,4.76,34.4552286678,0.494,3823
4.0,1.00106298923,0.000253843754763,361.223786822,0.0041426926,4.76,34.4552286678,0.494,3823
4.0,1.00031375885,0.000253850390436,361.285086471,0.0041426926,4.76,34.4552286678,0.494,3823
4.0,1.0007121563,0.000253864243859,361.346386023,0.0041426926,4.76,34.4552286678,0.494,3823
4.0,1.00132000446,0.000253920996329,361.428118996,0.0041426926,4.76,34.4552286678,0.494,3823
4.0,1.00170373917,0.000253961014096,361.489418655,0.0041426926,4.76,34.4552286678,0.494,3823
4.0,1.00084996223,0.000253914768109,361.550718317,0.0041426926,4.76,34.4552286678,0.494,3823
4.0,1.00106191635,0.00025391287636,361.612017881,0.0041426926,4.76,34.4552286678,0.494,3823
4.0,1.00141263008,0.000253933743807,361.673317548,0.0041426926,4.76,34.4552286678,0.494,3823
4.0,1.00138747692,0.000253899139352,361.734617219,0.0041426926,4.76,34.4552286678,0.494,3823
4.0,1.00188589096,0.000253964331932,361.795916892,0.0041426926,4.76,34.4552286678,0.494,3823
4.0,1.00107467175,0.000253910373431,361.857216568,0.0041426926,4.76,34.4552286678,0.494,3823
4.0,1.00177061558,0.000253968755715,361.918516147,0.0041426926,4.76,34.4552286678,0.494,3823
4.0,1.00226569176,0.00025398255093,361.979815929,0.0041426926,4.76,34.4552286678,0.494,3823
4.0,1.00112938881,0.000253903446719,362.041115614,0.0041426926,4.76,34.4552286678,0.494,3823
4.0,1.00173783302,0.000253920617979,362.102415302,0.0041426926,4.76,34.4552286678,0.494,3823
4.0,1.00153183937,0.000253899954259,362.163714993,0.0041426926,4.76,34.4552286678,0.494,3823
4.0,1.00211250782,0.000253988604527,362.225014687,0.0041426926,4.76,34.4552286678,0.494,3823
4.0,1.00183928013,0.000253968464676,362.286314384,0.0041426926,4.76,34.4552286678,0.494,3823
4.0,1.0021686554,0.000253976817476,362.347613983,0.0041426926,4.76,34.4552286678,0.494,3823
4.0,1.00237107277,0.000254038401181,362.408913686,0.0041426926,4.76,34.4552286678,0.494,3823
4.0,1.00283265114,0.000254021928413,362.470213392,0.0041426926,4.76,34.4552286678,0.494,3823
4.0,1.00206720829,0.000253974372754,362.5315131,0.0041426926,4.76,34.4552286678,0.494,3823
4.0,1.00198566914,0.000253961188719,362.592812812,0.0041426926,4.76,34.4552286678,0.494,3823
4.0,1.0021417141,0.000253938836977,362.654112526,0.0041426926,4.76,34.4552286678,0.494,3823
4.0,1.00240159035,0.000253943464486,362.715412243,0.0041426926,4.76,34.4552286678,0.494,3823
4.0,1.00161266327,0.000253964157309,362.776711964,0.0041426926,4.76,34.4552286678,0.494,3823
4.0,1.00233340263,0.000254008569755,362.838011687,0.0041426926,4.76,34.4552286678,0.494,3823
4.0,1.00227606297,0.000253987353062,362.899311413,0.0041426926,4.76,34.4552286678,0.494,3823
4.0,1.00216329098,0.000253958947724,362.960611143,0.0041426926,4.76,34.4552286678,0.494,3823
4.0,1.00232326984,0.000253976992099,363.021910875,0.0041426926,4.76,34.4552286678,0.494,3823
4.0,1.00297915936,0.000253949314356,363.08321051,0.0041426926,4.76,34.4552286678,0.494,3823
4.0,1.00276982784,0.000253955367953,363.144510248,0.0041426926,4.76,34.4552286678,0.494,3823
4.0,1.00251638889,0.000253953883657,363.205809989,0.0041426926,4.76,34.4552286678,0.494,3823
4.0,1.00266766548,0.000253988575423,363.267109733,0.0041426926,4.76,34.4552286678,0.494,3823
4.0,1.00328552723,0.0002539891575,363.32840948,0.0041426926,4.76,34.4552286678,0.494,3823
4.0,1.00213325024,0.000253942387644,363.38970923,0.0041426926,4.76,34.4552286678,0.494,3823
4.0,1.00231778622,0.000253936217632,363.451008983,0.0041426926,4.76,34.4552286678,0.494,3823
4.0,1.002607584,0.000253914884524,363.512308739,0.0041426926,4.76,34.4552286678,0.494,3823
4.0,1.00303483009,0.000254000129644,363.573608498,0.0041426926,4.76,34.4552286678,0.494,3823
4.0,1.00280749798,0.000253873906331,363.63490826,0.0041426926,4.76,34.4552286678,0.494,3823
4.0,1.00297188759,0.000253978301771,363.696208025,0.0041426926,4.76,34.4552286678,0.494,3823
4.0,1.00285148621,0.000253908103332,363.757507792,0.0041426926,4.76,34.4552286678,0.494,3823
4.0,1.00324654579,0.000254092126852,363.818807563,0.0041426926,4.76,34.4552286678,0.494,3823
4.0,1.00266849995,0.000253939302638,363.880107237,0.0041426926,4.76,34.4552286678,0.494,3823
4.0,1.00388371944,0.000254028855124,363.941407014,0.0041426926,4.76,34.4552286678,0.494,3823
4.0,1.00311601162,0.000253953563515,364.002706894,0.0041426926,4.76,34.4552286678,0.494,3823
4.0,1.00281369686,0.000254009384662,364.064006676,0.0041426926,4.76,34.4552286678,0.494,3823
4.0,1.00280976295,0.000254039885476,364.125306462,0.0041426926,4.76,34.4552286678,0.494,3823
4.0,1.00306975842,0.000254017475527,364.186606251,0.0041426926,4.76,34.4552286678,0.494,3823
4.0,1.00288522243,0.000253880105447,364.247906042,0.0041426926,4.76,34.4552286678,0.494,3823
4.0,1.00313198566,0.000254061829764,364.309205837,0.0041426926,4.76,34.4552286678,0.494,3823
4.0,1.00320410728,0.000254076498095,364.390938801,0.0041426926,4.76,34.4552286678,0.494,3823
4.0,1.00324988365,0.00025403269683,364.452238603,0.0041426926,4.76,34.4552286678,0.494,3823
4.0,1.00285553932,0.000254076352576,364.513538407,0.0041426926,4.76,34.4552286678,0.494,3823
4.0,1.00298249722,0.000254013139056,364.574838215,0.0041426926,4.76,34.4552286678,0.494,3823
4.0,1.00322699547,0.000254100596067,364.636138026,0.0041426926,4.76,34.4552286678,0.494,3823
4.0,1.00308096409,0.000254070677329,364.697437839,0.0041426926,4.76,34.4552286678,0.494,3823
4.0,1.00341975689,0.000254007725744,364.758737756,0.0041426926,4.76,34.4552286678,0.494,3823
4.0,1.00216889381,0.000253983947914,364.820037575,0.0041426926,4.76,34.4552286678,0.494,3823
4.0,1.00280964375,0.000254092563409,364.881337298,0.0041426926,4.76,34.4552286678,0.494,3823
4.0,1.00314545631,0.000254084676271,364.942637123,0.0041426926,4.76,34.4552286678,0.494,3823
4.0,1.00266301632,0.000254087615758,365.003936952,0.0041426926,4.76,34.4552286678,0.494,3823
4.0,1.00312304497,0.000254115031566,365.065236784,0.0041426926,4.76,34.4552286678,0.494,3823
4.0,1.00305449963,0.00025407836074,365.126536618,0.0041426926,4.76,34.4552286678,0.494,3823
4.0,1.0033544302,0.000254147249507,365.187836456,0.0041426926,4.76,34.4552286678,0.494,3823
4.0,1.00343298912,0.000254121463513,365.249136296,0.0041426926,4.76,34.4552286678,0.494,3823
4.0,1.003672719,0.000254162907368,365.31043614,0.0041426926,4.76,34.4552286678,0.494,3823
4.0,1.00334906578,0.000254156591836,365.371735987,0.0041426926,4.76,34.4552286678,0.494,3823
4.0,1.00319969654,0.000254151615081,365.433035836,0.0041426926,4.76,34.4552286678,0.494,3823
4.0,1.00273561478,0.000254057522397,365.494335689,0.0041426926,4.76,34.4552286678,0.494,3823
4.0,1.00272905827,0.000254024023889,365.555635544,0.0041426926,4.76,34.4552286678,0.494,3823
4.0,1.00279259682,0.00025400321465,365.616935303,0.0041426926,4.76,34.4552286678,0.494,3823
4.0,1.00295102596,0.000254093378317,365.678235164,0.0041426926,4.76,34.4552286678,0.494,3823
4.0,1.00311434269,0.000254112470429,365.739535029,0.0041426926,4.76,34.4552286678,0.494,3823
4.0,1.00266313553,0.000254007725744,365.800834897,0.0041426926,4.76,34.4552286678,0.494,3823
4.0,1.00325894356,0.000254108686931,365.862134767,0.0041426926,4.76,34.4552286678,0.494,3823
4.0,1.00309896469,0.000254120852333,365.923434641,0.0041426926,4.76,34.4552286678,0.494,3823
4.0,1.00294792652,0.000254073413089,365.984734518,0.0041426926,4.76,34.4552286678,0.494,3823
4.0,1.00295484066,0.000254107726505,366.046034397,0.0041426926,4.76,34.4552286678,0.494,3823
4.0,1.00252830982,0.000254040263826,366.10733428,0.0041426926,4.76,34.4552286678,0.494,3823
4.0,1.00274682045,0.000254088809015,366.168634166,0.0041426926,4.76,34.4552286678,0.494,3823
4.0,1.00288176537,0.000254022714216,366.229934055,0.0041426926,4.76,34.4552286678,0.494,3823
4.0,1.00267660618,0.00025395443663,366.291233946,0.0041426926,4.76,34.4552286678,0.494,3823
4.0,1.00302612782,0.00025397981517,366.352533841,0.0041426926,4.76,34.4552286678,0.494,3823
4.0,1.00250864029,0.00025390641531,366.413833639,0.0041426926,4.76,34.4552286678,0.494,3823
4.0,1.00235438347,0.000253925594734,366.47513354,0.0041426926,4.76,34.4552286678,0.494,3823
4.0,1.00266265869,0.000253937992966,366.536433444,0.0041426926,4.76,34.4552286678,0.494,3823
4.0,1.00369894505,0.000254089798545,366.597733351,0.0041426926,4.76,34.4552286678,0.494,3823
4.0,1.00277602673,0.000253923004493,366.659033261,0.0041426926,4.76,34.4552286678,0.494,3823
4.0,1.00307273865,0.000253911683103,366.720333173,0.0041426926,4.76,34.4552286678,0.494,3823
4.0,1.00244581699,0.0002539253328,366.781633189,0.0041426926,4.76,34.4552286678,0.494,3823
4.0,1.00278782845,0.000253959558904,366.842933108,0.0041426926,4.76,34.4552286678,0.494,3823
4.0,1.0026884079,0.00025395618286,366.90423293,0.0041426926,4.76,34.4552286678,0.494,3823
4.0,1.00285410881,0.000253982987488,366.965532856,0.0041426926,4.76,34.4552286678,0.494,3823
4.0,1.00279211998,0.000253943202551,367.026832784,0.0041426926,4.76,34.4552286678,0.494,3823
4.0,1.00259113312,0.000253964622971,367.088132715,0.0041426926,4.76,34.4552286678,0.494,3823
4.0,1.00275015831,0.000253927952144,367.149432549,0.0041426926,4.76,34.4552286678,0.494,3823
4.0,1.00286638737,0.000253979873378,367.210732486,0.0041426926,4.76,34.4552286678,0.494,3823
4.0,1.00266635418,0.000253996753599,367.272032426,0.0041426926,4.76,34.4552286678,0.494,3823
4.0,1.00243067741,0.000253999867709,367.353765785,0.0041426926,4.76,34.4552286678,0.494,3823
4.0,1.00263345242,0.000253997015534,367.415065632,0.0041426926,4.76,34.4552286678,0.494,3823
4.0,1.00250029564,0.000253946869634,367.476365583,0.0041426926,4.76,34.4552286678,0.494,3823
4.0,1.00221693516,0.000253957667155,367.537665536,0.0041426926,4.76,34.4552286678,0.494,3823
4.0,1.00261700153,0.000253971491475,367.598965492,0.0041426926,4.76,34.4552286678,0.494,3823
4.0,1.00250768661,0.000254003942246,367.660265552,0.0041426926,4.76,34.4552286678,0.494,3823
4.0,1.00290000439,0.000254034792306,367.721565415,0.0041426926,4.76,34.4552286678,0.494,3823
4.0,1.00220501423,0.00025400656159,367.78286548,0.0041426926,4.76,34.4552286678,0.494,3823
4.0,1.00313580036,0.000254021462752,367.844165349,0.0041426926,4.76,34.4552286678,0.494,3823
4.0,1.00202095509,0.000253932608757,367.90546532,0.0041426926,4.76,34.4552286678,0.494,3823
4.0,1.00277900696,0.000254013109952,367.966765295,0.0041426926,4.76,34.4552286678,0.494,3823
4.0,1.00282549858,0.000254057435086,368.028065373,0.0041426926,4.76,34.4552286678,0.494,3823
4.0,1.0025510788,0.000254017533734,368.089365354,0.0041426926,4.76,34.4552286678,0.494,3823
4.0,1.00279211998,0.000254027283518,368.150665238,0.0041426926,4.76,34.4552286678,0.494,3823
4.0,1.00280404091,0.000254022772424,368.211965225,0.0041426926,4.76,34.4552286678,0.494,3823
4.0,1.00229775906,0.000254004233284,368.273265214,0.0041426926,4.76,34.4552286678,0.494,3823
4.0,1.00269472599,0.000254043057794,368.334565208,0.0041426926,4.76,34.4552286678,0.494,3823
4.0,1.00247585773,0.000253956881352,368.395865204,0.0041426926,4.76,34.4552286678,0.494,3823
4.0,1.00258135796,0.000254029844655,368.457165203,0.0041426926,4.76,34.4552286678,0.494,3823
4.0,1.00264358521,0.000253983133007,368.518465205,0.0041426926,4.76,34.4552286678,0.494,3823
4.0,1.00218820572,0.000253968901234,368.57976521,0.0041426926,4.76,34.4552286678,0.494,3823
4.0,1.00238597393,0.000253985810559,368.641065219,0.0041426926,4.76,34.4552286678,0.494,3823
4.0,1.0018696785,0.000253926089499,368.70236523,0.0041426926,4.76,34.4552286678,0.494,3823
4.0,1.00199353695,0.000253951031482,368.763665244,0.0041426926,4.76,34.4552286678,0.494,3823
4.0,1.00197589397,0.000253950973274,368.824965262,0.0041426926,4.76,34.4552286678,0.494,3823
4.0,1.00239264965,0.000254008540651,368.886265182,0.0041426926,4.76,34.4552286678,0.494,3823
4.0,1.00283229351,0.000253996724496,368.947565206,0.0041426926,4.76,34.4552286678,0.494,3823
4.0,1.00128626823,0.000253946869634,369.008865233,0.0041426926,4.76,34.4552286678,0.494,3823
4.0,1.00227451324,0.000253935024375,369.070165262,0.0041426926,4.76,34.4552286678,0.494,3823
4.0,1.00213706493,0.000254002196016,369.131465295,0.0041426926,4.76,34.4552286678,0.494,3823
4.0,1.00209665298,0.000253950885963,369.192765331,0.0041426926,4.76,34.4552286678,0.494,3823
4.0,1.00207495689,0.000254004815361,369.25406537,0.0041426926,4.76,34.4552286678,0.494,3823
4.0,1.00210738182,0.000254022161243,369.315365412,0.0041426926,4.76,34.4552286678,0.494,3823
4.0,1.00263190269,0.000254038604908,369.376665457,0.0041426926,4.76,34.4552286678,0.494,3823
4.0,1.00227117538,0.000253984413575,369.437965505,0.0041426926,4.76,34.4552286678,0.494,3823
4.0,1.0020570755,0.000253933598287,369.499265557,0.0041426926,4.76,34.4552286678,0.494,3823
4.0,1.00227451324,0.000253995123785,369.560565611,0.0041426926,4.76,34.4552286678,0.494,3823
4.0,1.00185894966,0.000253913109191,369.621865668,0.0041426926,4.76,34.4552286678,0.494,3823
4.0,1.00245332718,0.000253996666288,369.683165629,0.0041426926,4.76,34.4552286678,0.494,3823
4.0,1.00218236446,0.000254022947047,369.744465692,0.0041426926,4.76,34.4552286678,0.494,3823
4.0,1.00213491917,0.000254079699516,369.805765759,0.0041426926,4.76,34.4552286678,0.494,3823
4.0,1.00245141983,0.000254059268627,369.867065828,0.0041426926,4.76,34.4552286678,0.494,3823
4.0,1.00188624859,0.000254063867033,369.928365901,0.0041426926,4.76,34.4552286678,0.494,3823
4.0,1.00165402889,0.000254085607594,369.989665977,0.0041426926,4.76,34.4552286678,0.494,3823
4.0,1.00182807446,0.000254018144915,370.050966156,0.0041426926,4.76,34.4552286678,0.494,3823
4.0,1.00208342075,0.000254218000919,370.112266238,0.0041426926,4.76,34.4552286678,0.494,3823
4.0,1.00201511383,0.000254109269008,370.193999585,0.0041426926,4.76,34.4552286678,0.494,3823
4.0,1.00233244896,0.000254155078437,370.255299674,0.0041426926,4.76,34.4552286678,0.494,3823
4.0,1.00163328648,0.000254049082287,370.337033131,0.0041426926,4.76,34.4552286678,0.494,3823
4.0,1.00235080719,0.000254090089584,370.398333227,0.0041426926,4.76,34.4552286678,0.494,3823
4.0,1.00178802013,0.000254103593761,370.459633327,0.0041426926,4.76,34.4552286678,0.494,3823
4.0,1.0020083189,0.000254179059993,370.520933429,0.0041426926,4.76,34.4552286678,0.494,3823
4.0,1.00150227547,0.000254107668297,370.582233535,0.0041426926,4.76,34.4552286678,0.494,3823
4.0,1.00204765797,0.000254164740909,370.643533643,0.0041426926,4.76,34.4552286678,0.494,3823
4.0,1.00190210342,0.000254114129348,370.704833755,0.0041426926,4.76,34.4552286678,0.494,3823
4.0,1.00185370445,0.000254134123679,370.76613387,0.0041426926,4.76,34.4552286678,0.494,3823
4.0,1.00161755085,0.000254099344602,370.827433988,0.0041426926,4.76,34.4552286678,0.494,3823
4.0,1.00132918358,0.000254126207437,370.888734109,0.0041426926,4.76,34.4552286678,0.494,3823
4.0,1.00139868259,0.00025408147485,370.950034133,0.0041426926,4.76,34.4552286678,0.494,3823
4.0,1.00220620632,0.000254167534877,371.01133426,0.0041426926,4.76,34.4552286678,0.494,3823
4.0,1.00150430202,0.000254116865108,371.07263439,0.0041426926,4.76,34.4552286678,0.494,3823
4.0,1.00122332573,0.000254094949923,371.133934524,0.0041426926,4.76,34.4552286678,0.494,3823
4.0,1.00140523911,0.000254106067587,371.19523466,0.0041426926,4.76,34.4552286678,0.494,3823
4.0,1.00156235695,0.000254096637946,371.2565348,0.0041426926,4.76,34.4552286678,0.494,3823
4.0,1.00199878216,0.000254109472735,371.338268324,0.0041426926,4.76,34.4552286678,0.494,3823
4.0,1.00137889385,0.000254053273238,371.399568471,0.0041426926,4.76,34.4552286678,0.494,3823
4.0,1.00142097473,0.000254091166425,371.46086862,0.0041426926,4.76,34.4552286678,0.494,3823
4.0,1.00179624557,0.000254116253927,371.522168773,0.0041426926,4.76,34.4552286678,0.494,3823
4.0,1.00133895874,0.000254070851952,371.583468929,0.0041426926,4.76,34.4552286678,0.494,3823
4.0,1.00173425674,0.000254041136941,371.644769088,0.0041426926,4.76,34.4552286678,0.494,3823
4.0,1.00154078007,0.000254069716902,371.706069251,0.0041426926,4.76,34.4552286678,0.494,3823
4.0,1.00214135647,0.00025417181314,371.767369416,0.0041426926,4.76,34.4552286678,0.494,3823
4.0,1.00231969357,0.000254073762335,371.828669584,0.0041426926,4.76,34.4552286678,0.494,3823
4.0,1.00137293339,0.000253968959441,371.889969756,0.0041426926,4.76,34.4552286678,0.494,3823
4.0,1.00201261044,0.000254085112829,371.951269831,0.0041426926,4.76,34.4552286678,0.494,3823
4.0,1.00200378895,0.000254065846093,372.012570008,0.0041426926,4.76,34.4552286678,0.494,3823
4.0,1.00126361847,0.000254009180935,372.073870189,0.0041426926,4.76,34.4552286678,0.494,3823
4.0,1.00101053715,0.000254031270742,372.135170373,0.0041426926,4.76,34.4552286678,0.494,3823
4.0,1.00103676319,0.000253974896623,372.19647056,0.0041426926,4.76,34.4552286678,0.494,3823
4.0,1.00155711174,0.000254031067016,372.25777075,0.0041426926,4.76,34.4552286678,0.494,3823
4.0,1.00152611732,0.000254027894698,372.319070943,0.0041426926,4.76,34.4552286678,0.494,3823
4.0,1.00124275684,0.000254020589637,372.38037114,0.0041426926,4.76,34.4552286678,0.494,3823
4.0,1.00131940842,0.000254015176324,372.441671439,0.0041426926,4.76,34.4552286678,0.494,3823
4.0,1.00094056129,0.000254090205999,372.502971641,0.0041426926,4.76,34.4552286678,0.494,3823
4.0,1.00153505802,0.000254131475231,372.564271847,0.0041426926,4.76,34.4552286678,0.494,3823
4.0,1.00131702423,0.000254101236351,372.625572056,0.0041426926,4.76,34.4552286678,0.494,3823
4.0,1.00135350227,0.00025401925086,372.686872168,0.0041426926,4.76,34.4552286678,0.494,3823
4.0,1.00144135952,0.000254010490607,372.748172383,0.0041426926,4.76,34.4552286678,0.494,3823
4.0,1.0010727644,0.000254003418377,372.809472601,0.0041426926,4.76,34.4552286678,0.494,3823
4.0,1.00182890892,0.000254049722571,372.870772822,0.0041426926,4.76,34.4552286678,0.494,3823
4.0,1.00157308578,0.000254088605288,372.932073046,0.0041426926,4.76,34.4552286678,0.494,3823
4.0,1.00157380104,0.000254094629781,372.993373173,0.0041426926,4.76,34.4552286678,0.494,3823
4.0,1.00188887119,0.000254081503954,373.054673504,0.0041426926,4.76,34.4552286678,0.494,3823
4.0,1.00136744976,0.000253922800766,373.115973738,0.0041426926,4.76,34.4552286678,0.494,3823
4.0,1.00126779079,0.000254061975284,373.177273974,0.0041426926,4.76,34.4552286678,0.494,3823
4.0,1.00109803677,0.000253961945418,373.238574214,0.0041426926,4.76,34.4552286678,0.494,3823
4.0,1.00154137611,0.000254078273429,373.340741187,0.0041426926,4.76,34.4552286678,0.494,3823
4.0,1.00164437294,0.000254205457168,373.402041435,0.0041426926,4.76,34.4552286678,0.494,3823
4.0,1.0016824007,0.000254280137597,373.463341687,0.0041426926,4.76,34.4552286678,0.494,3823
4.0,1.00205945969,0.000254365004366,373.524641941,0.0041426926,4.76,34.4552286678,0.494,3823
4.0,1.00191926956,0.000254344427958,373.585942199,0.0041426926,4.76,34.4552286678,0.494,3823
4.0,1.00227427483,0.000254377402598,373.647242559,0.0041426926,4.76,34.4552286678,0.494,3823
4.0,1.00224685669,0.000254364160355,373.708542723,0.0041426926,4.76,34.4552286678,0.494,3823
4.0,1.00187718868,0.0002542733273,373.76984299,0.0041426926,4.76,34.4552286678,0.494,3823
4.0,1.00247895718,0.000254373560892,373.83114326,0.0041426926,4.76,34.4552286678,0.494,3823
4.0,1.00227236748,0.000254396145465,373.912876958,0.0041426926,4.76,34.4552286678,0.494,3823
4.0,1.00284779072,0.000254401966231,373.974177235,0.0041426926,4.76,34.4552286678,0.494,3823
4.0,1.00253427029,0.000254360114923,374.035477515,0.0041426926,4.76,34.4552286678,0.494,3823
4.0,1.00214636326,0.000254303362453,374.096777799,0.0041426926,4.76,34.4552286678,0.494,3823
4.0,1.00253772736,0.00025433616247,374.158078085,0.0041426926,4.76,34.4552286678,0.494,3823
4.0,1.00186860561,0.00025432521943,374.219378375,0.0041426926,4.76,34.4552286678,0.494,3823
4.0,1.0021520853,0.000254319980741,374.280678668,0.0041426926,4.76,34.4552286678,0.494,3823
4.0,1.0022841692,0.000254300190136,374.341979063,0.0041426926,4.76,34.4552286678,0.494,3823
4.0,1.00242900848,0.0002543166338,374.403279362,0.0041426926,4.76,34.4552286678,0.494,3823
4.0,1.00219714642,0.000254333863268,374.464579465,0.0041426926,4.76,34.4552286678,0.494,3823
4.0,1.00262260437,0.000254288257565,374.52587987,0.0041426926,4.76,34.4552286678,0.494,3823
4.0,1.00205755234,0.000254271290032,374.587180078,0.0041426926,4.76,34.4552286678,0.494,3823
4.0,1.00231432915,0.00025427818764,374.64848039,0.0041426926,4.76,34.4552286678,0.494,3823
4.0,1.00240731239,0.000254338781815,374.709780704,0.0041426926,4.76,34.4552286678,0.494,3823
4.0,1.00174462795,0.000254265934927,374.771081022,0.0041426926,4.76,34.4552286678,0.494,3823
4.0,1.00229907036,0.000254299520748,374.832381343,0.0041426926,4.76,34.4552286678,0.494,3823
4.0,1.00271046162,0.000254289770965,374.893681767,0.0041426926,4.76,34.4552286678,0.494,3823
4.0,1.00269758701,0.000254291313468,374.954982094,0.0041426926,4.76,34.4552286678,0.494,3823
4.0,1.00298988819,0.000254338228842,375.016282425,0.0041426926,4.76,34.4552286678,0.494,3823
4.0,1.00247478485,0.000254283891991,375.077582758,0.0041426926,4.76,34.4552286678,0.494,3823
4.0,1.00233197212,0.00025426960201,375.138883094,0.0041426926,4.76,34.4552286678,0.494,3823
4.0,1.0023342371,0.000254306563875,375.200183434,0.0041426926,4.76,34.4552286678,0.494,3823
4.0,1.00242388248,0.000254323269473,375.261483777,0.0041426926,4.76,34.4552286678,0.494,3823
4.0,1.00222098827,0.000254311045865,375.322784123,0.0041426926,4.76,34.4552286678,0.494,3823
4.0,1.00255990028,0.000254340586253,375.384084472,0.0041426926,4.76,34.4552286678,0.494,3823
4.0,1.00267505646,0.000254312355537,375.445384724,0.0041426926,4.76,34.4552286678,0.494,3823
4.0,1.00260877609,0.000254285638221,375.506685079,0.0041426926,4.76,34.4552286678,0.494,3823
4.0,1.00258564949,0.000254318292718,375.567985438,0.0041426926,4.76,34.4552286678,0.494,3823
4.0,1.00217223167,0.000254299608059,375.629285799,0.0041426926,4.76,34.4552286678,0.494,3823
4.0,1.00226688385,0.000254285463598,375.690586164,0.0041426926,4.76,34.4552286678,0.494,3823
4.0,1.0024574995,0.000254264276009,375.751886532,0.0041426926,4.76,34.4552286678,0.494,3823
4.0,1.002805233,0.000254317332292,375.813186903,0.0041426926,4.76,34.4552286678,0.494,3823
4.0,1.00331652164,0.000254348735325,375.874487277,0.0041426926,4.76,34.4552286678,0.494,3823
4.0,1.00303804874,0.000254297832726,375.935787654,0.0041426926,4.76,34.4552286678,0.494,3823
4.0,1.00292468071,0.000254264770774,375.997088034,0.0041426926,4.76,34.4552286678,0.494,3823
4.0,1.00254106522,0.000254325103015,376.058388418,0.0041426926,4.76,34.4552286678,0.494,3823
4.0,1.00264573097,0.000254333164776,376.119688804,0.0041426926,4.76,34.4552286678,0.494,3823
4.0,1.00263655186,0.000254332262557,376.180989194,0.0041426926,4.76,34.4552286678,0.494,3823
4.0,1.00213956833,0.000254310754826,376.242289587,0.0041426926,4.76,34.4552286678,0.494,3823
4.0,1.00244915485,0.000254383368883,376.324023449,0.0041426926,4.76,34.4552286678,0.494,3823
4.0,1.00222122669,0.000254300772212,376.385323849,0.0041426926,4.76,34.4552286678,0.494,3823
4.0,1.0030875206,0.000254414917435,376.446624253,0.0041426926,4.76,34.4552286678,0.494,3823
4.0,1.00227797031,0.000254353886703,376.507924659,0.0041426926,4.76,34.4552286678,0.494,3823
4.0,1.0025601387,0.000254346261499,376.569225069,0.0041426926,4.76,34.4552286678,0.494,3823
4.0,1.00240623951,0.000254332175246,376.630525482,0.0041426926,4.76,34.4552286678,0.494,3823
4.0,1.00223898888,0.000254319631495,376.691825897,0.0041426926,4.76,34.4552286678,0.494,3823
4.0,1.00254106522,0.000254341663094,376.753126316,0.0041426926,4.76,34.4552286678,0.494,3823
4.0,1.00257945061,0.00025434239069,376.814426639,0.0041426926,4.76,34.4552286678,0.494,3823
4.0,1.00220811367,0.000254330487223,376.875727064,0.0041426926,4.76,34.4552286678,0.494,3823
4.0,1.00253808498,0.0002543728624,376.937027492,0.0041426926,4.76,34.4552286678,0.494,3823
4.0,1.0028501749,0.00025437810109,376.998327924,0.0041426926,4.76,34.4552286678,0.494,3823
4.0,1.0022187233,0.000254321901593,377.059628359,0.0041426926,4.76,34.4552286678,0.494,3823
4.0,1.00269663334,0.00025437734439,377.120928796,0.0041426926,4.76,34.4552286678,0.494,3823
4.0,1.00201737881,0.000254288286669,377.182229237,0.0041426926,4.76,34.4552286678,0.494,3823
4.0,1.00286281109,0.000254510872765,377.243529681,0.0041426926,4.76,34.4552286678,0.494,3823
4.0,1.00185334682,0.000254326034337,377.304830129,0.0041426926,4.76,34.4552286678,0.494,3823
4.0,1.00226044655,0.000254297308857,377.366130579,0.0041426926,4.76,34.4552286678,0.494,3823
4.0,1.00133001804,0.000254337122897,377.427431133,0.0041426926,4.76,34.4552286678,0.494,3823
4.0,1.00212645531,0.000254282815149,377.488731589,0.0041426926,4.76,34.4552286678,0.494,3823
4.0,1.00193679333,0.000254257844063,377.550032049,0.0041426926,4.76,34.4552286678,0.494,3823
4.0,1.00217092037,0.000254326732829,377.611332512,0.0041426926,4.76,34.4552286678,0.494,3823
4.0,1.00208544731,0.000254394923104,377.672632978,0.0041426926,4.76,34.4552286678,0.494,3823
4.0,1.00210559368,0.000254322949331,377.733933447,0.0041426926,4.76,34.4552286678,0.494,3823
4.0,1.00176548958,0.000254345941357,377.79523392,0.0041426926,4.76,34.4552286678,0.494,3823
4.0,1.0023547411,0.000254356331425,377.856534295,0.0041426926,4.76,34.4552286678,0.494,3823
4.0,1.00177037716,0.000254371727351,377.917834774,0.0041426926,4.76,34.4552286678,0.494,3823
4.0,1.00225806236,0.000254344224231,377.979135156,0.0041426926,4.76,34.4552286678,0.494,3823
4.0,1.00194716454,0.000254412094364,378.040435741,0.0041426926,4.76,34.4552286678,0.494,3823
4.0,1.00202953815,0.000254310114542,378.101736229,0.0041426926,4.76,34.4552286678,0.494,3823
4.0,1.0016541481,0.000254332786426,378.16303672,0.0041426926,4.76,34.4552286678,0.494,3823
4.0,1.00117242336,0.000254362093983,378.224337214,0.0041426926,4.76,34.4552286678,0.494,3823
4.0,1.00179576874,0.000254323909758,378.285637712,0.0041426926,4.76,34.4552286678,0.494,3823
4.0,1.00195097923,0.000254334707279,378.346938213,0.0041426926,4.76,34.4552286678,0.494,3823
4.0,1.00179815292,0.000254342041444,378.408238716,0.0041426926,4.76,34.4552286678,0.494,3823
4.0,1.00109887123,0.000254273763858,378.469539223,0.0041426926,4.76,34.4552286678,0.494,3823
4.0,1.00161838531,0.000254340615356,378.530839733,0.0041426926,4.76,34.4552286678,0.494,3823
4.0,1.00102543831,0.000254305195995,378.592140247,0.0041426926,4.76,34.4552286678,0.494,3823
4.0,1.00093019009,0.000254315469647,378.653440763,0.0041426926,4.76,34.4552286678,0.494,3823
4.0,1.00120520592,0.00025429399102,378.714741283,0.0041426926,4.76,34.4552286678,0.494,3823
4.0,1.00149250031,0.00025436154101,378.776041805,0.0041426926,4.76,34.4552286678,0.494,3823
4.0,1.00133907795,0.000254378275713,378.837342331,0.0041426926,4.76,34.4552286678,0.494,3823
4.0,1.00102007389,0.000254374404904,378.89864276,0.0041426926,4.76,34.4552286678,0.494,3823
4.0,1.00108253956,0.000254365004366,378.959943292,0.0041426926,4.76,34.4552286678,0.494,3823
4.0,1.00059688091,0.000254338810919,379.021243828,0.0041426926,4.76,34.4552286678,0.494,3823
4.0,1.00157403946,0.000254373793723,379.082544366,0.0041426926,4.76,34.4552286678,0.494,3823
4.0,1.00134599209,0.000254383659922,379.143844907,0.0041426926,4.76,34.4552286678,0.494,3823
4.0,1.00127196312,0.000254393700743,379.205145452,0.0041426926,4.76,34.4552286678,0.494,3823
4.0,1.00140702724,0.000254414364463,379.286879517,0.0041426926,4.76,34.4552286678,0.494,3823
4.0,1.00114965439,0.000254365935689,379.348180069,0.0041426926,4.76,34.4552286678,0.494,3823
4.0,1.00124323368,0.000254298327491,379.409480624,0.0041426926,4.76,34.4552286678,0.494,3823
4.0,1.00120580196,0.00025433828705,379.470781182,0.0041426926,4.76,34.4552286678,0.494,3823
4.0,1.00080537796,0.000254382495768,379.532081744,0.0041426926,4.76,34.4552286678,0.494,3823
4.0,1.00122117996,0.000254376500379,379.593382308,0.0041426926,4.76,34.4552286678,0.494,3823
4.0,1.00060045719,0.000254332640907,379.654682876,0.0041426926,4.76,34.4552286678,0.494,3823
4.0,1.00101470947,0.000254361570114,379.715983447,0.0041426926,4.76,34.4552286678,0.494,3823
4.0,1.00072133541,0.000254350801697,379.777284021,0.0041426926,4.76,34.4552286678,0.494,3823
4.0,1.00083327293,0.000254369544564,379.838584598,0.0041426926,4.76,34.4552286678,0.494,3823
4.0,1.00034713745,0.000254309648881,379.899885179,0.0041426926,4.76,34.4552286678,0.494,3823
4.0,1.00061070919,0.000254372425843,379.961185762,0.0041426926,4.76,34.4552286678,0.494,3823
4.0,1.00036120415,0.000254346639849,380.022486449,0.0041426926,4.76,34.4552286678,0.494,3823
4.0,1.00065207481,0.000254309619777,380.083787039,0.0041426926,4.76,34.4552286678,0.494,3823
4.0,1.00060236454,0.000254367419984,380.145087632,0.0041426926,4.76,34.4552286678,0.494,3823
4.0,1.00064229965,0.000254279846558,380.206388128,0.0041426926,4.76,34.4552286678,0.494,3823
4.0,1.0007417202,0.000254284095718,380.267688827,0.0041426926,4.76,34.4552286678,0.494,3823
4.0,1.00047171116,0.000254254991887,380.328989229,0.0041426926,4.76,34.4552286678,0.494,3823
4.0,1.0007392168,0.000254267681157,380.390289835,0.0041426926,4.76,34.4552286678,0.494,3823
4.0,1.00005233288,0.000254217651673,380.451590444,0.0041426926,4.76,34.4552286678,0.494,3823
4.0,1.00030422211,0.000254249054706,380.512891056,0.0041426926,4.76,34.4552286678,0.494,3823
4.0,1.00009250641,0.000254205253441,380.574191771,0.0041426926,4.76,34.4552286678,0.494,3823
4.0,0.999966979027,0.000254218903137,380.635492389,0.0041426926,4.76,34.4552286678,0.494,3823
4.0,0.999955534935,0.000254198879702,380.69679301,0.0041426926,4.76,34.4552286678,0.494,3823
4.0,0.99996316433,0.000254237267654,380.758093635,0.0041426926,4.76,34.4552286678,0.494,3823
4.0,0.99985897541,0.000254229962593,380.819394262,0.0041426926,4.76,34.4552286678,0.494,3823
4.0,1.00006353855,0.000254288606811,380.880694893,0.0041426926,4.76,34.4552286678,0.494,3823
4.0,1.00015544891,0.000254268263234,380.941995527,0.0041426926,4.76,34.4552286678,0.494,3823
4.0,1.00011765957,0.00025428752997,381.003296164,0.0041426926,4.76,34.4552286678,0.494,3823
4.0,1.00003314018,0.00025417728466,381.064596804,0.0041426926,4.76,34.4552286678,0.494,3823
4.0,0.999831557274,0.00025421747705,381.125897447,0.0041426926,4.76,34.4552286678,0.494,3823
4.0,0.999683141708,0.000254253944149,381.187198094,0.0041426926,4.76,34.4552286678,0.494,3823
4.0,0.999979972839,0.000254330167081,381.248498744,0.0041426926,4.76,34.4552286678,0.494,3823
4.0,0.999394893646,0.000254256068729,381.309799396,0.0041426926,4.76,34.4552286678,0.494,3823
4.0,0.999658346176,0.000254238664638,381.371100052,0.0041426926,4.76,34.4552286678,0.494,3823
4.0,0.999388873577,0.000254213344306,381.432400611,0.0041426926,4.76,34.4552286678,0.494,3823
4.0,0.999340236187,0.000254248792771,381.514134928,0.0041426926,4.76,34.4552286678,0.494,3823
4.0,0.999325811863,0.000254233396845,381.575435595,0.0041426926,4.76,34.4552286678,0.494,3823
4.0,0.999165058136,0.000254229875281,381.636736264,0.0041426926,4.76,34.4552286678,0.494,3823
4.0,0.998973846436,0.000254206446698,381.698036937,0.0041426926,4.76,34.4552286678,0.494,3823
4.0,0.999363124371,0.000254191923887,381.759337613,0.0041426926,4.76,34.4552286678,0.494,3823
4.0,0.999318659306,0.000254243990639,381.820638192,0.0041426926,4.76,34.4552286678,0.494,3823
4.0,0.99975836277,0.000254287617281,381.881938874,0.0041426926,4.76,34.4552286678,0.494,3823
4.0,0.999272227287,0.000254240905633,381.94323956,0.0041426926,4.76,34.4552286678,0.494,3823
4.0,0.999007344246,0.000254249345744,382.004540248,0.0041426926,4.76,34.4552286678,0.494,3823
4.0,0.99910312891,0.000254219281487,382.06584094,0.0041426926,4.76,34.4552286678,0.494,3823
4.0,0.999290823936,0.000254244514508,382.127141635,0.0041426926,4.76,34.4552286678,0.494,3823
4.0,0.999585270882,0.000254221988143,382.188442333,0.0041426926,4.76,34.4552286678,0.494,3823
4.0,0.998788118362,0.000254179321928,382.270176601,0.0041426926,4.76,34.4552286678,0.494,3823
4.0,0.999870657921,0.000254309183219,382.331477307,0.0041426926,4.76,34.4552286678,0.494,3823
4.0,0.998411357403,0.000254177459283,382.392778015,0.0041426926,4.76,34.4552286678,0.494,3823
4.0,0.999220788479,0.000254265381955,382.454078727,0.0041426926,4.76,34.4552286678,0.494,3823
4.0,0.998844206333,0.000254257320194,382.515379441,0.0041426926,4.76,34.4552286678,0.494,3823
4.0,0.999106943607,0.000254312501056,382.576680159,0.0041426926,4.76,34.4552286678,0.494,3823
4.0,0.998756110668,0.000254281330854,382.63798088,0.0041426926,4.76,34.4552286678,0.494,3823
4.0,0.998634457588,0.000254232581938,382.699281604,0.0041426926,4.76,34.4552286678,0.494,3823
4.0,0.999033927917,0.000254294660408,382.760582332,0.0041426926,4.76,34.4552286678,0.494,3823
4.0,0.998842597008,0.000254269107245,382.821883062,0.0041426926,4.76,34.4552286678,0.494,3823
4.0,0.998630285263,0.00025422903127,382.883183796,0.0041426926,4.76,34.4552286678,0.494,3823
4.0,0.998428165913,0.000254227576079,382.944484533,0.0041426926,4.76,34.4552286678,0.494,3823
4.0,0.998811304569,0.00025426884531,383.005785273,0.0041426926,4.76,34.4552286678,0.494,3823
4.0,0.998132884502,0.000254174869042,383.067086016,0.0041426926,4.76,34.4552286678,0.494,3823
4.0,0.998383045197,0.000254195620073,383.128386762,0.0041426926,4.76,34.4552286678,0.494,3823
4.0,0.998301565647,0.0002542095026,383.189687511,0.0041426926,4.76,34.4552286678,0.494,3823
4.0,0.998220205307,0.000254190119449,383.250988164,0.0041426926,4.76,34.4552286678,0.494,3823
4.0,0.998124837875,0.000254178798059,383.31228892,0.0041426926,4.76,34.4552286678,0.494,3823
4.0,0.997799992561,0.000254166458035,383.394023365,0.0041426926,4.76,34.4552286678,0.494,3823
4.0,0.997880995274,0.00025334052043,384.333968644,0.0041426926,4.76,34.4552286678,0.494,3823
4.0,0.997616291046,0.000253289123066,384.395269455,0.0041426926,4.76,34.4552286678,0.494,3823
4.0,0.998653054237,0.00025332273799,384.45657027,0.0041426926,4.76,34.4552286678,0.494,3823
4.0,0.99735558033,0.000253154255915,384.517871087,0.0041426926,4.76,34.4552286678,0.494,3823
4.0,0.997868835926,0.000253361708019,384.579171908,0.0041426926,4.76,34.4552286678,0.494,3823
4.0,0.997756183147,0.000253348029219,384.640472732,0.0041426926,4.76,34.4552286678,0.494,3823
4.0,0.997519552708,0.00025332745281,384.701773559,0.0041426926,4.76,34.4552286678,0.494,3823
4.0,0.997953534126,0.00025334750535,384.763074389,0.0041426926,4.76,34.4552286678,0.494,3823
4.0,0.996932089329,0.000253411475569,384.824375322,0.0041426926,4.76,34.4552286678,0.494,3823
4.0,0.997469604015,0.000253434758633,384.885676159,0.0041426926,4.76,34.4552286678,0.494,3823
4.0,0.997173845768,0.000253536389209,384.946976998,0.0041426926,4.76,34.4552286678,0.494,3823
4.0,0.997403144836,0.000253512378549,385.008277841,0.0041426926,4.76,34.4552286678,0.494,3823
4.0,0.997367143631,0.000253645965131,385.069578687,0.0041426926,4.76,34.4552286678,0.494,3823
4.0,0.996408462524,0.00025355030084,385.130879436,0.0041426926,4.76,34.4552286678,0.494,3823
4.0,0.997100353241,0.000253694015555,385.192180188,0.0041426926,4.76,34.4552286678,0.494,3823
4.0,0.997001945972,0.000253748788964,385.253481143,0.0041426926,4.76,34.4552286678,0.494,3823
4.0,0.996441960335,0.000253755773883,385.314781901,0.0041426926,4.76,34.4552286678,0.494,3823
4.0,0.996027231216,0.00025373956305,385.376082763,0.0041426926,4.76,34.4552286678,0.494,3823
4.0,0.997350096703,0.000253865990089,385.437383728,0.0041426926,4.76,34.4552286678,0.494,3823
4.0,0.996243953705,0.000253799400525,385.498684595,0.0041426926,4.76,34.4552286678,0.494,3823
4.0,0.996238052845,0.000253875477938,385.559985466,0.0041426926,4.76,34.4552286678,0.494,3823
4.0,0.996136903763,0.000253939128015,385.62128634,0.0041426926,4.76,34.4552286678,0.494,3823
4.0,0.996266543865,0.000253985257586,385.682587218,0.0041426926,4.76,34.4552286678,0.494,3823
4.0,0.995900571346,0.000253970560152,385.743888098,0.0041426926,4.76,34.4552286678,0.494,3823
4.0,0.995093524456,0.00025394410477,385.805188982,0.0041426926,4.76,34.4552286678,0.494,3823
4.0,0.995881378651,0.000254029873759,385.866489868,0.0041426926,4.76,34.4552286678,0.494,3823
4.0,0.995879888535,0.000254002399743,385.927790758,0.0041426926,4.76,34.4552286678,0.494,3823
4.0,0.995725333691,0.000254021142609,385.989091651,0.0041426926,4.76,34.4552286678,0.494,3823
4.0,0.995938062668,0.00025407972862,386.050392547,0.0041426926,4.76,34.4552286678,0.494,3823
4.0,0.995482444763,0.000254053273238,386.111693446,0.0041426926,4.76,34.4552286678,0.494,3823
4.0,0.995997846127,0.000254100043094,386.172994349,0.0041426926,4.76,34.4552286678,0.494,3823
4.0,0.995812296867,0.000254091923125,386.234295154,0.0041426926,4.76,34.4552286678,0.494,3823
4.0,0.995696604252,0.000254116108408,386.295596063,0.0041426926,4.76,34.4552286678,0.494,3823
4.0,0.995898425579,0.000254113576375,386.377330713,0.0041426926,4.76,34.4552286678,0.494,3823
4.0,0.99565500021,0.000254091253737,386.438631629,0.0041426926,4.76,34.4552286678,0.494,3823
4.0,0.995279550552,0.000254034355748,386.499932548,0.0041426926,4.76,34.4552286678,0.494,3823
4.0,0.995202243328,0.000254047277849,386.56123347,0.0041426926,4.76,34.4552286678,0.494,3823
4.0,0.995393633842,0.000254070590017,386.622534295,0.0041426926,4.76,34.4552286678,0.494,3823
4.0,0.995683550835,0.000254094018601,386.683835224,0.0041426926,4.76,34.4552286678,0.494,3823
4.0,0.995433270931,0.000254069193034,386.745136155,0.0041426926,4.76,34.4552286678,0.494,3823
4.0,0.996059715748,0.000254102895269,386.80643709,0.0041426926,4.76,34.4552286678,0.494,3823
4.0,0.996080636978,0.000254121987382,386.867738028,0.0041426926,4.76,34.4552286678,0.494,3823
4.0,0.995912015438,0.000254088809015,386.929038969,0.0041426926,4.76,34.4552286678,0.494,3823
4.0,0.995663762093,0.000254055863479,386.990339913,0.0041426926,4.76,34.4552286678,0.494,3823
4.0,0.995476424694,0.000254057726124,387.051640861,0.0041426926,4.76,34.4552286678,0.494,3823
4.0,0.995760560036,0.000254068087088,387.112941811,0.0041426926,4.76,34.4552286678,0.494,3823
4.0,0.995210766792,0.000254058220889,387.174242765,0.0041426926,4.76,34.4552286678,0.494,3823
4.0,0.995514750481,0.000254059792496,387.235543721,0.0041426926,4.76,34.4552286678,0.494,3823
4.0,0.99545532465,0.000254090875387,387.296844681,0.0041426926,4.76,34.4552286678,0.494,3823
4.0,0.995014548302,0.000254053040408,387.358145644,0.0041426926,4.76,34.4552286678,0.494,3823
4.0,0.995191156864,0.000254040525761,387.41944671,0.0041426926,4.76,34.4552286678,0.494,3823
4.0,0.995783805847,0.000254093436524,387.501181237,0.0041426926,4.76,34.4552286678,0.494,3823
4.0,0.99549549818,0.000254009588389,387.56248221,0.0041426926,4.76,34.4552286678,0.494,3823
4.0,0.995603740215,0.000254035461694,387.623783187,0.0041426926,4.76,34.4552286678,0.494,3823
4.0,0.995692014694,0.000254050188232,387.705517827,0.0041426926,4.76,34.4552286678,0.494,3823
4.0,0.995607733727,0.000254014332313,387.766818811,0.0041426926,4.76,34.4552286678,0.494,3823
4.0,0.995668053627,0.000254011887591,387.828119798,0.0041426926,4.76,34.4552286678,0.494,3823
4.0,0.995797038078,0.000254081242019,387.889420788,0.0041426926,4.76,34.4552286678,0.494,3823
4.0,0.995631217957,0.000254073762335,387.950721781,0.0041426926,4.76,34.4552286678,0.494,3823
4.0,0.995418012142,0.000254013109952,388.012022777,0.0041426926,4.76,34.4552286678,0.494,3823
4.0,0.995635926723,0.000254054582911,388.073323777,0.0041426926,4.76,34.4552286678,0.494,3823
4.0,0.995557188988,0.000254070211668,388.134624779,0.0041426926,4.76,34.4552286678,0.494,3823
4.0,0.995600044727,0.00025403444306,388.195925785,0.0041426926,4.76,34.4552286678,0.494,3823
4.0,0.995736122131,0.000254071026575,388.257226794,0.0041426926,4.76,34.4552286678,0.494,3823
4.0,0.995574951172,0.000254022452282,388.318527806,0.0041426926,4.76,34.4552286678,0.494,3823
4.0,0.995263814926,0.000254003884038,388.379828821,0.0041426926,4.76,34.4552286678,0.494,3823
4.0,0.996430695057,0.000254220765783,388.441129839,0.0041426926,4.76,34.4552286678,0.494,3823
4.0,0.995439946651,0.000254001322901,388.50243086,0.0041426926,4.76,34.4552286678,0.494,3823
4.0,0.995371520519,0.000253956532106,388.563731785,0.0041426926,4.76,34.4552286678,0.494,3823
4.0,0.995582938194,0.000254040583968,388.625032813,0.0041426926,4.76,34.4552286678,0.494,3823
4.0,0.995421648026,0.000254037731793,388.686333843,0.0041426926,4.76,34.4552286678,0.494,3823
4.0,0.995556712151,0.000254024373135,388.747634877,0.0041426926,4.76,34.4552286678,0.494,3823
4.0,0.995418787003,0.000254010723438,388.808935914,0.0041426926,4.76,34.4552286678,0.494,3823
4.0,0.995885372162,0.000253976439126,388.870236954,0.0041426926,4.76,34.4552286678,0.494,3823
4.0,0.995713710785,0.000253990787314,388.931538097,0.0041426926,4.76,34.4552286678,0.494,3823
4.0,0.995552301407,0.000254011742072,388.992839144,0.0041426926,4.76,34.4552286678,0.494,3823
4.0,0.996299862862,0.000254113227129,389.054140193,0.0041426926,4.76,34.4552286678,0.494,3823
4.0,0.99576318264,0.000253955367953,389.115441246,0.0041426926,4.76,34.4552286678,0.494,3823
4.0,0.996169269085,0.000253999140114,389.176742301,0.0041426926,4.76,34.4552286678,0.494,3823
4.0,0.995839893818,0.000253964448348,389.23804336,0.0041426926,4.76,34.4552286678,0.494,3823
4.0,0.995728373528,0.000254028156633,389.31977801,0.0041426926,4.76,34.4552286678,0.494,3823
4.0,0.995937168598,0.000253977166722,389.381079076,0.0041426926,4.76,34.4552286678,0.494,3823
4.0,0.996031343937,0.000253999809502,389.442380145,0.0041426926,4.76,34.4552286678,0.494,3823
4.0,0.995908617973,0.000253892765613,389.503681218,0.0041426926,4.76,34.4552286678,0.494,3823
4.0,0.996106266975,0.000254016835243,389.564982293,0.0041426926,4.76,34.4552286678,0.494,3823
4.0,0.996321856976,0.000253994396189,389.626283371,0.0041426926,4.76,34.4552286678,0.494,3823
4.0,0.996246635914,0.00025400656159,389.687584553,0.0041426926,4.76,34.4552286678,0.494,3823
4.0,0.996300756931,0.000254047045019,389.748885638,0.0041426926,4.76,34.4552286678,0.494,3823
4.0,0.996672689915,0.000254062761087,389.810186726,0.0041426926,4.76,34.4552286678,0.494,3823
4.0,0.996593952179,0.000253997073742,389.871487817,0.0041426926,4.76,34.4552286678,0.494,3823
4.0,0.99619281292,0.000254041166045,389.932788911,0.0041426926,4.76,34.4552286678,0.494,3823
4.0,0.995441377163,0.000253957347013,389.994090008,0.0041426926,4.76,34.4552286678,0.494,3823
4.0,0.995595037937,0.000254000304267,390.055391108,0.0041426926,4.76,34.4552286678,0.494,3823
4.0,0.996389210224,0.000254022423178,390.116692112,0.0041426926,4.76,34.4552286678,0.494,3823
4.0,0.996304392815,0.000253794249147,390.177993218,0.0041426926,4.76,34.4552286678,0.494,3823
4.0,0.996403455734,0.000253921869444,390.239294328,0.0041426926,4.76,34.4552286678,0.494,3823
4.0,0.996513009071,0.000253925245488,390.30059544,0.0041426926,4.76,34.4552286678,0.494,3823
4.0,0.99653172493,0.00025387990172,390.361896556,0.0041426926,4.76,34.4552286678,0.494,3823
4.0,0.996688365936,0.00025384980836,390.423197675,0.0041426926,4.76,34.4552286678,0.494,3823
4.0,0.996822476387,0.000253884703852,390.484498797,0.0041426926,4.76,34.4552286678,0.494,3823
4.0,0.996759951115,0.000253898761002,390.545799923,0.0041426926,4.76,34.4552286678,0.494,3823
4.0,0.996540665627,0.0002537824912,390.607101051,0.0041426926,4.76,34.4552286678,0.494,3823
4.0,0.996887385845,0.000253893609624,390.668402182,0.0041426926,4.76,34.4552286678,0.494,3823
4.0,0.996379733086,0.000253825157415,390.729703317,0.0041426926,4.76,34.4552286678,0.494,3823
4.0,0.996282935143,0.000253865960985,390.791004454,0.0041426926,4.76,34.4552286678,0.494,3823
4.0,0.99636298418,0.000253792182775,390.852305595,0.0041426926,4.76,34.4552286678,0.494,3823
4.0,0.996740162373,0.000253917824011,390.913606739,0.0041426926,4.76,34.4552286678,0.494,3823
4.0,0.996436476707,0.000253887439612,390.974907886,0.0041426926,4.76,34.4552286678,0.494,3823
4.0,0.996547698975,0.000253890524618,391.036209036,0.0041426926,4.76,34.4552286678,0.494,3823
4.0,0.997157931328,0.000253881764365,391.097510189,0.0041426926,4.76,34.4552286678,0.494,3823
4.0,0.996853232384,0.000253890437307,391.158811345,0.0041426926,4.76,34.4552286678,0.494,3823
4.0,0.99694532156,0.00025391971576,391.220112504,0.0041426926,4.76,34.4552286678,0.494,3823
4.0,0.996898889542,0.000253854319453,391.281413666,0.0041426926,4.76,34.4552286678,0.494,3823
4.0,0.99673473835,0.000253875972703,391.342714732,0.0041426926,4.76,34.4552286678,0.494,3823
4.0,0.996847212315,0.000253843696555,391.404015901,0.0041426926,4.76,34.4552286678,0.494,3823
4.0,0.997230112553,0.000253940204857,391.465317072,0.0041426926,4.76,34.4552286678,0.494,3823
4.0,0.997023701668,0.000253870734014,391.526618347,0.0041426926,4.76,34.4552286678,0.494,3823
4.0,0.996846556664,0.000253904319834,391.587919525,0.0041426926,4.76,34.4552286678,0.494,3823
4.0,0.997380912304,0.000253925507423,391.649220706,0.0041426926,4.76,34.4552286678,0.494,3823
4.0,0.997006773949,0.000253891834291,391.71052179,0.0041426926,4.76,34.4552286678,0.494,3823
4.0,0.996866643429,0.000253928039456,391.771822977,0.0041426926,4.76,34.4552286678,0.494,3823
4.0,0.997213363647,0.000253938284004,391.833124167,0.0041426926,4.76,34.4552286678,0.494,3823
4.0,0.99668109417,0.000253854348557,391.894425461,0.0041426926,4.76,34.4552286678,0.494,3823
4.0,0.997328698635,0.000253951060586,391.955726657,0.0041426926,4.76,34.4552286678,0.494,3823
4.0,0.997273266315,0.00025394934346,392.017027857,0.0041426926,4.76,34.4552286678,0.494,3823
4.0,0.997459590435,0.000253935024375,392.078329059,0.0041426926,4.76,34.4552286678,0.494,3823
4.0,0.997608006001,0.000253896578215,392.139630265,0.0041426926,4.76,34.4552286678,0.494,3823
4.0,0.99729681015,0.000253850856097,392.200931474,0.0041426926,4.76,34.4552286678,0.494,3823
4.0,0.99768447876,0.000253904872807,392.262232686,0.0041426926,4.76,34.4552286678,0.494,3823
4.0,0.998276293278,0.000253954494838,392.34396764,0.0041426926,4.76,34.4552286678,0.494,3823
4.0,0.997834682465,0.000253943813732,392.405268859,0.0041426926,4.76,34.4552286678,0.494,3823
4.0,0.997978210449,0.000253943027928,392.466569981,0.0041426926,4.76,34.4552286678,0.494,3823
4.0,0.998323559761,0.000253954378422,392.527871206,0.0041426926,4.76,34.4552286678,0.494,3823
4.0,0.99807715416,0.000253946112934,392.589172534,0.0041426926,4.76,34.4552286678,0.494,3823
4.0,0.998048305511,0.000253936188528,392.650473766,0.0041426926,4.76,34.4552286678,0.494,3823
4.0,0.998018741608,0.000253953854553,392.711775,0.0041426926,4.76,34.4552286678,0.494,3823
4.0,0.998337566853,0.000253973121289,392.773076238,0.0041426926,4.76,34.4552286678,0.494,3823
4.0,0.998601555824,0.000253965321463,392.834377479,0.0041426926,4.76,34.4552286678,0.494,3823
4.0,0.998416721821,0.000253977748798,392.895678722,0.0041426926,4.76,34.4552286678,0.494,3823
4.0,0.998687207699,0.000253946200246,392.956979869,0.0041426926,4.76,34.4552286678,0.494,3823
4.0,0.998064756393,0.000253920705291,393.018281119,0.0041426926,4.76,34.4552286678,0.494,3823
4.0,0.998769342899,0.000253989681369,393.079582372,0.0041426926,4.76,34.4552286678,0.494,3823
4.0,0.998682260513,0.00025400071172,393.140883628,0.0041426926,4.76,34.4552286678,0.494,3823
4.0,0.999042391777,0.000254017300904,393.202184887,0.0041426926,4.76,34.4552286678,0.494,3823
4.0,0.998848080635,0.000253982201684,393.283920004,0.0041426926,4.76,34.4552286678,0.494,3823
4.0,0.99870544672,0.000253981648711,393.34522127,0.0041426926,4.76,34.4552286678,0.494,3823
4.0,0.999359548092,0.000254017504631,393.40652244,0.0041426926,4.76,34.4552286678,0.494,3823
4.0,0.999476850033,0.000254004116869,393.467823712,0.0041426926,4.76,34.4552286678,0.494,3823
4.0,0.999588727951,0.000254047045019,393.529124988,0.0041426926,4.76,34.4552286678,0.494,3823
4.0,1.00037312508,0.000254080252489,393.590426266,0.0041426926,4.76,34.4552286678,0.494,3823
4.0,0.999373614788,0.000253970531048,393.651727548,0.0041426926,4.76,34.4552286678,0.494,3823
4.0,0.999464690685,0.000254024751484,393.713028833,0.0041426926,4.76,34.4552286678,0.494,3823
4.0,1.00001215935,0.000254036334809,393.774330121,0.0041426926,4.76,34.4552286678,0.494,3823
4.0,0.999131023884,0.000253971345956,393.835631412,0.0041426926,4.76,34.4552286678,0.494,3823
4.0,0.999393165112,0.000253999547567,393.896932705,0.0041426926,4.76,34.4552286678,0.494,3823
4.0,0.999780535698,0.000254006270552,393.958234002,0.0041426926,4.76,34.4552286678,0.494,3823
4.0,0.999527454376,0.000254022161243,394.019535303,0.0041426926,4.76,34.4552286678,0.494,3823
4.0,1.00012004375,0.000254020356806,394.080836606,0.0041426926,4.76,34.4552286678,0.494,3823
4.0,0.999827861786,0.000254018057603,394.142137912,0.0041426926,4.76,34.4552286678,0.494,3823
4.0,0.999550402164,0.00025402684696,394.203439221,0.0041426926,4.76,34.4552286678,0.494,3823
4.0,0.999895572662,0.000253980222624,394.264740533,0.0041426926,4.76,34.4552286678,0.494,3823
4.0,1.00039482117,0.000254069309449,394.326041849,0.0041426926,4.76,34.4552286678,0.494,3823
4.0,1.00002288818,0.000253995269304,394.387343167,0.0041426926,4.76,34.4552286678,0.494,3823
4.0,1.00006759167,0.000254014623351,394.448644489,0.0041426926,4.76,34.4552286678,0.494,3823
4.0,1.00021779537,0.000254060840234,394.509945813,0.0041426926,4.76,34.4552286678,0.494,3823
4.0,1.00032615662,0.000254058249993,394.571247041,0.0041426926,4.76,34.4552286678,0.494,3823
4.0,1.00022923946,0.000253990700003,394.632548372,0.0041426926,4.76,34.4552286678,0.494,3823
4.0,1.0004376173,0.000254019483691,394.693849706,0.0041426926,4.76,34.4552286678,0.494,3823
4.0,1.00073504448,0.000254059064901,394.755151142,0.0041426926,4.76,34.4552286678,0.494,3823
4.0,1.00060629845,0.000254011392826,394.816452482,0.0041426926,4.76,34.4552286678,0.494,3823
4.0,1.00081908703,0.00025402099709,394.877753825,0.0041426926,4.76,34.4552286678,0.494,3823
4.0,1.0005428791,0.000254012440564,394.939055071,0.0041426926,4.76,34.4552286678,0.494,3823
4.0,1.00063276291,0.00025404812186,395.00035642,0.0041426926,4.76,34.4552286678,0.494,3823
4.0,1.00089871883,0.000254036654951,395.061657772,0.0041426926,4.76,34.4552286678,0.494,3823
4.0,1.00039577484,0.000254031911027,395.122959127,0.0041426926,4.76,34.4552286678,0.494,3823
4.0,1.00063192844,0.000254068145296,395.184260586,0.0041426926,4.76,34.4552286678,0.494,3823
4.0,1.00073409081,0.000254035141552,395.245561947,0.0041426926,4.76,34.4552286678,0.494,3823
4.0,1.00109171867,0.000254076585406,395.327297,0.0041426926,4.76,34.4552286678,0.494,3823
4.0,1.00111734867,0.000254049984505,395.388598368,0.0041426926,4.76,34.4552286678,0.494,3823
4.0,1.00077569485,0.000254026672337,395.449899739,0.0041426926,4.76,34.4552286678,0.494,3823
4.0,1.00077176094,0.000254034792306,395.511201214,0.0041426926,4.76,34.4552286678,0.494,3823
4.0,1.00114893913,0.000254077080172,395.572502591,0.0041426926,4.76,34.4552286678,0.494,3823
4.0,1.00109243393,0.000254069513176,395.633803972,0.0041426926,4.76,34.4552286678,0.494,3823
4.0,1.00153541565,0.000254077924183,395.695105255,0.0041426926,4.76,34.4552286678,0.494,3823
4.0,1.00166130066,0.000254108104855,395.756406642,0.0041426926,4.76,34.4552286678,0.494,3823
4.0,1.0014539957,0.000254061305895,395.817708032,0.0041426926,4.76,34.4552286678,0.494,3823
4.0,1.00141572952,0.000254036131082,395.879009524,0.0041426926,4.76,34.4552286678,0.494,3823
4.0,1.00160503387,0.000254148006206,395.94031092,0.0041426926,4.76,34.4552286678,0.494,3823
4.0,1.00143325329,0.000254182465142,396.001612319,0.0041426926,4.76,34.4552286678,0.494,3823
4.0,1.00228404999,0.000254248006968,396.062913721,0.0041426926,4.76,34.4552286678,0.494,3823
4.0,1.00156271458,0.000254188838881,396.124215125,0.0041426926,4.76,34.4552286678,0.494,3823
4.0,1.00148582458,0.000254239217611,396.185516433,0.0041426926,4.76,34.4552286678,0.494,3823
4.0,1.00177931786,0.000254281621892,396.246817844,0.0041426926,4.76,34.4552286678,0.494,3823
4.0,1.00243794918,0.000254272134043,396.308119258,0.0041426926,4.76,34.4552286678,0.494,3823
4.0,1.00174212456,0.000254193349974,396.369420675,0.0041426926,4.76,34.4552286678,0.494,3823
4.0,1.00194835663,0.000254227081314,396.430722095,0.0041426926,4.76,34.4552286678,0.494,3823
4.0,1.00223350525,0.000254207465332,396.492023518,0.0041426926,4.76,34.4552286678,0.494,3823
4.0,1.00196135044,0.000254169222899,396.553324944,0.0041426926,4.76,34.4552286678,0.494,3823
4.0,1.0015745163,0.000254194397712,396.614626373,0.0041426926,4.76,34.4552286678,0.494,3823
4.0,1.00189530849,0.000254216982285,396.675927805,0.0041426926,4.76,34.4552286678,0.494,3823
4.0,1.00195586681,0.000254192971624,396.73722924,0.0041426926,4.76,34.4552286678,0.494,3823
4.0,1.00276446342,0.000254259561189,396.798530679,0.0041426926,4.76,34.4552286678,0.494,3823
4.0,1.00099647045,0.000253248639638,400.823999756,0.0041426926,4.76,34.4552286678,0.494,3823
4.0,1.00090634823,0.000253436359344,400.885301394,0.0041426926,4.76,34.4552286678,0.494,3823
4.0,1.00136721134,0.000253515754594,400.946603034,0.0041426926,4.76,34.4552286678,0.494,3823
4.0,1.00092530251,0.000253479956882,401.028338459,0.0041426926,4.76,34.4552286678,0.494,3823
4.0,1.0007392168,0.000253422826063,401.089640107,0.0041426926,4.76,34.4552286678,0.494,3823
4.0,1.00050938129,0.000253387610428,401.150941757,0.0041426926,4.76,34.4552286678,0.494,3823
4.0,1.0001745224,0.000253442645771,401.21224341,0.0041426926,4.76,34.4552286678,0.494,3823
4.0,1.00040841103,0.000253392558079,401.273545066,0.0041426926,4.76,34.4552286678,0.494,3823
4.0,1.00066924095,0.000253459933447,401.334846725,0.0041426926,4.76,34.4552286678,0.494,3823
4.0,1.00049042702,0.000253501726547,401.396148487,0.0041426926,4.76,34.4552286678,0.494,3823
4.0,1.00062286854,0.000253482285189,401.457450152,0.0041426926,4.76,34.4552286678,0.494,3823
4.0,1.00023341179,0.000253469566815,401.51875182,0.0041426926,4.76,34.4552286678,0.494,3823
4.0,1.00083327293,0.00025353312958,401.580053391,0.0041426926,4.76,34.4552286678,0.494,3823
4.0,0.999998450279,0.000253515667282,401.641355065,0.0041426926,4.76,34.4552286678,0.494,3823
4.0,1.00051212311,0.00025361625012,401.702656741,0.0041426926,4.76,34.4552286678,0.494,3823
4.0,0.999872088432,0.000253549544141,401.763958421,0.0041426926,4.76,34.4552286678,0.494,3823
4.0,1.00030636787,0.000253593549132,401.825260104,0.0041426926,4.76,34.4552286678,0.494,3823
4.0,1.00036180019,0.000253669364611,401.886561689,0.0041426926,4.76,34.4552286678,0.494,3823
4.0,1.00049245358,0.00025364861358,401.947863478,0.0041426926,4.76,34.4552286678,0.494,3823
4.0,1.00042116642,0.000253712176345,402.009165169,0.0041426926,4.76,34.4552286678,0.494,3823
4.0,1.0000680685,0.000253685633652,402.070466863,0.0041426926,4.76,34.4552286678,0.494,3823
4.0,0.999939084053,0.000253682985203,402.131768561,0.0041426926,4.76,34.4552286678,0.494,3823
4.0,1.00042963028,0.000253805890679,402.213504062,0.0041426926,4.76,34.4552286678,0.494,3823
4.0,0.999736309052,0.000253701844485,402.274805865,0.0041426926,4.76,34.4552286678,0.494,3823
4.0,1.00016987324,0.000253767531831,402.336107572,0.0041426926,4.76,34.4552286678,0.494,3823
4.0,0.999746441841,0.000253731443081,402.397409282,0.0041426926,4.76,34.4552286678,0.494,3823
4.0,0.999912023544,0.000253759411862,402.458710995,0.0041426926,4.76,34.4552286678,0.494,3823
4.0,0.999889731407,0.000253741658526,402.520012711,0.0041426926,4.76,34.4552286678,0.494,3823
4.0,0.999246835709,0.000253730831901,402.601748236,0.0041426926,4.76,34.4552286678,0.494,3823
4.0,0.99972474575,0.000253796577454,402.663049959,0.0041426926,4.76,34.4552286678,0.494,3823
4.0,0.999762892723,0.000253771664575,402.724351684,0.0041426926,4.76,34.4552286678,0.494,3823
4.0,0.999619841576,0.000253759062616,402.785653413,0.0041426926,4.76,34.4552286678,0.494,3823
4.0,1.00040972233,0.000253818667261,402.846955144,0.0041426926,4.76,34.4552286678,0.494,3823
4.0,0.999758958817,0.000253796431934,402.908256878,0.0041426926,4.76,34.4552286678,0.494,3823
4.0,1.00001490116,0.000253803038504,402.969558715,0.0041426926,4.76,34.4552286678,0.494,3823
4.0,0.999625205994,0.000253806967521,403.030860455,0.0041426926,4.76,34.4552286678,0.494,3823
4.0,0.999509096146,0.000253801757935,403.092162198,0.0041426926,4.76,34.4552286678,0.494,3823
4.0,0.999833583832,0.00025382541935,403.153463944,0.0041426926,4.76,34.4552286678,0.494,3823
4.0,0.999335289001,0.000253792852163,403.214765693,0.0041426926,4.76,34.4552286678,0.494,3823
4.0,0.999689936638,0.000253830658039,403.276067445,0.0041426926,4.76,34.4552286678,0.494,3823
4.0,0.999596238136,0.000253815727774,403.337369199,0.0041426926,4.76,34.4552286678,0.494,3823
4.0,0.999534606934,0.000253784761298,403.398670956,0.0041426926,4.76,34.4552286678,0.494,3823
4.0,0.999429583549,0.00025381334126,403.459972617,0.0041426926,4.76,34.4552286678,0.494,3823
4.0,0.999842166901,0.000253842881648,403.52127438,0.0041426926,4.76,34.4552286678,0.494,3823
4.0,0.99982380867,0.000253841484664,403.582576146,0.0041426926,4.76,34.4552286678,0.494,3823
4.0,0.999597549438,0.000253800768405,403.643877915,0.0041426926,4.76,34.4552286678,0.494,3823
4.0,0.999767422676,0.000253831938608,403.705179687,0.0041426926,4.76,34.4552286678,0.494,3823
4.0,0.999600052834,0.00025381508749,403.766481462,0.0041426926,4.76,34.4552286678,0.494,3823
4.0,1.0001732111,0.000253858306678,403.827783239,0.0041426926,4.76,34.4552286678,0.494,3823
4.0,0.999384045601,0.000253786623944,403.88908502,0.0041426926,4.76,34.4552286678,0.494,3823
4.0,0.999347567558,0.000253775710007,403.950386803,0.0041426926,4.76,34.4552286678,0.494,3823
4.0,0.999415636063,0.000253823120147,404.01168859,0.0041426926,4.76,34.4552286678,0.494,3823
4.0,0.999864459038,0.000253860285738,404.072990379,0.0041426926,4.76,34.4552286678,0.494,3823
4.0,0.999496638775,0.000253826903645,404.134292171,0.0041426926,4.76,34.4552286678,0.494,3823
4.0,0.999440491199,0.000253771489952,404.195593966,0.0041426926,4.76,34.4552286678,0.494,3823
4.0,0.999397873878,0.000253840407822,404.256895764,0.0041426926,4.76,34.4552286678,0.494,3823
4.0,0.999155402184,0.000253795908066,404.318197565,0.0041426926,4.76,34.4552286678,0.494,3823
4.0,0.999368309975,0.000253806007095,404.379499368,0.0041426926,4.76,34.4552286678,0.494,3823
4.0,0.999371469021,0.000253799749771,404.440801175,0.0041426926,4.76,34.4552286678,0.494,3823
4.0,0.999231219292,0.000253762118518,404.502102984,0.0041426926,4.76,34.4552286678,0.494,3823
4.0,0.999064087868,0.000253761652857,404.583838734,0.0041426926,4.76,34.4552286678,0.494,3823
4.0,0.999715566635,0.000253836769843,404.645140551,0.0041426926,4.76,34.4552286678,0.494,3823
4.0,0.999272227287,0.000253789010458,404.706442369,0.0041426926,4.76,34.4552286678,0.494,3823
4.0,0.999094963074,0.000253778329352,404.767744191,0.0041426926,4.76,34.4552286678,0.494,3823
4.0,0.999312877655,0.000253798119957,404.829046016,0.0041426926,4.76,34.4552286678,0.494,3823
4.0,0.999496281147,0.000253804813838,404.890347844,0.0041426926,4.76,34.4552286678,0.494,3823
4.0,0.999241471291,0.000253798847552,404.951649574,0.0041426926,4.76,34.4552286678,0.494,3823
4.0,0.999343037605,0.000253787031397,405.012951407,0.0041426926,4.76,34.4552286678,0.494,3823
4.0,0.999687194824,0.000253834179603,405.074253243,0.0041426926,4.76,34.4552286678,0.494,3823
4.0,0.999683976173,0.00025382541935,405.135555082,0.0041426926,4.76,34.4552286678,0.494,3823
4.0,0.999192595482,0.000253771519056,405.217290972,0.0041426926,4.76,34.4552286678,0.494,3823
4.0,0.999387919903,0.000253810198046,405.278592718,0.0041426926,4.76,34.4552286678,0.494,3823
4.0,0.999149620533,0.000253753532888,405.339894566,0.0041426926,4.76,34.4552286678,0.494,3823
4.0,0.999609708786,0.000253817328485,405.401196418,0.0041426926,4.76,34.4552286678,0.494,3823
4.0,0.99929690361,0.000253775855526,405.462498272,0.0041426926,4.76,34.4552286678,0.494,3823
4.0,0.999646425247,0.000253803038504,405.523800129,0.0041426926,4.76,34.4552286678,0.494,3823
4.0,0.999727487564,0.000253797479672,405.585101989,0.0041426926,4.76,34.4552286678,0.494,3823
4.0,0.999763846397,0.000253803824307,405.646403851,0.0041426926,4.76,34.4552286678,0.494,3823
4.0,1.00001490116,0.000253793143202,405.707705717,0.0041426926,4.76,34.4552286678,0.494,3823
4.0,0.999907612801,0.000253814912867,405.769007586,0.0041426926,4.76,34.4552286678,0.494,3823
4.0,0.999846339226,0.00025382466265,405.830309457,0.0041426926,4.76,34.4552286678,0.494,3823
4.0,0.99955701828,0.00025378545979,405.891611331,0.0041426926,4.76,34.4552286678,0.494,3823
4.0,0.999453961849,0.00025378895225,405.952913208,0.0041426926,4.76,34.4552286678,0.494,3823
4.0,0.999993443489,0.000253847276326,406.014215088,0.0041426926,4.76,34.4552286678,0.494,3823
4.0,0.999049007893,0.000253728125244,406.07551697,0.0041426926,4.76,34.4552286678,0.494,3823
4.0,0.999434411526,0.000253773760051,406.136818856,0.0041426926,4.76,34.4552286678,0.494,3823
4.0,0.999866604805,0.000253787031397,406.198120744,0.0041426926,4.76,34.4552286678,0.494,3823
4.0,0.999284505844,0.000253737031016,406.259422735,0.0041426926,4.76,34.4552286678,0.494,3823
4.0,0.999766469002,0.000253777921898,406.320724629,0.0041426926,4.76,34.4552286678,0.494,3823
4.0,0.999324381351,0.000253740581684,406.382026426,0.0041426926,4.76,34.4552286678,0.494,3823
4.0,0.999141454697,0.000253700942267,406.443328326,0.0041426926,4.76,34.4552286678,0.494,3823
4.0,0.999507367611,0.000253774429439,406.504630228,0.0041426926,4.76,34.4552286678,0.494,3823
4.0,0.999186933041,0.000253753067227,406.565932133,0.0041426926,4.76,34.4552286678,0.494,3823
4.0,0.999154567719,0.000253720121691,406.627234042,0.0041426926,4.76,34.4552286678,0.494,3823
4.0,0.999753594398,0.000253740494372,406.688535953,0.0041426926,4.76,34.4552286678,0.494,3823
4.0,0.9989990592,0.000253727717791,406.749837866,0.0041426926,4.76,34.4552286678,0.494,3823
4.0,0.999880552292,0.000253810285358,406.811139783,0.0041426926,4.76,34.4552286678,0.494,3823
4.0,0.998925209045,0.000253668928053,406.872441702,0.0041426926,4.76,34.4552286678,0.494,3823
4.0,0.999552488327,0.000253709440585,406.933743624,0.0041426926,4.76,34.4552286678,0.494,3823
4.0,0.999562144279,0.0002537110704,406.995045549,0.0041426926,4.76,34.4552286678,0.494,3823
4.0,0.999269425869,0.00025371616357,407.056347477,0.0041426926,4.76,34.4552286678,0.494,3823
4.0,0.999362051487,0.000253704929492,407.117649408,0.0041426926,4.76,34.4552286678,0.494,3823
4.0,0.999273180962,0.000253681064351,407.178951341,0.0041426926,4.76,34.4552286678,0.494,3823
4.0,0.999287962914,0.000253719859757,407.240253278,0.0041426926,4.76,34.4552286678,0.494,3823
4.0,0.998646259308,0.000253662437899,407.301555217,0.0041426926,4.76,34.4552286678,0.494,3823
4.0,0.999762296677,0.000253760808846,407.362857158,0.0041426926,4.76,34.4552286678,0.494,3823
4.0,1.000030756,0.00025380688021,407.424159103,0.0041426926,4.76,34.4552286678,0.494,3823
4.0,0.999679088593,0.000253724603681,407.485461051,0.0041426926,4.76,34.4552286678,0.494,3823
4.0,0.999161839485,0.000253699196037,407.546762901,0.0041426926,4.76,34.4552286678,0.494,3823
4.0,0.999197423458,0.000253675854765,407.608064854,0.0041426926,4.76,34.4552286678,0.494,3823
4.0,0.999091148376,0.000253676058492,407.66936681,0.0041426926,4.76,34.4552286678,0.494,3823
4.0,0.999592065811,0.000253740872722,407.730668768,0.0041426926,4.76,34.4552286678,0.494,3823
4.0,0.999755859375,0.000253724516369,407.79197073,0.0041426926,4.76,34.4552286678,0.494,3823
4.0,0.998766541481,0.000253673526458,407.853272694,0.0041426926,4.76,34.4552286678,0.494,3823
4.0,0.999629020691,0.000253643316682,407.914574661,0.0041426926,4.76,34.4552286678,0.494,3823
4.0,0.999366819859,0.000253631733358,407.975876631,0.0041426926,4.76,34.4552286678,0.494,3823
4.0,0.998783171177,0.000253640115261,408.037178603,0.0041426926,4.76,34.4552286678,0.494,3823
4.0,0.999146640301,0.000253655714914,408.098480679,0.0041426926,4.76,34.4552286678,0.494,3823
4.0,0.998802185059,0.000253672973486,408.18021655,0.0041426926,4.76,34.4552286678,0.494,3823
4.0,0.999183595181,0.000253678532317,408.241518532,0.0041426926,4.76,34.4552286678,0.494,3823
4.0,0.999349892139,0.000253679725574,408.302820517,0.0041426926,4.76,34.4552286678,0.494,3823
4.0,0.999041199684,0.000253601989243,408.364122504,0.0041426926,4.76,34.4552286678,0.494,3823
4.0,0.998921334743,0.000253629783401,408.425424495,0.0041426926,4.76,34.4552286678,0.494,3823
4.0,0.998829126358,0.000253597070696,408.486726488,0.0041426926,4.76,34.4552286678,0.494,3823
4.0,0.998850405216,0.000253581238212,408.548028483,0.0041426926,4.76,34.4552286678,0.494,3823
4.0,0.998896300793,0.000253604783211,408.609330482,0.0041426926,4.76,34.4552286678,0.494,3823
4.0,0.999402046204,0.000253594189417,408.670632483,0.0041426926,4.76,34.4552286678,0.494,3823
4.0,0.998753786087,0.000253587844782,408.731934487,0.0041426926,4.76,34.4552286678,0.494,3823
4.0,0.998780190945,0.000253717822488,408.793236594,0.0041426926,4.76,34.4552286678,0.494,3823
4.0,0.999020755291,0.000253594655078,408.854538604,0.0041426926,4.76,34.4552286678,0.494,3823
4.0,0.998350203037,0.000253585661994,408.915840616,0.0041426926,4.76,34.4552286678,0.494,3823
4.0,0.998223185539,0.000253505655564,408.977142631,0.0041426926,4.76,34.4552286678,0.494,3823
4.0,0.998863101006,0.000253597623669,409.038444549,0.0041426926,4.76,34.4552286678,0.494,3823
4.0,0.998946785927,0.000253552221693,409.09974647,0.0041426926,4.76,34.4552286678,0.494,3823
4.0,0.998571038246,0.000253460864769,409.161048493,0.0041426926,4.76,34.4552286678,0.494,3823
4.0,0.998631834984,0.000253477046499,409.222350519,0.0041426926,4.76,34.4552286678,0.494,3823
4.0,0.998636603355,0.000253481965046,409.283652548,0.0041426926,4.76,34.4552286678,0.494,3823
4.0,0.999095022678,0.00025365021429,409.34495468,0.0041426926,4.76,34.4552286678,0.494,3823
4.0,0.998705804348,0.000253500591498,409.406256714,0.0041426926,4.76,34.4552286678,0.494,3823
4.0,0.998618662357,0.000253560865531,409.467558751,0.0041426926,4.76,34.4552286678,0.494,3823
4.0,0.998485743999,0.000253514474025,409.528860791,0.0041426926,4.76,34.4552286678,0.494,3823
4.0,0.998621344566,0.000253590726061,409.590162834,0.0041426926,4.76,34.4552286678,0.494,3823
4.0,0.998736321926,0.00025358053972,409.651464879,0.0041426926,4.76,34.4552286678,0.494,3823
4.0,0.998453497887,0.000253554288065,409.712766927,0.0041426926,4.76,34.4552286678,0.494,3823
4.0,0.998722910881,0.000253583450103,409.774068978,0.0041426926,4.76,34.4552286678,0.494,3823
4.0,0.998628616333,0.000253562582657,409.835371032,0.0041426926,4.76,34.4552286678,0.494,3823
4.0,0.998776495457,0.000253591919318,409.896673088,0.0041426926,4.76,34.4552286678,0.494,3823
4.0,0.998225688934,0.000253512815107,409.957975147,0.0041426926,4.76,34.4552286678,0.494,3823
4.0,0.998229205608,0.000253562669968,410.019277209,0.0041426926,4.76,34.4552286678,0.494,3823
4.0,0.998628497124,0.000253604346653,410.080579274,0.0041426926,4.76,34.4552286678,0.494,3823
4.0,0.998266160488,0.000253580190474,410.141881341,0.0041426926,4.76,34.4552286678,0.494,3823
4.0,0.99809640646,0.000253507925663,410.203183311,0.0041426926,4.76,34.4552286678,0.494,3823
4.0,0.998842179775,0.00025356860715,410.264485384,0.0041426926,4.76,34.4552286678,0.494,3823
4.0,0.998057723045,0.000253584294114,410.325787459,0.0041426926,4.76,34.4552286678,0.494,3823
4.0,0.998879373074,0.000253629958024,410.387089537,0.0041426926,4.76,34.4552286678,0.494,3823
4.0,0.998264849186,0.000253553007497,410.448391618,0.0041426926,4.76,34.4552286678,0.494,3823
4.0,0.998775959015,0.000253616773989,410.509693702,0.0041426926,4.76,34.4552286678,0.494,3823
4.0,0.998323559761,0.000253585603787,410.570995788,0.0041426926,4.76,34.4552286678,0.494,3823
4.0,0.998523592949,0.000253602280281,410.632297977,0.0041426926,4.76,34.4552286678,0.494,3823
4.0,0.998031675816,0.000253549573245,410.693600069,0.0041426926,4.76,34.4552286678,0.494,3823
4.0,0.998478114605,0.000253587291809,410.754902064,0.0041426926,4.76,34.4552286678,0.494,3823
4.0,0.998238682747,0.000253512087511,410.816204161,0.0041426926,4.76,34.4552286678,0.494,3823
4.0,0.998096764088,0.000253500504186,410.877506261,0.0041426926,4.76,34.4552286678,0.494,3823
4.0,0.998166739941,0.000253481877735,410.938808363,0.0041426926,4.76,34.4552286678,0.494,3823
4.0,0.997640311718,0.000253473292105,411.000110469,0.0041426926,4.76,34.4552286678,0.494,3823
4.0,0.998278915882,0.000253535923548,411.061412677,0.0041426926,4.76,34.4552286678,0.494,3823
4.0,0.998627662659,0.000253573642112,411.122714787,0.0041426926,4.76,34.4552286678,0.494,3823
4.0,0.997994840145,0.00025353016099,411.204450839,0.0041426926,4.76,34.4552286678,0.494,3823
4.0,0.998270213604,0.000253558071563,411.265752956,0.0041426926,4.76,34.4552286678,0.494,3823
4.0,0.998952269554,0.00025362870656,411.327055076,0.0041426926,4.76,34.4552286678,0.494,3823
4.0,0.998490691185,0.000253549194895,411.388357298,0.0041426926,4.76,34.4552286678,0.494,3823
4.0,0.998243629932,0.000253523670835,411.449659423,0.0041426926,4.76,34.4552286678,0.494,3823
4.0,0.998484075069,0.000253557227552,411.510961451,0.0041426926,4.76,34.4552286678,0.494,3823
4.0,0.997911572456,0.000253525882727,411.572263582,0.0041426926,4.76,34.4552286678,0.494,3823
4.0,0.99860060215,0.000253540609265,411.633565715,0.0041426926,4.76,34.4552286678,0.494,3823
4.0,0.99781113863,0.000253499252722,411.694867851,0.0041426926,4.76,34.4552286678,0.494,3823
4.0,0.998301744461,0.000253517151577,411.756169889,0.0041426926,4.76,34.4552286678,0.494,3823
4.0,0.998153626919,0.000253496313235,411.81747203,0.0041426926,4.76,34.4552286678,0.494,3823
4.0,0.997614264488,0.000253516132943,411.878774274,0.0041426926,4.76,34.4552286678,0.494,3823
4.0,0.998466491699,0.000253526348388,411.940076421,0.0041426926,4.76,34.4552286678,0.494,3823
4.0,0.998144745827,0.000253522157436,412.00137857,0.0041426926,4.76,34.4552286678,0.494,3823
4.0,0.998071491718,0.000253546517342,412.062680722,0.0041426926,4.76,34.4552286678,0.494,3823
4.0,0.997836709023,0.000253472098848,412.123982877,0.0041426926,4.76,34.4552286678,0.494,3823
4.0,0.998079657555,0.000253514881479,412.205719087,0.0041426926,4.76,34.4552286678,0.494,3823
4.0,0.997725605965,0.000253483798588,412.267021248,0.0041426926,4.76,34.4552286678,0.494,3823
4.0,0.998190999031,0.000253462319961,412.328323411,0.0041426926,4.76,34.4552286678,0.494,3823
4.0,0.997670590878,0.000253494217759,412.389625477,0.0041426926,4.76,34.4552286678,0.494,3823
4.0,0.997773587704,0.000253489182796,412.450927646,0.0041426926,4.76,34.4552286678,0.494,3823
4.0,0.998368084431,0.000253543519648,412.512229818,0.0041426926,4.76,34.4552286678,0.494,3823
4.0,0.998139262199,0.000253505073488,412.573532092,0.0041426926,4.76,34.4552286678,0.494,3823
4.0,0.99803596735,0.000253523816355,412.634834269,0.0041426926,4.76,34.4552286678,0.494,3823
4.0,0.997675538063,0.000253472331678,412.696136448,0.0041426926,4.76,34.4552286678,0.494,3823
4.0,0.998207747936,0.000253501610132,412.75743863,0.0041426926,4.76,34.4552286678,0.494,3823
4.0,0.997991204262,0.000253451376921,412.818740815,0.0041426926,4.76,34.4552286678,0.494,3823
4.0,0.997919857502,0.000253450212767,412.880043002,0.0041426926,4.76,34.4552286678,0.494,3823
4.0,0.998228490353,0.000253520905972,412.941345192,0.0041426926,4.76,34.4552286678,0.494,3823
4.0,0.997855424881,0.00025348336203,413.002647385,0.0041426926,4.76,34.4552286678,0.494,3823
4.0,0.997596561909,0.000253472127952,413.06394958,0.0041426926,4.76,34.4552286678,0.494,3823
4.0,0.997829079628,0.000253467675066,413.125251778,0.0041426926,4.76,34.4552286678,0.494,3823
4.0,0.9977607131,0.000253464968409,413.186553979,0.0041426926,4.76,34.4552286678,0.494,3823
4.0,0.998067677021,0.000253446894931,413.309158288,0.0041426926,4.76,34.4552286678,0.494,3823
4.0,0.997211158276,0.000253460224485,413.370460497,0.0041426926,4.76,34.4552286678,0.494,3823
4.0,0.99724060297,0.000253451958997,413.431762708,0.0041426926,4.76,34.4552286678,0.494,3823
4.0,0.99760299921,0.000253480451647,413.493064922,0.0041426926,4.76,34.4552286678,0.494,3823
4.0,0.997657120228,0.000253459322266,413.554367138,0.0041426926,4.76,34.4552286678,0.494,3823
4.0,0.997165560722,0.000253437930951,413.615669357,0.0041426926,4.76,34.4552286678,0.494,3823
4.0,0.997776925564,0.000253468548181,413.676971579,0.0041426926,4.76,34.4552286678,0.494,3823
4.0,0.998008966446,0.000253510166658,413.738273803,0.0041426926,4.76,34.4552286678,0.494,3823
4.0,0.997840464115,0.000253481557593,413.79957603,0.0041426926,4.76,34.4552286678,0.494,3823
4.0,0.997541129589,0.000253493577475,413.86087826,0.0041426926,4.76,34.4552286678,0.494,3823
4.0,0.998106241226,0.00025347751216,413.922180592,0.0041426926,4.76,34.4552286678,0.494,3823
4.0,0.997894883156,0.000253479665844,413.983482727,0.0041426926,4.76,34.4552286678,0.494,3823
4.0,0.996777713299,0.000253346865065,414.044784964,0.0041426926,4.76,34.4552286678,0.494,3823
4.0,0.997307896614,0.000253372039879,414.106087204,0.0041426926,4.76,34.4552286678,0.494,3823
4.0,0.997116208076,0.000253346574027,414.167389447,0.0041426926,4.76,34.4552286678,0.494,3823
4.0,0.997009694576,0.00025336703402,414.228691692,0.0041426926,4.76,34.4552286678,0.494,3823
4.0,0.997542917728,0.000253379432252,414.28999404,0.0041426926,4.76,34.4552286678,0.494,3823
4.0,0.997432887554,0.000253360514762,414.35129629,0.0041426926,4.76,34.4552286678,0.494,3823
4.0,0.99690580368,0.0002533174993,414.412598343,0.0041426926,4.76,34.4552286678,0.494,3823
4.0,0.997385263443,0.00025337288389,414.473900699,0.0041426926,4.76,34.4552286678,0.494,3823
4.0,0.997465074062,0.000253347301623,414.535202957,0.0041426926,4.76,34.4552286678,0.494,3823
4.0,0.996898829937,0.000253337057075,414.596505218,0.0041426926,4.76,34.4552286678,0.494,3823
4.0,0.997407019138,0.000253317295574,414.657807482,0.0041426926,4.76,34.4552286678,0.494,3823
4.0,0.99721878767,0.000253352889558,414.719109748,0.0041426926,4.76,34.4552286678,0.494,3823
4.0,0.997358262539,0.000253318954492,414.800846106,0.0041426926,4.76,34.4552286678,0.494,3823
4.0,0.997325181961,0.000253367208643,414.862148278,0.0041426926,4.76,34.4552286678,0.494,3823
4.0,0.996869623661,0.000253350299317,414.923450553,0.0041426926,4.76,34.4552286678,0.494,3823
4.0,0.997324883938,0.000253367878031,414.98475283,0.0041426926,4.76,34.4552286678,0.494,3823
4.0,0.997055470943,0.000253360049101,415.066489304,0.0041426926,4.76,34.4552286678,0.494,3823
4.0,0.996366322041,0.000253299367614,415.148225682,0.0041426926,4.76,34.4552286678,0.494,3823
4.0,0.996929228306,0.000253347418038,415.209527969,0.0041426926,4.76,34.4552286678,0.494,3823
4.0,0.997228324413,0.000253392208833,415.270830258,0.0041426926,4.76,34.4552286678,0.494,3823
4.0,0.997255980968,0.000253348553088,415.33213255,0.0041426926,4.76,34.4552286678,0.494,3823
4.0,0.997308075428,0.000253384845564,415.393434845,0.0041426926,4.76,34.4552286678,0.494,3823
4.0,0.996885955334,0.000253333884757,415.454737141,0.0041426926,4.76,34.4552286678,0.494,3823
4.0,0.997189939022,0.000253336329479,415.516039441,0.0041426926,4.76,34.4552286678,0.494,3823
4.0,0.997197747231,0.000253329635598,415.577341643,0.0041426926,4.76,34.4552286678,0.494,3823
4.0,0.997311234474,0.000253341451753,415.638643948,0.0041426926,4.76,34.4552286678,0.494,3823
4.0,0.996694028378,0.000253244303167,415.699946255,0.0041426926,4.76,34.4552286678,0.494,3823
4.0,0.996937692165,0.000253259408055,415.761248565,0.0041426926,4.76,34.4552286678,0.494,3823
4.0,0.997128486633,0.000253250531387,415.822550877,0.0041426926,4.76,34.4552286678,0.494,3823
4.0,0.997442066669,0.000253371923463,415.883853192,0.0041426926,4.76,34.4552286678,0.494,3823
4.0,0.997086167336,0.000253281294135,415.94515551,0.0041426926,4.76,34.4552286678,0.494,3823
4.0,0.996704995632,0.000253225793131,416.00645783,0.0041426926,4.76,34.4552286678,0.494,3823
4.0,0.997026145458,0.000253248057561,416.067760152,0.0041426926,4.76,34.4552286678,0.494,3823
4.0,0.996668219566,0.000253163365414,416.129062478,0.0041426926,4.76,34.4552286678,0.494,3823
4.0,0.996406316757,0.000253194477409,416.190364905,0.0041426926,4.76,34.4552286678,0.494,3823
4.0,0.99763405323,0.000253281672485,416.251667236,0.0041426926,4.76,34.4552286678,0.494,3823
4.0,0.996973335743,0.000253217644058,416.312969568,0.0041426926,4.76,34.4552286678,0.494,3823
4.0,0.997105658054,0.000253261940088,416.374271804,0.0041426926,4.76,34.4552286678,0.494,3823
4.0,0.996908485889,0.000253218982834,416.435574242,0.0041426926,4.76,34.4552286678,0.494,3823
4.0,0.997075140476,0.00025321598514,416.496876482,0.0041426926,4.76,34.4552286678,0.494,3823
4.0,0.996646404266,0.000253220816376,416.558178925,0.0041426926,4.76,34.4552286678,0.494,3823
4.0,0.997319102287,0.000253232050454,416.61948127,0.0041426926,4.76,34.4552286678,0.494,3823
4.0,0.996867656708,0.000253136793617,416.680783418,0.0041426926,4.76,34.4552286678,0.494,3823
4.0,0.996783196926,0.000253173755482,416.742085869,0.0041426926,4.76,34.4552286678,0.494,3823
4.0,0.997587621212,0.000253308709944,416.803388222,0.0041426926,4.76,34.4552286678,0.494,3823
4.0,0.996778726578,0.000253189209616,416.864690577,0.0041426926,4.76,34.4552286678,0.494,3823
4.0,0.996789932251,0.000253223290201,416.925992935,0.0041426926,4.76,34.4552286678,0.494,3823
4.0,0.997051537037,0.000253223843174,416.987295296,0.0041426926,4.76,34.4552286678,0.494,3823
4.0,0.996995747089,0.000253197649727,417.048597659,0.0041426926,4.76,34.4552286678,0.494,3823
4.0,0.996521115303,0.0002531906066,417.109900025,0.0041426926,4.76,34.4552286678,0.494,3823
4.0,0.997021377087,0.000253251026152,417.171202393,0.0041426926,4.76,34.4552286678,0.494,3823
4.0,0.996632933617,0.000253136910032,417.232504764,0.0041426926,4.76,34.4552286678,0.494,3823
4.0,0.997464478016,0.000253290490946,417.293807137,0.0041426926,4.76,34.4552286678,0.494,3823
4.0,0.99710714817,0.00025321362773,417.355109513,0.0041426926,4.76,34.4552286678,0.494,3823
4.0,0.996997475624,0.000253227364738,417.416411891,0.0041426926,4.76,34.4552286678,0.494,3823
4.0,0.996875405312,0.000253205944318,417.477714271,0.0041426926,4.76,34.4552286678,0.494,3823
4.0,0.997249186039,0.000253310689004,417.539016655,0.0041426926,4.76,34.4552286678,0.494,3823
4.0,0.997352778912,0.000253271427937,417.60031904,0.0041426926,4.76,34.4552286678,0.494,3823
4.0,0.996939659119,0.0002532392391,417.661621429,0.0041426926,4.76,34.4552286678,0.494,3823
4.0,0.997509717941,0.000253287813393,417.722923719,0.0041426926,4.76,34.4552286678,0.494,3823
4.0,0.997252225876,0.000253243139014,417.784226112,0.0041426926,4.76,34.4552286678,0.494,3823
4.0,0.997169733047,0.000253244565101,417.845528508,0.0041426926,4.76,34.4552286678,0.494,3823
4.0,0.99709546566,0.000253238948062,417.906830906,0.0041426926,4.76,34.4552286678,0.494,3823
4.0,0.997255504131,0.000253235659329,417.968133307,0.0041426926,4.76,34.4552286678,0.494,3823
4.0,0.997385144234,0.000253254605923,418.02943581,0.0041426926,4.76,34.4552286678,0.494,3823
4.0,0.997360527515,0.000253235833952,418.090738116,0.0041426926,4.76,34.4552286678,0.494,3823
4.0,0.997502982616,0.000253234320553,418.17247466,0.0041426926,4.76,34.4552286678,0.494,3823
4.0,0.997766852379,0.000253244797932,418.233777072,0.0041426926,4.76,34.4552286678,0.494,3823
4.0,0.997012078762,0.000253218226135,418.295079486,0.0041426926,4.76,34.4552286678,0.494,3823
4.0,0.997833371162,0.000253219157457,418.356381902,0.0041426926,4.76,34.4552286678,0.494,3823
4.0,0.99733453989,0.00025324212038,418.417684321,0.0041426926,4.76,34.4552286678,0.494,3823
4.0,0.997426569462,0.000253215141129,418.478986742,0.0041426926,4.76,34.4552286678,0.494,3823
4.0,0.997823119164,0.000253268401138,418.540289166,0.0041426926,4.76,34.4552286678,0.494,3823
4.0,0.997452318668,0.000253225211054,418.601591592,0.0041426926,4.76,34.4552286678,0.494,3823
4.0,0.997822761536,0.000253217091085,418.662894021,0.0041426926,4.76,34.4552286678,0.494,3823
4.0,0.998406410217,0.000253286561929,418.724196452,0.0041426926,4.76,34.4552286678,0.494,3823
4.0,0.997887432575,0.000253232487012,418.785498986,0.0041426926,4.76,34.4552286678,0.494,3823
4.0,0.997933983803,0.00025324584567,418.846801322,0.0041426926,4.76,34.4552286678,0.494,3823
4.0,0.998520970345,0.000253270205576,418.90810376,0.0041426926,4.76,34.4552286678,0.494,3823
4.0,0.998469650745,0.000253260950558,418.969406201,0.0041426926,4.76,34.4552286678,0.494,3823
4.0,0.99800413847,0.000253260514,419.030708645,0.0041426926,4.76,34.4552286678,0.494,3823
4.0,0.998024761677,0.000253259175224,419.092011091,0.0041426926,4.76,34.4552286678,0.494,3823
4.0,0.998743593693,0.000253220961895,419.153313639,0.0041426926,4.76,34.4552286678,0.494,3823
4.0,0.997986078262,0.000253242382314,419.21461589,0.0041426926,4.76,34.4552286678,0.494,3823
4.0,0.998347997665,0.000253196485573,419.275918443,0.0041426926,4.76,34.4552286678,0.494,3823
4.0,0.997647821903,0.00025320291752,419.337220898,0.0041426926,4.76,34.4552286678,0.494,3823
4.0,0.998104393482,0.000253230915405,419.398523357,0.0041426926,4.76,34.4552286678,0.494,3823
4.0,0.998427808285,0.000253244419582,419.459825817,0.0041426926,4.76,34.4552286678,0.494,3823
4.0,0.998364090919,0.000253221980529,419.52112828,0.0041426926,4.76,34.4552286678,0.494,3823
4.0,0.999207317829,0.000253303063801,419.582430746,0.0041426926,4.76,34.4552286678,0.494,3823
4.0,0.998383164406,0.000253214326221,419.643733213,0.0041426926,4.76,34.4552286678,0.494,3823
4.0,0.998737692833,0.000253272242844,419.705035684,0.0041426926,4.76,34.4552286678,0.494,3823
4.0,0.99862152338,0.00025324820308,419.766338156,0.0041426926,4.76,34.4552286678,0.494,3823
4.0,0.998560965061,0.000253227510257,419.827640631,0.0041426926,4.76,34.4552286678,0.494,3823
4.0,0.998617231846,0.00025321560679,419.888943109,0.0041426926,4.76,34.4552286678,0.494,3823
4.0,0.998446047306,0.00025322084548,419.950245589,0.0041426926,4.76,34.4552286678,0.494,3823
4.0,0.998884260654,0.000253249745583,420.011548071,0.0041426926,4.76,34.4552286678,0.494,3823
4.0,0.9988270998,0.000253232690739,420.072850556,0.0041426926,4.76,34.4552286678,0.494,3823
4.0,0.998790085316,0.000253230246017,420.134153043,0.0041426926,4.76,34.4552286678,0.494,3823
4.0,0.998552620411,0.000253195292316,420.195455533,0.0041426926,4.76,34.4552286678,0.494,3823
4.0,0.998886168003,0.000253247737419,420.256758025,0.0041426926,4.76,34.4552286678,0.494,3823
4.0,0.999058485031,0.000253249978414,420.318060419,0.0041426926,4.76,34.4552286678,0.494,3823
4.0,0.999166190624,0.00025326438481,420.379362916,0.0041426926,4.76,34.4552286678,0.494,3823
4.0,0.998858511448,0.000253172707744,420.440665415,0.0041426926,4.76,34.4552286678,0.494,3823
4.0,0.998824417591,0.000253211648669,420.501967917,0.0041426926,4.76,34.4552286678,0.494,3823
4.0,0.999326825142,0.000253136066021,420.563270421,0.0041426926,4.76,34.4552286678,0.494,3823
4.0,0.999067723751,0.000253073958447,420.624572927,0.0041426926,4.76,34.4552286678,0.494,3823
4.0,0.999270915985,0.000253110280028,420.685875436,0.0041426926,4.76,34.4552286678,0.494,3823
4.0,0.998934328556,0.000253111327766,420.747177947,0.0041426926,4.76,34.4552286678,0.494,3823
4.0,0.999202728271,0.000253105710726,420.808480461,0.0041426926,4.76,34.4552286678,0.494,3823
4.0,0.998681545258,0.000253068603342,420.869782977,0.0041426926,4.76,34.4552286678,0.494,3823
4.0,0.999823451042,0.000253183650784,420.931085495,0.0041426926,4.76,34.4552286678,0.494,3823
4.0,0.999168515205,0.000253106991295,420.992388116,0.0041426926,4.76,34.4552286678,0.494,3823
4.0,0.999373316765,0.000253142119618,421.053690639,0.0041426926,4.76,34.4552286678,0.494,3823
4.0,0.999730825424,0.000253108126344,421.13542724,0.0041426926,4.76,34.4552286678,0.494,3823
4.0,0.999888300896,0.000253149133641,421.196729769,0.0041426926,4.76,34.4552286678,0.494,3823
4.0,1.00012898445,0.000253211997915,421.2580323,0.0041426926,4.76,34.4552286678,0.494,3823
4.0,0.999898791313,0.000253107456956,421.319334833,0.0041426926,4.76,34.4552286678,0.494,3823
4.0,0.999328017235,0.000253100995906,421.380637369,0.0041426926,4.76,34.4552286678,0.494,3823
4.0,0.999826192856,0.00025310885394,421.441939907,0.0041426926,4.76,34.4552286678,0.494,3823
4.0,0.999390423298,0.000253087113379,421.503242448,0.0041426926,4.76,34.4552286678,0.494,3823
4.0,0.999716997147,0.000253120757407,421.564544991,0.0041426926,4.76,34.4552286678,0.494,3823
4.0,0.999792695045,0.000253157719271,421.625847536,0.0041426926,4.76,34.4552286678,0.494,3823
4.0,0.999974012375,0.000253142992733,421.687150183,0.0041426926,4.76,34.4552286678,0.494,3823
4.0,0.999906778336,0.000253121892456,421.748452533,0.0041426926,4.76,34.4552286678,0.494,3823
4.0,0.999945521355,0.00025315314997,421.809755086,0.0041426926,4.76,34.4552286678,0.494,3823
4.0,1.00044798851,0.000253181380685,421.87105774,0.0041426926,4.76,34.4552286678,0.494,3823
4.0,0.999910116196,0.000253160134889,421.932360297,0.0041426926,4.76,34.4552286678,0.494,3823
4.0,1.00034940243,0.000253114645602,421.993662857,0.0041426926,4.76,34.4552286678,0.494,3823
4.0,1.0000680685,0.000253142556176,422.054965418,0.0041426926,4.76,34.4552286678,0.494,3823
4.0,1.00039339066,0.000253134698141,422.116267982,0.0041426926,4.76,34.4552286678,0.494,3823
4.0,1.00048816204,0.000253157399129,422.177570549,0.0041426926,4.76,34.4552286678,0.494,3823
4.0,1.00065338612,0.000253166654147,422.238873117,0.0041426926,4.76,34.4552286678,0.494,3823
4.0,1.00023901463,0.000253157602856,422.300175688,0.0041426926,4.76,34.4552286678,0.494,3823
4.0,1.00021064281,0.000253127975157,422.361478262,0.0041426926,4.76,34.4552286678,0.494,3823
4.0,1.00066435337,0.00025318536791,422.422780837,0.0041426926,4.76,34.4552286678,0.494,3823
4.0,1.00056600571,0.000253106816672,422.484083415,0.0041426926,4.76,34.4552286678,0.494,3823
4.0,1.00068557262,0.00025315862149,422.545385996,0.0041426926,4.76,34.4552286678,0.494,3823
4.0,1.00120580196,0.000253114005318,422.606688578,0.0041426926,4.76,34.4552286678,0.494,3823
4.0,1.00091540813,0.000253190170042,422.667991163,0.0041426926,4.76,34.4552286678,0.494,3823
4.0,1.00060510635,0.000253123813309,422.729293751,0.0041426926,4.76,34.4552286678,0.494,3823
4.0,1.00090003014,0.00025315277162,422.79059624,0.0041426926,4.76,34.4552286678,0.494,3823
4.0,1.00096225739,0.000253149453783,422.851898832,0.0041426926,4.76,34.4552286678,0.494,3823
4.0,1.00071251392,0.00025312564685,422.913201426,0.0041426926,4.76,34.4552286678,0.494,3823
4.0,1.00103878975,0.000253130710917,422.974504023,0.0041426926,4.76,34.4552286678,0.494,3823
4.0,1.00072896481,0.000253078818787,423.035806622,0.0041426926,4.76,34.4552286678,0.494,3823
4.0,1.00128412247,0.000253173522651,423.097109223,0.0041426926,4.76,34.4552286678,0.494,3823
4.0,1.0010638237,0.000253183563473,423.158411827,0.0041426926,4.76,34.4552286678,0.494,3823
4.0,1.00079321861,0.000253100763075,423.219714432,0.0041426926,4.76,34.4552286678,0.494,3823
4.0,1.00110697746,0.000253144884482,423.28101704,0.0041426926,4.76,34.4552286678,0.494,3823
4.0,1.00204491615,0.000253263948252,423.342319651,0.0041426926,4.76,34.4552286678,0.494,3823
4.0,1.00095045567,0.000253185455222,423.403622264,0.0041426926,4.76,34.4552286678,0.494,3823
4.0,1.00167405605,0.000253182282904,423.464924878,0.0041426926,4.76,34.4552286678,0.494,3823
4.0,1.00100874901,0.00025314692175,423.526227592,0.0041426926,4.76,34.4552286678,0.494,3823
4.0,1.00144147873,0.000253163278103,423.587530212,0.0041426926,4.76,34.4552286678,0.494,3823
4.0,1.00179791451,0.000253190781223,423.648832834,0.0041426926,4.76,34.4552286678,0.494,3823
4.0,1.00149774551,0.000253180973232,423.710135458,0.0041426926,4.76,34.4552286678,0.494,3823
4.0,1.00141251087,0.000253163598245,423.771437984,0.0041426926,4.76,34.4552286678,0.494,3823
4.0,1.00163567066,0.000253175152466,423.832740613,0.0041426926,4.76,34.4552286678,0.494,3823
4.0,1.0015976429,0.000253150879871,423.894043144,0.0041426926,4.76,34.4552286678,0.494,3823
4.0,1.0011985302,0.000253164413152,423.955345777,0.0041426926,4.76,34.4552286678,0.494,3823
4.0,1.0018658638,0.000253164442256,424.016648412,0.0041426926,4.76,34.4552286678,0.494,3823
4.0,1.00142753124,0.000253170117503,424.098385363,0.0041426926,4.76,34.4552286678,0.494,3823
4.0,1.00177133083,0.000253125966992,424.159688004,0.0041426926,4.76,34.4552286678,0.494,3823
4.0,1.00111496449,0.000253139762208,424.220990747,0.0041426926,4.76,34.4552286678,0.494,3823
4.0,1.00165581703,0.000253164005699,424.282293192,0.0041426926,4.76,34.4552286678,0.494,3823
4.0,1.00161671638,0.000253130303463,424.34359584,0.0041426926,4.76,34.4552286678,0.494,3823
4.0,1.00133109093,0.000253122416325,424.40489859,0.0041426926,4.76,34.4552286678,0.494,3823
4.0,1.00142407417,0.000253125239396,424.466201242,0.0041426926,4.76,34.4552286678,0.494,3823
4.0,1.00154900551,0.000253127043834,424.527503896,0.0041426926,4.76,34.4552286678,0.494,3823
4.0,1.00078368187,0.000253087084275,424.588806553,0.0041426926,4.76,34.4552286678,0.494,3823
4.0,1.00167572498,0.000253101199633,424.650109111,0.0041426926,4.76,34.4552286678,0.494,3823
4.0,1.00155544281,0.000253113772487,424.711411772,0.0041426926,4.76,34.4552286678,0.494,3823
4.0,1.00165271759,0.000253081030678,424.772714436,0.0041426926,4.76,34.4552286678,0.494,3823
4.0,1.00112318993,0.000253051781328,424.834017201,0.0041426926,4.76,34.4552286678,0.494,3823
4.0,1.00153028965,0.000253087899182,424.895319869,0.0041426926,4.76,34.4552286678,0.494,3823
4.0,1.00157690048,0.000253040430835,424.956622539,0.0041426926,4.76,34.4552286678,0.494,3823
4.0,1.00133728981,0.0002530181373,425.017925211,0.0041426926,4.76,34.4552286678,0.494,3823
4.0,1.00145530701,0.00025309243938,425.079227886,0.0041426926,4.76,34.4552286678,0.494,3823
4.0,1.0016630888,0.00025306668249,425.140530563,0.0041426926,4.76,34.4552286678,0.494,3823
4.0,1.00116276741,0.000253025587881,425.201833241,0.0041426926,4.76,34.4552286678,0.494,3823
4.0,1.00173330307,0.000253070727922,425.263135923,0.0041426926,4.76,34.4552286678,0.494,3823
4.0,1.00164318085,0.00025308621116,425.324438606,0.0041426926,4.76,34.4552286678,0.494,3823
4.0,1.00163412094,0.000253008620348,425.385741292,0.0041426926,4.76,34.4552286678,0.494,3823
4.0,1.00101435184,0.000253059290117,425.447043879,0.0041426926,4.76,34.4552286678,0.494,3823
4.0,1.00109899044,0.000253043632256,425.508346569,0.0041426926,4.76,34.4552286678,0.494,3823
4.0,1.00111293793,0.000253009464359,425.569649262,0.0041426926,4.76,34.4552286678,0.494,3823
4.0,1.00129139423,0.000253017264185,425.630951956,0.0041426926,4.76,34.4552286678,0.494,3823
4.0,1.00136065483,0.000253027828876,425.692254653,0.0041426926,4.76,34.4552286678,0.494,3823
4.0,1.00115227699,0.000253054808127,425.753557351,0.0041426926,4.76,34.4552286678,0.494,3823
4.0,1.00087535381,0.000253014353802,425.814860053,0.0041426926,4.76,34.4552286678,0.494,3823
4.0,1.00111711025,0.000253047852311,425.876162756,0.0041426926,4.76,34.4552286678,0.494,3823
4.0,1.00121426582,0.000253023463301,425.937465461,0.0041426926,4.76,34.4552286678,0.494,3823
4.0,1.00127077103,0.000253004225669,425.998768169,0.0041426926,4.76,34.4552286678,0.494,3823
4.0,1.00101745129,0.00025303682196,426.060070879,0.0041426926,4.76,34.4552286678,0.494,3823
4.0,1.00106358528,0.000253011909081,426.121373691,0.0041426926,4.76,34.4552286678,0.494,3823
4.0,1.00099527836,0.000253007368883,426.182676405,0.0041426926,4.76,34.4552286678,0.494,3823
4.0,1.00115036964,0.000252985686529,426.243979021,0.0041426926,4.76,34.4552286678,0.494,3823
4.0,1.00075542927,0.000253011385212,426.30528174,0.0041426926,4.76,34.4552286678,0.494,3823
4.0,1.00090277195,0.000252946338151,426.366584461,0.0041426926,4.76,34.4552286678,0.494,3823
4.0,1.00129580498,0.000253048259765,426.427887184,0.0041426926,4.76,34.4552286678,0.494,3823
4.0,1.00096738338,0.000252996949712,426.489189909,0.0041426926,4.76,34.4552286678,0.494,3823
4.0,1.00058269501,0.000252976606134,426.550492736,0.0041426926,4.76,34.4552286678,0.494,3823
4.0,1.00082111359,0.000252956611803,426.611795266,0.0041426926,4.76,34.4552286678,0.494,3823
4.0,1.00068926811,0.000252948666457,426.673098097,0.0041426926,4.76,34.4552286678,0.494,3823
4.0,1.00126838684,0.000253021484241,426.734400831,0.0041426926,4.76,34.4552286678,0.494,3823
4.0,1.00090003014,0.000252973200986,426.795703567,0.0041426926,4.76,34.4552286678,0.494,3823
4.0,1.00074887276,0.000252981786616,426.857006305,0.0041426926,4.76,34.4552286678,0.494,3823
4.0,1.00116193295,0.000252967292909,426.918309045,0.0041426926,4.76,34.4552286678,0.494,3823
4.0,1.00108754635,0.000252994272159,426.979611788,0.0041426926,4.76,34.4552286678,0.494,3823
4.0,1.00136864185,0.000252958299825,427.040914533,0.0041426926,4.76,34.4552286678,0.494,3823
4.0,1.00055813789,0.000252947676927,427.122651429,0.0041426926,4.76,34.4552286678,0.494,3823
4.0,1.0005505085,0.000253020407399,427.183954178,0.0041426926,4.76,34.4552286678,0.494,3823
4.0,1.00049030781,0.000253000034718,427.24525693,0.0041426926,4.76,34.4552286678,0.494,3823
4.0,1.00059843063,0.000252944591921,427.306559684,0.0041426926,4.76,34.4552286678,0.494,3823
4.0,1.00085353851,0.000253101607086,427.36786254,0.0041426926,4.76,34.4552286678,0.494,3823
4.0,1.00082576275,0.00025307314354,427.429165298,0.0041426926,4.76,34.4552286678,0.494,3823
4.0,1.00011956692,0.000253033271292,427.490468059,0.0041426926,4.76,34.4552286678,0.494,3823
4.0,1.00035333633,0.00025305149029,427.551770821,0.0041426926,4.76,34.4552286678,0.494,3823
4.0,1.00046670437,0.000253050267929,427.613073586,0.0041426926,4.76,34.4552286678,0.494,3823
4.0,1.00085401535,0.000253091013292,427.674376352,0.0041426926,4.76,34.4552286678,0.494,3823
4.0,0.99988591671,0.000253010453889,427.735679121,0.0041426926,4.76,34.4552286678,0.494,3823
4.0,1.00052046776,0.000253077887464,427.796981892,0.0041426926,4.76,34.4552286678,0.494,3823
4.0,1.00039184093,0.000253021658864,427.858284665,0.0041426926,4.76,34.4552286678,0.494,3823
4.0,1.00045609474,0.000253038480878,427.919587441,0.0041426926,4.76,34.4552286678,0.494,3823
4.0,1.00001430511,0.000253023317782,427.980890218,0.0041426926,4.76,34.4552286678,0.494,3823
4.0,1.00003838539,0.0002529907797,428.042192997,0.0041426926,4.76,34.4552286678,0.494,3823
4.0,1.00050258636,0.000253032863839,428.103495779,0.0041426926,4.76,34.4552286678,0.494,3823
4.0,1.00056779385,0.00025301068672,428.164798463,0.0041426926,4.76,34.4552286678,0.494,3823
4.0,1.00071179867,0.000253035977948,428.226101248,0.0041426926,4.76,34.4552286678,0.494,3823
4.0,1.00092625618,0.000253051373875,428.287404036,0.0041426926,4.76,34.4552286678,0.494,3823
4.0,1.00065767765,0.000253048696322,428.348706826,0.0041426926,4.76,34.4552286678,0.494,3823
4.0,1.0003695488,0.0002529968624,428.410009618,0.0041426926,4.76,34.4552286678,0.494,3823
4.0,1.00047922134,0.000253047241131,428.471312413,0.0041426926,4.76,34.4552286678,0.494,3823
4.0,1.00052249432,0.000252997153439,428.532615209,0.0041426926,4.76,34.4552286678,0.494,3823
4.0,1.00077795982,0.000253014557529,428.593918007,0.0041426926,4.76,34.4552286678,0.494,3823
4.0,1.00111246109,0.000253054284258,428.655220808,0.0041426926,4.76,34.4552286678,0.494,3823
4.0,1.00080728531,0.000252985366387,428.71652361,0.0041426926,4.76,34.4552286678,0.494,3823
4.0,1.00064015388,0.000253032398177,428.777826415,0.0041426926,4.76,34.4552286678,0.494,3823
4.0,1.00088560581,0.000253051519394,428.839129222,0.0041426926,4.76,34.4552286678,0.494,3823
4.0,1.00027692318,0.000253000995144,428.900432031,0.0041426926,4.76,34.4552286678,0.494,3823
4.0,1.00031602383,0.000252997153439,428.961734841,0.0041426926,4.76,34.4552286678,0.494,3823
4.0,1.00012588501,0.000252978526987,429.023037654,0.0041426926,4.76,34.4552286678,0.494,3823
4.0,1.00032687187,0.000253013073234,429.084340569,0.0041426926,4.76,34.4552286678,0.494,3823
4.0,1.00031340122,0.000252941739745,429.145643387,0.0041426926,4.76,34.4552286678,0.494,3823
4.0,1.0005863905,0.000253004487604,429.206946206,0.0041426926,4.76,34.4552286678,0.494,3823
4.0,1.00040197372,0.000253011530731,429.268249027,0.0041426926,4.76,34.4552286678,0.494,3823
4.0,1.00006759167,0.000252966186963,429.32955185,0.0041426926,4.76,34.4552286678,0.494,3823
4.0,1.00082540512,0.000253003352555,429.390854576,0.0041426926,4.76,34.4552286678,0.494,3823
4.0,1.00098931789,0.000253021658864,429.452157403,0.0041426926,4.76,34.4552286678,0.494,3823
4.0,1.0004632473,0.000252985191764,429.513460233,0.0041426926,4.76,34.4552286678,0.494,3823
4.0,1.00026118755,0.000252938043559,429.574763064,0.0041426926,4.76,34.4552286678,0.494,3823
4.0,1.00083291531,0.000253023492405,429.636065898,0.0041426926,4.76,34.4552286678,0.494,3823
4.0,1.00078547001,0.000252984871622,429.697368733,0.0041426926,4.76,34.4552286678,0.494,3823
4.0,1.0003015995,0.000252955534961,429.758671571,0.0041426926,4.76,34.4552286678,0.494,3823
4.0,1.00040709972,0.000252973200986,429.819974411,0.0041426926,4.76,34.4552286678,0.494,3823
4.0,1.00004708767,0.000252909288974,429.881277252,0.0041426926,4.76,34.4552286678,0.494,3823
4.0,0.999704957008,0.00025290803751,429.942580096,0.0041426926,4.76,34.4552286678,0.494,3823
4.0,1.0003670454,0.000252959434874,430.003882942,0.0041426926,4.76,34.4552286678,0.494,3823
4.0,1.00059998035,0.000252990750596,430.085620073,0.0041426926,4.76,34.4552286678,0.494,3823
4.0,0.999896287918,0.000252914935118,430.146922924,0.0041426926,4.76,34.4552286678,0.494,3823
4.0,1.00064957142,0.000252983620157,430.208225776,0.0041426926,4.76,34.4552286678,0.494,3823
4.0,0.999981284142,0.000252935482422,430.269528631,0.0041426926,4.76,34.4552286678,0.494,3823
4.0,1.00004863739,0.000252933125012,430.330831488,0.0041426926,4.76,34.4552286678,0.494,3823
4.0,1.00022137165,0.000252910278505,430.392134346,0.0041426926,4.76,34.4552286678,0.494,3823
4.0,1.00012624264,0.000252921599895,430.453437207,0.0041426926,4.76,34.4552286678,0.494,3823
4.0,0.999637007713,0.000252888479736,430.51474007,0.0041426926,4.76,34.4552286678,0.494,3823
4.0,0.999566614628,0.000252884608926,430.576042934,0.0041426926,4.76,34.4552286678,0.494,3823
4.0,0.999796271324,0.000252906524111,430.637345801,0.0041426926,4.76,34.4552286678,0.494,3823
4.0,1.00005614758,0.00025289907353,430.69864867,0.0041426926,4.76,34.4552286678,0.494,3823
4.0,0.99990093708,0.000252895930316,430.759951541,0.0041426926,4.76,34.4552286678,0.494,3823
4.0,0.99981713295,0.000252889352851,430.821254413,0.0041426926,4.76,34.4552286678,0.494,3823
4.0,1.00046336651,0.000252927362453,430.882557288,0.0041426926,4.76,34.4552286678,0.494,3823
4.0,0.999835014343,0.000252887053648,430.943860065,0.0041426926,4.76,34.4552286678,0.494,3823
4.0,1.00004386902,0.000252879370237,431.005162944,0.0041426926,4.76,34.4552286678,0.494,3823
4.0,0.999770998955,0.000252880563494,431.066465824,0.0041426926,4.76,34.4552286678,0.494,3823
4.0,0.99998986721,0.000252886209637,431.127768707,0.0041426926,4.76,34.4552286678,0.494,3823
4.0,0.999593853951,0.000252856785664,431.189071592,0.0041426926,4.76,34.4552286678,0.494,3823
4.0,1.00004315376,0.00025287817698,431.250374479,0.0041426926,4.76,34.4552286678,0.494,3823
4.0,0.99936068058,0.000252824596828,431.311677367,0.0041426926,4.76,34.4552286678,0.494,3823
4.0,0.999404191971,0.000252826692304,431.372980258,0.0041426926,4.76,34.4552286678,0.494,3823
4.0,0.998961687088,0.000252805504715,431.434283151,0.0041426926,4.76,34.4552286678,0.494,3823
4.0,0.999910950661,0.000252865283983,431.495586045,0.0041426926,4.76,34.4552286678,0.494,3823
4.0,0.999252855778,0.000252819358138,431.556888942,0.0041426926,4.76,34.4552286678,0.494,3823
4.0,0.999457299709,0.0002528266632,431.61819194,0.0041426926,4.76,34.4552286678,0.494,3823
4.0,0.999444127083,0.000252834579442,431.679494841,0.0041426926,4.76,34.4552286678,0.494,3823
4.0,0.999410271645,0.000252819503658,431.740797743,0.0041426926,4.76,34.4552286678,0.494,3823
4.0,0.999038517475,0.000252788973739,431.802100648,0.0041426926,4.76,34.4552286678,0.494,3823
4.0,0.99965429306,0.000252827827353,431.863403554,0.0041426926,4.76,34.4552286678,0.494,3823
4.0,0.99899739027,0.000252775615081,431.924706463,0.0041426926,4.76,34.4552286678,0.494,3823
4.0,0.999370515347,0.000252794736298,431.986009373,0.0041426926,4.76,34.4552286678,0.494,3823
4.0,0.999434411526,0.000252794765402,432.047312285,0.0041426926,4.76,34.4552286678,0.494,3823
4.0,0.999291181564,0.000252810830716,432.108615199,0.0041426926,4.76,34.4552286678,0.494,3823
4.0,0.999202489853,0.000252779311268,432.169918015,0.0041426926,4.76,34.4552286678,0.494,3823
4.0,0.99913662672,0.000252782076132,432.231220934,0.0041426926,4.76,34.4552286678,0.494,3823
4.0,0.999589800835,0.000252782163443,432.292523854,0.0041426926,4.76,34.4552286678,0.494,3823
4.0,0.999444842339,0.000252789439401,432.353826776,0.0041426926,4.76,34.4552286678,0.494,3823
4.0,0.999572277069,0.00025287157041,432.4151297,0.0041426926,4.76,34.4552286678,0.494,3823
4.0,0.998902142048,0.000252756581176,432.476432625,0.0041426926,4.76,34.4552286678,0.494,3823
4.0,0.999056816101,0.000252749305218,432.537735553,0.0041426926,4.76,34.4552286678,0.494,3823
4.0,0.999247848988,0.000252772762906,432.599038483,0.0041426926,4.76,34.4552286678,0.494,3823
4.0,0.999149382114,0.000252757046837,432.660341415,0.0041426926,4.76,34.4552286678,0.494,3823
4.0,0.999549329281,0.000252778147114,432.721644348,0.0041426926,4.76,34.4552286678,0.494,3823
4.0,0.999128878117,0.000252748985076,432.782947284,0.0041426926,4.76,34.4552286678,0.494,3823
4.0,0.999513685703,0.000252764351899,432.844250221,0.0041426926,4.76,34.4552286678,0.494,3823
4.0,0.999566614628,0.000252774072578,432.90555316,0.0041426926,4.76,34.4552286678,0.494,3823
4.0,0.999236166477,0.000252744357567,432.966856102,0.0041426926,4.76,34.4552286678,0.494,3823
4.0,0.999049127102,0.000252731348155,433.04859336,0.0041426926,4.76,34.4552286678,0.494,3823
4.0,0.999342143536,0.000252757687122,433.109896305,0.0041426926,4.76,34.4552286678,0.494,3823
4.0,0.999180436134,0.000252703437582,433.171199253,0.0041426926,4.76,34.4552286678,0.494,3823
4.0,0.999277353287,0.000252735131653,433.232502202,0.0041426926,4.76,34.4552286678,0.494,3823
4.0,0.999011814594,0.000252707861364,433.293805154,0.0041426926,4.76,34.4552286678,0.494,3823
4.0,0.999304115772,0.000252704659943,433.355108107,0.0041426926,4.76,34.4552286678,0.494,3823
4.0,0.999427855015,0.000252732366789,433.416411062,0.0041426926,4.76,34.4552286678,0.494,3823
4.0,0.999316990376,0.000252685451414,433.477714019,0.0041426926,4.76,34.4552286678,0.494,3823
4.0,0.998996913433,0.000252679543337,433.539016978,0.0041426926,4.76,34.4552286678,0.494,3823
4.0,0.998765766621,0.000252582423855,433.600319939,0.0041426926,4.76,34.4552286678,0.494,3823
4.0,0.999226272106,0.000252615398495,433.661622902,0.0041426926,4.76,34.4552286678,0.494,3823
4.0,0.999561011791,0.000252620928222,433.722925867,0.0041426926,4.76,34.4552286678,0.494,3823
4.0,1.0000565052,0.000252814119449,433.784228733,0.0041426926,4.76,34.4552286678,0.494,3823
4.0,0.999018490314,0.000252588186413,433.845531701,0.0041426926,4.76,34.4552286678,0.494,3823
4.0,0.999150216579,0.00025260381517,433.906834672,0.0041426926,4.76,34.4552286678,0.494,3823
4.0,0.998873710632,0.000252567435382,433.968137644,0.0041426926,4.76,34.4552286678,0.494,3823
4.0,0.999077379704,0.000252574536717,434.029440618,0.0041426926,4.76,34.4552286678,0.494,3823
4.0,0.999531984329,0.000252621161053,434.090743594,0.0041426926,4.76,34.4552286678,0.494,3823
4.0,0.998990476131,0.000252552010352,434.152046571,0.0041426926,4.76,34.4552286678,0.494,3823
4.0,0.998678088188,0.000252534664469,434.213349651,0.0041426926,4.76,34.4552286678,0.494,3823
4.0,0.999217271805,0.000252562895184,434.274652632,0.0041426926,4.76,34.4552286678,0.494,3823
4.0,0.998882770538,0.000252541940426,434.335955516,0.0041426926,4.76,34.4552286678,0.494,3823
4.0,0.998849153519,0.000252534722677,434.397258501,0.0041426926,4.76,34.4552286678,0.494,3823
4.0,0.999183595181,0.000252559955698,434.458561488,0.0041426926,4.76,34.4552286678,0.494,3823
4.0,0.999189198017,0.000252554978942,434.519864477,0.0041426926,4.76,34.4552286678,0.494,3823
4.0,0.998784005642,0.000252524594544,434.581167567,0.0041426926,4.76,34.4552286678,0.494,3823
4.0,0.99890345335,0.000252516620094,434.64247056,0.0041426926,4.76,34.4552286678,0.494,3823
4.0,0.998794138432,0.000252521189395,434.703773554,0.0041426926,4.76,34.4552286678,0.494,3823
4.0,0.998404085636,0.000252467871178,434.765076551,0.0041426926,4.76,34.4552286678,0.494,3823
4.0,0.998450040817,0.000252488418482,434.826379549,0.0041426926,4.76,34.4552286678,0.494,3823
4.0,0.998360812664,0.00025246333098,434.887682548,0.0041426926,4.76,34.4552286678,0.494,3823
4.0,0.999111056328,0.000252529862337,434.94898555,0.0041426926,4.76,34.4552286678,0.494,3823
4.0,0.998438596725,0.000252461497439,435.010288554,0.0041426926,4.76,34.4552286678,0.494,3823
4.0,0.998752057552,0.000252493075095,435.071591459,0.0041426926,4.76,34.4552286678,0.494,3823
4.0,0.999547064304,0.000252526137047,435.132894466,0.0041426926,4.76,34.4552286678,0.494,3823
4.0,0.998885691166,0.000252486963291,435.194197475,0.0041426926,4.76,34.4552286678,0.494,3823
4.0,0.999259293079,0.000252487778198,435.255500486,0.0041426926,4.76,34.4552286678,0.494,3823
4.0,0.998973548412,0.000252492871368,435.316803499,0.0041426926,4.76,34.4552286678,0.494,3823
4.0,0.999105095863,0.000252500380157,435.378106513,0.0041426926,4.76,34.4552286678,0.494,3823
4.0,0.998846232891,0.000252462079516,435.439409529,0.0041426926,4.76,34.4552286678,0.494,3823
4.0,0.99922722578,0.000252499477938,435.500712547,0.0041426926,4.76,34.4552286678,0.494,3823
4.0,0.999007344246,0.000252475583693,435.562015567,0.0041426926,4.76,34.4552286678,0.494,3823
4.0,0.999060511589,0.000252443220234,435.623318589,0.0041426926,4.76,34.4552286678,0.494,3823
4.0,0.999338805676,0.000252499594353,435.684621612,0.0041426926,4.76,34.4552286678,0.494,3823
4.0,0.998947322369,0.000252453988651,435.745924638,0.0041426926,4.76,34.4552286678,0.494,3823
4.0,0.998993873596,0.000252451369306,435.807227665,0.0041426926,4.76,34.4552286678,0.494,3823
4.0,0.999568164349,0.000252475118032,435.868530793,0.0041426926,4.76,34.4552286678,0.494,3823
4.0,0.999655604362,0.000252491532592,435.929833824,0.0041426926,4.76,34.4552286678,0.494,3823
4.0,0.99962580204,0.000252484314842,435.991136756,0.0041426926,4.76,34.4552286678,0.494,3823
4.0,0.998716235161,0.000252401747275,436.072874136,0.0041426926,4.76,34.4552286678,0.494,3823
4.0,0.999225080013,0.000252443278441,436.134177172,0.0041426926,4.76,34.4552286678,0.494,3823
4.0,0.999242067337,0.000252429483226,436.195480211,0.0041426926,4.76,34.4552286678,0.494,3823
4.0,1.00006818771,0.000252493482549,436.256783251,0.0041426926,4.76,34.4552286678,0.494,3823
4.0,0.999672889709,0.000252457335591,436.318086293,0.0041426926,4.76,34.4552286678,0.494,3823
4.0,0.999193012714,0.000252396363067,436.379389336,0.0041426926,4.76,34.4552286678,0.494,3823
4.0,0.999691009521,0.00025243696291,436.46112673,0.0041426926,4.76,34.4552286678,0.494,3823
4.0,0.999307274818,0.000252395373536,436.522429778,0.0041426926,4.76,34.4552286678,0.494,3823
4.0,0.99962246418,0.000252442841884,436.583732828,0.0041426926,4.76,34.4552286678,0.494,3823
4.0,0.999076604843,0.000252397556324,436.645035879,0.0041426926,4.76,34.4552286678,0.494,3823
4.0,0.999798178673,0.000252424797509,436.706338932,0.0041426926,4.76,34.4552286678,0.494,3823
4.0,0.99944716692,0.000252462457865,436.767641987,0.0041426926,4.76,34.4552286678,0.494,3823
4.0,0.999570906162,0.000252418598393,436.828945043,0.0041426926,4.76,34.4552286678,0.494,3823
4.0,0.999284863472,0.000252404570347,436.890248101,0.0041426926,4.76,34.4552286678,0.494,3823
4.0,0.999265134335,0.000252402416663,436.951551161,0.0041426926,4.76,34.4552286678,0.494,3823
4.0,1.00006508827,0.000252414785791,437.012854223,0.0041426926,4.76,34.4552286678,0.494,3823
4.0,0.99979352951,0.000252431927947,437.074157287,0.0041426926,4.76,34.4552286678,0.494,3823
4.0,0.999892830849,0.000252416270087,437.135460352,0.0041426926,4.76,34.4552286678,0.494,3823
4.0,1.00023090839,0.000252438680036,437.196763319,0.0041426926,4.76,34.4552286678,0.494,3823
4.0,0.999991059303,0.000252397818258,437.258066387,0.0041426926,4.76,34.4552286678,0.494,3823
4.0,1.00012350082,0.000252386147622,437.319369458,0.0041426926,4.76,34.4552286678,0.494,3823
4.0,0.999900817871,0.000252394471318,437.38067253,0.0041426926,4.76,34.4552286678,0.494,3823
4.0,1.00023007393,0.00025239615934,437.441975704,0.0041426926,4.76,34.4552286678,0.494,3823
4.0,0.999837398529,0.000252393772826,437.503278779,0.0041426926,4.76,34.4552286678,0.494,3823
4.0,1.00022006035,0.000252401601756,437.564581857,0.0041426926,4.76,34.4552286678,0.494,3823
4.0,0.999988913536,0.000252388825174,437.625884836,0.0041426926,4.76,34.4552286678,0.494,3823
4.0,1.00044238567,0.000252410623943,437.687187916,0.0041426926,4.76,34.4552286678,0.494,3823
4.0,1.00060319901,0.000252416793955,437.748490999,0.0041426926,4.76,34.4552286678,0.494,3823
4.0,1.00055301189,0.000252402474871,437.809794183,0.0041426926,4.76,34.4552286678,0.494,3823
4.0,1.0006210804,0.000252413447015,437.871097269,0.0041426926,4.76,34.4552286678,0.494,3823
4.0,1.00016951561,0.000252348632785,437.932400356,0.0041426926,4.76,34.4552286678,0.494,3823
4.0,0.999829173088,0.000252353522228,437.993703445,0.0041426926,4.76,34.4552286678,0.494,3823
4.0,1.0004774332,0.000252382131293,438.055006536,0.0041426926,4.76,34.4552286678,0.494,3823
4.0,1.00000822544,0.000252332421951,438.116309629,0.0041426926,4.76,34.4552286678,0.494,3823
4.0,1.00047814846,0.000252382626059,438.177612723,0.0041426926,4.76,34.4552286678,0.494,3823
4.0,1.00053358078,0.000252395431744,438.238915819,0.0041426926,4.76,34.4552286678,0.494,3823
4.0,1.00034499168,0.000252372090472,438.300218917,0.0041426926,4.76,34.4552286678,0.494,3823
4.0,1.00018727779,0.000252343685133,438.361522016,0.0041426926,4.76,34.4552286678,0.494,3823
4.0,1.00068163872,0.000252354744589,438.422825117,0.0041426926,4.76,34.4552286678,0.494,3823
4.0,1.00073707104,0.000252371217357,438.48412812,0.0041426926,4.76,34.4552286678,0.494,3823
4.0,1.00047540665,0.000252352183452,438.545431224,0.0041426926,4.76,34.4552286678,0.494,3823
4.0,1.00038254261,0.000252335710684,438.60673433,0.0041426926,4.76,34.4552286678,0.494,3823
4.0,1.00045287609,0.000252321420703,438.668037438,0.0041426926,4.76,34.4552286678,0.494,3823
4.0,1.00065362453,0.000252343539614,438.729340547,0.0041426926,4.76,34.4552286678,0.494,3823
4.0,1.00063872337,0.00025232223561,438.790643658,0.0041426926,4.76,34.4552286678,0.494,3823
4.0,1.00079762936,0.000252368801739,438.851946771,0.0041426926,4.76,34.4552286678,0.494,3823
4.0,1.00049614906,0.000252330064541,438.913249885,0.0041426926,4.76,34.4552286678,0.494,3823
4.0,1.00085687637,0.000252323952736,438.974553001,0.0041426926,4.76,34.4552286678,0.494,3823
4.0,1.00130462646,0.000252329104114,439.056290492,0.0041426926,4.76,34.4552286678,0.494,3823
4.0,1.00048804283,0.000252273894148,439.117593611,0.0041426926,4.76,34.4552286678,0.494,3823
4.0,1.00121474266,0.000252376834396,439.178896733,0.0041426926,4.76,34.4552286678,0.494,3823
4.0,1.00095021725,0.000252394558629,439.240199856,0.0041426926,4.76,34.4552286678,0.494,3823
4.0,1.00142073631,0.000252358004218,439.301502981,0.0041426926,4.76,34.4552286678,0.494,3823
4.0,1.00108110905,0.000252335157711,439.362806107,0.0041426926,4.76,34.4552286678,0.494,3823
4.0,1.00112485886,0.000252321391599,439.424109235,0.0041426926,4.76,34.4552286678,0.494,3823
4.0,1.00062465668,0.000252343335887,439.485412365,0.0041426926,4.76,34.4552286678,0.494,3823
4.0,1.00095415115,0.000252366939094,439.546715496,0.0041426926,4.76,34.4552286678,0.494,3823
4.0,1.00076162815,0.000252300262218,439.608018629,0.0041426926,4.76,34.4552286678,0.494,3823
4.0,1.00085937977,0.000252294033999,439.669321763,0.0041426926,4.76,34.4552286678,0.494,3823
4.0,1.00134444237,0.00025230855681,439.7306249,0.0041426926,4.76,34.4552286678,0.494,3823
4.0,1.00141739845,0.000252370344242,439.791928037,0.0041426926,4.76,34.4552286678,0.494,3823
4.0,1.00118553638,0.000252325204201,439.853231277,0.0041426926,4.76,34.4552286678,0.494,3823
4.0,1.00095784664,0.000252311408985,439.914534418,0.0041426926,4.76,34.4552286678,0.494,3823
4.0,1.00134181976,0.000252345518675,439.97583746,0.0041426926,4.76,34.4552286678,0.494,3823
4.0,1.00089585781,0.0002523267176,440.037140605,0.0041426926,4.76,34.4552286678,0.494,3823
4.0,1.00130712986,0.000252354482654,440.09844375,0.0041426926,4.76,34.4552286678,0.494,3823
4.0,1.00135624409,0.000252309662756,440.159746898,0.0041426926,4.76,34.4552286678,0.494,3823
4.0,1.00130224228,0.000252314814134,440.221049947,0.0041426926,4.76,34.4552286678,0.494,3823
4.0,1.00093686581,0.00025232534972,440.282353097,0.0041426926,4.76,34.4552286678,0.494,3823
4.0,1.0011408329,0.000252304889727,440.34365625,0.0041426926,4.76,34.4552286678,0.494,3823
4.0,1.00124680996,0.000252310477663,440.404959503,0.0041426926,4.76,34.4552286678,0.494,3823
4.0,1.001781106,0.000252380996244,440.466262659,0.0041426926,4.76,34.4552286678,0.494,3823
4.0,1.00140202045,0.000252309953794,440.527565816,0.0041426926,4.76,34.4552286678,0.494,3823
4.0,1.00153565407,0.000252307683695,440.588868974,0.0041426926,4.76,34.4552286678,0.494,3823
4.0,1.00167632103,0.000252287922194,440.650172134,0.0041426926,4.76,34.4552286678,0.494,3823
4.0,1.0013718605,0.000252302037552,440.711475296,0.0041426926,4.76,34.4552286678,0.494,3823
4.0,1.00179553032,0.000252311554505,440.772778459,0.0041426926,4.76,34.4552286678,0.494,3823
4.0,1.00173079967,0.00025225491845,440.834081624,0.0041426926,4.76,34.4552286678,0.494,3823
4.0,1.00189197063,0.000252286234172,440.89538479,0.0041426926,4.76,34.4552286678,0.494,3823
4.0,1.0015566349,0.000252252124483,440.956687958,0.0041426926,4.76,34.4552286678,0.494,3823
4.0,1.00206172466,0.00025228242157,441.017991128,0.0041426926,4.76,34.4552286678,0.494,3823
4.0,1.00192463398,0.000252263387665,441.079294299,0.0041426926,4.76,34.4552286678,0.494,3823
4.0,1.0020686388,0.000252284080489,441.140597472,0.0041426926,4.76,34.4552286678,0.494,3823
4.0,1.00176811218,0.000252271885984,441.201900646,0.0041426926,4.76,34.4552286678,0.494,3823
4.0,1.00142419338,0.000252237077802,441.263203822,0.0041426926,4.76,34.4552286678,0.494,3823
4.0,1.0020430088,0.000252292782534,441.324506999,0.0041426926,4.76,34.4552286678,0.494,3823
4.0,1.00162160397,0.000252262951108,441.385810178,0.0041426926,4.76,34.4552286678,0.494,3823
4.0,1.00147473812,0.000252220459515,441.447113358,0.0041426926,4.76,34.4552286678,0.494,3823
4.0,1.0021327734,0.000252269761404,441.50841654,0.0041426926,4.76,34.4552286678,0.494,3823
4.0,1.00222074986,0.000252299068961,441.569719623,0.0041426926,4.76,34.4552286678,0.494,3823
4.0,1.00120890141,0.000252169906162,441.631022808,0.0041426926,4.76,34.4552286678,0.494,3823
4.0,1.00166225433,0.00025219793315,441.692325995,0.0041426926,4.76,34.4552286678,0.494,3823
4.0,1.00225400925,0.000252279947745,441.753629183,0.0041426926,4.76,34.4552286678,0.494,3823
4.0,1.0018132925,0.000252237252425,441.814932372,0.0041426926,4.76,34.4552286678,0.494,3823
4.0,1.00164437294,0.00025217817165,441.876235564,0.0041426926,4.76,34.4552286678,0.494,3823
4.0,1.00149607658,0.000252244237345,441.937538756,0.0041426926,4.76,34.4552286678,0.494,3823
4.0,1.00126063824,0.000252180936513,442.019276349,0.0041426926,4.76,34.4552286678,0.494,3823
4.0,1.00165688992,0.000252168771112,442.080579545,0.0041426926,4.76,34.4552286678,0.494,3823
4.0,1.00172674656,0.000252183963312,442.141882743,0.0041426926,4.76,34.4552286678,0.494,3823
4.0,1.00165319443,0.000252195604844,442.203185942,0.0041426926,4.76,34.4552286678,0.494,3823
6.0,1.00266373158,0.000275194935966,539.511828817,0.0041426926,4.76,34.4552286678,0.494,3823
6.0,1.00341784954,0.000275297352346,539.573130993,0.0041426926,4.76,34.4552286678,0.494,3823
6.0,1.0030144453,0.000275261409115,539.634433168,0.0041426926,4.76,34.4552286678,0.494,3823
6.0,1.00340402126,0.000275320810033,539.695735339,0.0041426926,4.76,34.4552286678,0.494,3823
6.0,1.00352549553,0.000275381054962,539.757037509,0.0041426926,4.76,34.4552286678,0.494,3823
6.0,1.00315034389,0.000275382131804,539.818339676,0.0041426926,4.76,34.4552286678,0.494,3823
6.0,1.00356841087,0.000275378464721,539.879641841,0.0041426926,4.76,34.4552286678,0.494,3823
6.0,1.00330495834,0.000275310623692,539.940944003,0.0041426926,4.76,34.4552286678,0.494,3823
6.0,1.00329732895,0.000275260797935,540.002246163,0.0041426926,4.76,34.4552286678,0.494,3823
6.0,1.00364840031,0.000275319907814,540.063548321,0.0041426926,4.76,34.4552286678,0.494,3823
6.0,1.00351834297,0.000275438855169,540.124850476,0.0041426926,4.76,34.4552286678,0.494,3823
6.0,1.00356662273,0.000275397324003,540.186152628,0.0041426926,4.76,34.4552286678,0.494,3823
6.0,1.00397348404,0.000275388418231,540.247454779,0.0041426926,4.76,34.4552286678,0.494,3823
6.0,1.00374150276,0.00027542852331,540.308756927,0.0041426926,4.76,34.4552286678,0.494,3823
6.0,1.00338220596,0.000275411235634,540.370059073,0.0041426926,4.76,34.4552286678,0.494,3823
6.0,1.00386142731,0.000275403785054,540.431361216,0.0041426926,4.76,34.4552286678,0.494,3823
6.0,1.0040153265,0.000275493657682,540.492663457,0.0041426926,4.76,34.4552286678,0.494,3823
6.0,1.00359284878,0.000275443424471,540.553965595,0.0041426926,4.76,34.4552286678,0.494,3823
6.0,1.00391256809,0.000275449623587,540.615267731,0.0041426926,4.76,34.4552286678,0.494,3823
6.0,1.0034481287,0.000275478203548,540.676569865,0.0041426926,4.76,34.4552286678,0.494,3823
6.0,1.00378704071,0.000275384169072,540.737872096,0.0041426926,4.76,34.4552286678,0.494,3823
6.0,1.0035020113,0.000275452184724,540.799174225,0.0041426926,4.76,34.4552286678,0.494,3823
6.0,1.00350379944,0.000275473750662,540.860476352,0.0041426926,4.76,34.4552286678,0.494,3823
6.0,1.00404930115,0.000275483791484,540.921778476,0.0041426926,4.76,34.4552286678,0.494,3823
6.0,1.00346410275,0.000275378697552,540.983080598,0.0041426926,4.76,34.4552286678,0.494,3823
6.0,1.003718853,0.000275358615909,541.044382717,0.0041426926,4.76,34.4552286678,0.494,3823
6.0,1.0033878088,0.00027537002461,541.126118872,0.0041426926,4.76,34.4552286678,0.494,3823
6.0,1.00388503075,0.000275415484793,541.187420986,0.0041426926,4.76,34.4552286678,0.494,3823
6.0,1.00389134884,0.000275399914244,541.248723097,0.0041426926,4.76,34.4552286678,0.494,3823
6.0,1.00398278236,0.000275533180684,541.310025306,0.0041426926,4.76,34.4552286678,0.494,3823
6.0,1.00370383263,0.000275433092611,541.371327412,0.0041426926,4.76,34.4552286678,0.494,3823
6.0,1.00412416458,0.000275470782071,541.432629517,0.0041426926,4.76,34.4552286678,0.494,3823
6.0,1.00347447395,0.000275466911262,541.493931618,0.0041426926,4.76,34.4552286678,0.494,3823
6.0,1.00393676758,0.000275458267424,541.555233717,0.0041426926,4.76,34.4552286678,0.494,3823
6.0,1.00425755978,0.000275485042948,541.616535814,0.0041426926,4.76,34.4552286678,0.494,3823
6.0,1.00366950035,0.000275496713584,541.677837909,0.0041426926,4.76,34.4552286678,0.494,3823
6.0,1.00342428684,0.000275559141301,541.739140001,0.0041426926,4.76,34.4552286678,0.494,3823
6.0,1.00366747379,0.000275497412076,541.80044209,0.0041426926,4.76,34.4552286678,0.494,3823
6.0,1.00369119644,0.000275544734905,541.861744178,0.0041426926,4.76,34.4552286678,0.494,3823
6.0,1.00320780277,0.000275477475952,541.923046262,0.0041426926,4.76,34.4552286678,0.494,3823
6.0,1.00323140621,0.000275562138995,541.984348445,0.0041426926,4.76,34.4552286678,0.494,3823
6.0,1.00357210636,0.000275551574305,542.045650525,0.0041426926,4.76,34.4552286678,0.494,3823
6.0,1.00328838825,0.000275500089629,542.106952602,0.0041426926,4.76,34.4552286678,0.494,3823
6.0,1.00360536575,0.00027555032284,542.168254677,0.0041426926,4.76,34.4552286678,0.494,3823
6.0,1.00315630436,0.000275486352621,542.22955685,0.0041426926,4.76,34.4552286678,0.494,3823
6.0,1.00359261036,0.000275576865533,542.29085892,0.0041426926,4.76,34.4552286678,0.494,3823
6.0,1.00350165367,0.000275564903859,542.352160988,0.0041426926,4.76,34.4552286678,0.494,3823
6.0,1.00358641148,0.000275581987808,542.413463053,0.0041426926,4.76,34.4552286678,0.494,3823
6.0,1.00319540501,0.000275576574495,542.474765116,0.0041426926,4.76,34.4552286678,0.494,3823
6.0,1.00403535366,0.000275682337815,542.536067077,0.0041426926,4.76,34.4552286678,0.494,3823
6.0,1.00343823433,0.000275625265203,542.597369135,0.0041426926,4.76,34.4552286678,0.494,3823
6.0,1.00324964523,0.000275580823654,542.65867129,0.0041426926,4.76,34.4552286678,0.494,3823
6.0,1.0033993721,0.000275602651527,542.719973343,0.0041426926,4.76,34.4552286678,0.494,3823
6.0,1.00356578827,0.000275638332823,542.781275394,0.0041426926,4.76,34.4552286678,0.494,3823
6.0,1.00338625908,0.000275628088275,542.842577443,0.0041426926,4.76,34.4552286678,0.494,3823
6.0,1.00303590298,0.000275621336186,542.903879589,0.0041426926,4.76,34.4552286678,0.494,3823
6.0,1.00376403332,0.000275676924502,542.965181632,0.0041426926,4.76,34.4552286678,0.494,3823
6.0,1.00340783596,0.000275630474789,543.026483673,0.0041426926,4.76,34.4552286678,0.494,3823
6.0,1.00381708145,0.000275674537988,543.087785712,0.0041426926,4.76,34.4552286678,0.494,3823
6.0,1.00303995609,0.000275645928923,543.149087748,0.0041426926,4.76,34.4552286678,0.494,3823
6.0,1.00326812267,0.000275645783404,543.210389781,0.0041426926,4.76,34.4552286678,0.494,3823
6.0,1.00362980366,0.000275683996733,543.271691813,0.0041426926,4.76,34.4552286678,0.494,3823
6.0,1.00288331509,0.000275651196716,543.332993841,0.0041426926,4.76,34.4552286678,0.494,3823
6.0,1.00364255905,0.000275715225143,543.394295868,0.0041426926,4.76,34.4552286678,0.494,3823
6.0,1.00303518772,0.000275676575257,543.455597892,0.0041426926,4.76,34.4552286678,0.494,3823
6.0,1.00317716599,0.000275687081739,543.516899913,0.0041426926,4.76,34.4552286678,0.494,3823
6.0,1.00383865833,0.000275742117083,543.578201932,0.0041426926,4.76,34.4552286678,0.494,3823
6.0,1.00347995758,0.000275743659586,543.639504049,0.0041426926,4.76,34.4552286678,0.494,3823
6.0,1.00283515453,0.000275708414847,543.700806063,0.0041426926,4.76,34.4552286678,0.494,3823
6.0,1.00310349464,0.000275729777059,543.762108074,0.0041426926,4.76,34.4552286678,0.494,3823
6.0,1.00312519073,0.000275728991255,543.823410184,0.0041426926,4.76,34.4552286678,0.494,3823
6.0,1.00321924686,0.000275722763035,543.88471219,0.0041426926,4.76,34.4552286678,0.494,3823
6.0,1.00300967693,0.000275737227639,543.946014195,0.0041426926,4.76,34.4552286678,0.494,3823
6.0,1.00323688984,0.000275755184703,544.007316196,0.0041426926,4.76,34.4552286678,0.494,3823
6.0,1.00358724594,0.000275779108051,544.068618196,0.0041426926,4.76,34.4552286678,0.494,3823
6.0,1.00315177441,0.000275765603874,544.150354191,0.0041426926,4.76,34.4552286678,0.494,3823
6.0,1.00268256664,0.000275740079815,544.211656185,0.0041426926,4.76,34.4552286678,0.494,3823
6.0,1.0028938055,0.000275748810964,544.272958176,0.0041426926,4.76,34.4552286678,0.494,3823
6.0,1.00279140472,0.000275750702713,544.334260164,0.0041426926,4.76,34.4552286678,0.494,3823
6.0,1.00303351879,0.000275759957731,544.395562251,0.0041426926,4.76,34.4552286678,0.494,3823
6.0,1.00286006927,0.000275738013443,544.456864234,0.0041426926,4.76,34.4552286678,0.494,3823
6.0,1.00357758999,0.000275827100268,544.518166215,0.0041426926,4.76,34.4552286678,0.494,3823
6.0,1.00293409824,0.000275782600511,544.579468194,0.0041426926,4.76,34.4552286678,0.494,3823
6.0,1.00340116024,0.000275804603007,544.640770171,0.0041426926,4.76,34.4552286678,0.494,3823
6.0,1.00296056271,0.000275773956673,544.702072144,0.0041426926,4.76,34.4552286678,0.494,3823
6.0,1.00334882736,0.000275807862636,544.763374116,0.0041426926,4.76,34.4552286678,0.494,3823
6.0,1.00298178196,0.00027579171001,544.824676085,0.0041426926,4.76,34.4552286678,0.494,3823
6.0,1.00291192532,0.000275778700598,544.885978051,0.0041426926,4.76,34.4552286678,0.494,3823
6.0,1.00275993347,0.000275767990388,544.947280015,0.0041426926,4.76,34.4552286678,0.494,3823
6.0,1.00313949585,0.000275800441159,545.008581977,0.0041426926,4.76,34.4552286678,0.494,3823
6.0,1.00295782089,0.000275665923255,545.069883936,0.0041426926,4.76,34.4552286678,0.494,3823
6.0,1.00323235989,0.00027567736106,545.131185992,0.0041426926,4.76,34.4552286678,0.494,3823
6.0,1.00251662731,0.000275636964943,545.192487946,0.0041426926,4.76,34.4552286678,0.494,3823
6.0,1.00299406052,0.000275662896456,545.253789898,0.0041426926,4.76,34.4552286678,0.494,3823
6.0,1.00294959545,0.000275688915281,545.315091947,0.0041426926,4.76,34.4552286678,0.494,3823
6.0,1.00255846977,0.000275674799923,545.376393893,0.0041426926,4.76,34.4552286678,0.494,3823
6.0,1.00303423405,0.000275698985206,545.437695837,0.0041426926,4.76,34.4552286678,0.494,3823
6.0,1.00293493271,0.000275692902505,545.498997779,0.0041426926,4.76,34.4552286678,0.494,3823
6.0,1.00361299515,0.00027571656392,545.560299718,0.0041426926,4.76,34.4552286678,0.494,3823
6.0,1.00352489948,0.000275752769085,545.621601655,0.0041426926,4.76,34.4552286678,0.494,3823
6.0,1.00349080563,0.000275743572274,545.682903589,0.0041426926,4.76,34.4552286678,0.494,3823
6.0,1.00371611118,0.000275757716736,545.74420552,0.0041426926,4.76,34.4552286678,0.494,3823
6.0,1.00336003304,0.000275717698969,545.80550745,0.0041426926,4.76,34.4552286678,0.494,3823
6.0,1.00292825699,0.000275671482086,545.866809376,0.0041426926,4.76,34.4552286678,0.494,3823
6.0,1.00297558308,0.000275712343864,545.9281113,0.0041426926,4.76,34.4552286678,0.494,3823
6.0,1.00285387039,0.000275703612715,545.989413222,0.0041426926,4.76,34.4552286678,0.494,3823
6.0,1.00293517113,0.000275704980595,546.050715141,0.0041426926,4.76,34.4552286678,0.494,3823
6.0,1.00292301178,0.000275713478914,546.112017058,0.0041426926,4.76,34.4552286678,0.494,3823
6.0,1.00282585621,0.000275721133221,546.173318972,0.0041426926,4.76,34.4552286678,0.494,3823
6.0,1.00228989124,0.000275657715974,546.234620984,0.0041426926,4.76,34.4552286678,0.494,3823
6.0,1.00250303745,0.000275654077996,546.295922991,0.0041426926,4.76,34.4552286678,0.494,3823
6.0,1.00312054157,0.00027580402093,546.357224898,0.0041426926,4.76,34.4552286678,0.494,3823
6.0,1.0029053688,0.000275827595033,546.418526802,0.0041426926,4.76,34.4552286678,0.494,3823
6.0,1.0027616024,0.000275805359706,546.479828704,0.0041426926,4.76,34.4552286678,0.494,3823
6.0,1.00277137756,0.000275786034763,546.541130603,0.0041426926,4.76,34.4552286678,0.494,3823
6.0,1.00230515003,0.000275785161648,546.602432399,0.0041426926,4.76,34.4552286678,0.494,3823
6.0,1.00265538692,0.000275806785794,546.663734294,0.0041426926,4.76,34.4552286678,0.494,3823
6.0,1.0030144453,0.000275844853604,546.725036285,0.0041426926,4.76,34.4552286678,0.494,3823
6.0,1.00253939629,0.000275792757748,546.786338174,0.0041426926,4.76,34.4552286678,0.494,3823
6.0,1.00242304802,0.000275733880699,546.847640061,0.0041426926,4.76,34.4552286678,0.494,3823
6.0,1.00250375271,0.00027580477763,546.908941945,0.0041426926,4.76,34.4552286678,0.494,3823
6.0,1.00298094749,0.000275844708085,546.970243827,0.0041426926,4.76,34.4552286678,0.494,3823
6.0,1.0027179718,0.000275816040812,547.031545706,0.0041426926,4.76,34.4552286678,0.494,3823
6.0,1.00322878361,0.000275825354038,547.133715599,0.0041426926,4.76,34.4552286678,0.494,3823
6.0,1.00251853466,0.000275801692624,547.195017471,0.0041426926,4.76,34.4552286678,0.494,3823
6.0,1.00205612183,0.000275779224467,547.256319341,0.0041426926,4.76,34.4552286678,0.494,3823
6.0,1.00196027756,0.00027570759994,547.317621208,0.0041426926,4.76,34.4552286678,0.494,3823
6.0,1.00193500519,0.0002757749171,547.378922973,0.0041426926,4.76,34.4552286678,0.494,3823
6.0,1.00261926651,0.000275771162705,547.440224835,0.0041426926,4.76,34.4552286678,0.494,3823
6.0,1.0026859045,0.00027579793823,547.501526895,0.0041426926,4.76,34.4552286678,0.494,3823
6.0,1.00214970112,0.000275731377769,547.562828753,0.0041426926,4.76,34.4552286678,0.494,3823
6.0,1.00142812729,0.000275677331956,547.624130607,0.0041426926,4.76,34.4552286678,0.494,3823
6.0,1.00227975845,0.000275751313893,547.685432459,0.0041426926,4.76,34.4552286678,0.494,3823
6.0,1.00213730335,0.000275738595519,547.746734309,0.0041426926,4.76,34.4552286678,0.494,3823
6.0,1.00242829323,0.000275768252322,547.808036156,0.0041426926,4.76,34.4552286678,0.494,3823
6.0,1.00214421749,0.000275753816823,547.869338001,0.0041426926,4.76,34.4552286678,0.494,3823
6.0,1.0027230978,0.000275788392173,547.930639843,0.0041426926,4.76,34.4552286678,0.494,3823
6.0,1.00253844261,0.000275795347989,547.991941683,0.0041426926,4.76,34.4552286678,0.494,3823
6.0,1.00191426277,0.000275749713182,548.05324352,0.0041426926,4.76,34.4552286678,0.494,3823
6.0,1.00161015987,0.000275704980595,548.114545354,0.0041426926,4.76,34.4552286678,0.494,3823
6.0,1.00213837624,0.000275745202089,548.175847186,0.0041426926,4.76,34.4552286678,0.494,3823
6.0,1.00160741806,0.000275696074823,548.237149015,0.0041426926,4.76,34.4552286678,0.494,3823
6.0,1.00152730942,0.000275675178273,548.298450842,0.0041426926,4.76,34.4552286678,0.494,3823
6.0,1.0025396347,0.000275726837572,548.359752667,0.0041426926,4.76,34.4552286678,0.494,3823
6.0,1.0023266077,0.000275822589174,548.421054488,0.0041426926,4.76,34.4552286678,0.494,3823
6.0,1.00200474262,0.000275744532701,548.482356508,0.0041426926,4.76,34.4552286678,0.494,3823
6.0,1.00179302692,0.000275730912108,548.543658325,0.0041426926,4.76,34.4552286678,0.494,3823
6.0,1.0016772747,0.000275679281913,548.604960139,0.0041426926,4.76,34.4552286678,0.494,3823
6.0,1.00178492069,0.000275660393527,548.66626185,0.0041426926,4.76,34.4552286678,0.494,3823
6.0,1.00129401684,0.000275653001154,548.727563659,0.0041426926,4.76,34.4552286678,0.494,3823
6.0,1.00220406055,0.000275646336377,548.788865566,0.0041426926,4.76,34.4552286678,0.494,3823
6.0,1.00158023834,0.000275659986073,548.85016737,0.0041426926,4.76,34.4552286678,0.494,3823
6.0,1.00151586533,0.000275694241282,548.911469172,0.0041426926,4.76,34.4552286678,0.494,3823
6.0,1.00142550468,0.000275647471426,548.97277097,0.0041426926,4.76,34.4552286678,0.494,3823
6.0,1.00165164471,0.000275684316875,549.034072767,0.0041426926,4.76,34.4552286678,0.494,3823
6.0,1.00186574459,0.000275690894341,549.095374561,0.0041426926,4.76,34.4552286678,0.494,3823
6.0,1.00104868412,0.000275634782156,549.156676352,0.0041426926,4.76,34.4552286678,0.494,3823
6.0,1.00124812126,0.00027566665085,549.217978141,0.0041426926,4.76,34.4552286678,0.494,3823
6.0,1.00074005127,0.000275625410723,549.279279927,0.0041426926,4.76,34.4552286678,0.494,3823
6.0,1.00099217892,0.000275582977338,549.34058171,0.0041426926,4.76,34.4552286678,0.494,3823
6.0,1.00043022633,0.000275569327641,549.401883592,0.0041426926,4.76,34.4552286678,0.494,3823
6.0,1.00094127655,0.000275655009318,549.46318537,0.0041426926,4.76,34.4552286678,0.494,3823
6.0,1.00108718872,0.000275694299489,549.524487146,0.0041426926,4.76,34.4552286678,0.494,3823
6.0,1.00063192844,0.000275667174719,549.585788919,0.0041426926,4.76,34.4552286678,0.494,3823
6.0,1.00074529648,0.000275652448181,549.64709069,0.0041426926,4.76,34.4552286678,0.494,3823
6.0,1.00065946579,0.000275665574009,549.708392559,0.0041426926,4.76,34.4552286678,0.494,3823
6.0,1.00042295456,0.000275680911727,549.769694324,0.0041426926,4.76,34.4552286678,0.494,3823
6.0,1.00095558167,0.000275668135146,549.830996087,0.0041426926,4.76,34.4552286678,0.494,3823
6.0,1.00089454651,0.000275678816251,549.892297848,0.0041426926,4.76,34.4552286678,0.494,3823
6.0,1.00073647499,0.000275610655081,549.953599606,0.0041426926,4.76,34.4552286678,0.494,3823
6.0,1.00045633316,0.000275607075309,550.014901362,0.0041426926,4.76,34.4552286678,0.494,3823
6.0,1.00027787685,0.000275559199508,550.096637032,0.0041426926,4.76,34.4552286678,0.494,3823
6.0,0.999256849289,0.000275603932096,550.157938781,0.0041426926,4.76,34.4552286678,0.494,3823
6.0,0.999732613564,0.000275547761703,550.219240628,0.0041426926,4.76,34.4552286678,0.494,3823
6.0,0.999790966511,0.00027564674383,550.280542373,0.0041426926,4.76,34.4552286678,0.494,3823
6.0,0.999947249889,0.00027556985151,550.341844114,0.0041426926,4.76,34.4552286678,0.494,3823
6.0,0.999405920506,0.000275546044577,550.403145854,0.0041426926,4.76,34.4552286678,0.494,3823
6.0,0.999549567699,0.000275596219581,550.46444759,0.0041426926,4.76,34.4552286678,0.494,3823
6.0,0.999647259712,0.000275649043033,550.525749324,0.0041426926,4.76,34.4552286678,0.494,3823
6.0,0.999507784843,0.00027561665047,550.587051056,0.0041426926,4.76,34.4552286678,0.494,3823
6.0,0.999763429165,0.000275592406979,550.648352785,0.0041426926,4.76,34.4552286678,0.494,3823
6.0,0.998524665833,0.000275513069937,550.709654511,0.0041426926,4.76,34.4552286678,0.494,3823
6.0,0.998954892159,0.000275529397186,550.770956235,0.0041426926,4.76,34.4552286678,0.494,3823
6.0,0.999219834805,0.000275566155324,550.832257956,0.0041426926,4.76,34.4552286678,0.494,3823
6.0,0.998563587666,0.000275544531178,550.893559675,0.0041426926,4.76,34.4552286678,0.494,3823
6.0,0.998737096786,0.000275582104223,550.954861391,0.0041426926,4.76,34.4552286678,0.494,3823
6.0,0.998972117901,0.000275583937764,551.016163204,0.0041426926,4.76,34.4552286678,0.494,3823
6.0,0.999771296978,0.000275603873888,551.077464915,0.0041426926,4.76,34.4552286678,0.494,3823
6.0,0.999217092991,0.00027559287264,551.138766624,0.0041426926,4.76,34.4552286678,0.494,3823
6.0,0.998457372189,0.000275555299595,551.200068329,0.0041426926,4.76,34.4552286678,0.494,3823
6.0,0.998749256134,0.000275563565083,551.261370132,0.0041426926,4.76,34.4552286678,0.494,3823
6.0,0.997883498669,0.000275507278275,551.322671833,0.0041426926,4.76,34.4552286678,0.494,3823
6.0,0.998911976814,0.000275533064269,551.383973531,0.0041426926,4.76,34.4552286678,0.494,3823
6.0,0.998709142208,0.000275494036032,551.445275126,0.0041426926,4.76,34.4552286678,0.494,3823
6.0,0.998631119728,0.000275630300166,551.506576819,0.0041426926,4.76,34.4552286678,0.494,3823
6.0,0.998389065266,0.000275569414953,551.56787851,0.0041426926,4.76,34.4552286678,0.494,3823
6.0,0.998013734818,0.000275533500826,551.629180297,0.0041426926,4.76,34.4552286678,0.494,3823
6.0,0.998099327087,0.00027547168429,551.690481982,0.0041426926,4.76,34.4552286678,0.494,3823
6.0,0.997650980949,0.000275479775155,551.751783665,0.0041426926,4.76,34.4552286678,0.494,3823
6.0,0.997606873512,0.00027553414111,551.813085345,0.0041426926,4.76,34.4552286678,0.494,3823
6.0,0.998021662235,0.000275509373751,551.874387022,0.0041426926,4.76,34.4552286678,0.494,3823
6.0,0.998505651951,0.000275584985502,551.935688697,0.0041426926,4.76,34.4552286678,0.494,3823
6.0,0.99780857563,0.000275544065516,551.996990469,0.0041426926,4.76,34.4552286678,0.494,3823
6.0,0.997723519802,0.000275558850262,552.058292138,0.0041426926,4.76,34.4552286678,0.494,3823
6.0,0.997782289982,0.000275517464615,552.119593805,0.0041426926,4.76,34.4552286678,0.494,3823
6.0,0.996959805489,0.000275435566436,552.18089547,0.0041426926,4.76,34.4552286678,0.494,3823
6.0,0.997102916241,0.0002755029127,552.242197131,0.0041426926,4.76,34.4552286678,0.494,3823
6.0,0.997387707233,0.000275519356364,552.30349879,0.0041426926,4.76,34.4552286678,0.494,3823
6.0,0.99712151289,0.000275492318906,552.364800447,0.0041426926,4.76,34.4552286678,0.494,3823
6.0,0.997277975082,0.000275504105957,552.426102101,0.0041426926,4.76,34.4552286678,0.494,3823
6.0,0.997078359127,0.000275549507933,552.487403752,0.0041426926,4.76,34.4552286678,0.494,3823
6.0,0.996937990189,0.000275507190963,552.548705401,0.0041426926,4.76,34.4552286678,0.494,3823
6.0,0.997424125671,0.00027557395515,552.610007147,0.0041426926,4.76,34.4552286678,0.494,3823
6.0,0.99729180336,0.000275478378171,552.671308791,0.0041426926,4.76,34.4552286678,0.494,3823
6.0,0.996718168259,0.000275535101537,552.732610432,0.0041426926,4.76,34.4552286678,0.494,3823
6.0,0.996799349785,0.000275479746051,552.79391207,0.0041426926,4.76,34.4552286678,0.494,3823
6.0,0.996876716614,0.000275545549812,552.855213606,0.0041426926,4.76,34.4552286678,0.494,3823
6.0,0.996636033058,0.000275544996839,552.916515239,0.0041426926,4.76,34.4552286678,0.494,3823
6.0,0.996819138527,0.000275465892628,552.977817069,0.0041426926,4.76,34.4552286678,0.494,3823
6.0,0.996687591076,0.000275547121419,553.059552473,0.0041426926,4.76,34.4552286678,0.494,3823
6.0,0.996898233891,0.000275554513792,553.120854197,0.0041426926,4.76,34.4552286678,0.494,3823
6.0,0.996249675751,0.000275503756711,553.182155819,0.0041426926,4.76,34.4552286678,0.494,3823
6.0,0.995876312256,0.000275486614555,553.243457438,0.0041426926,4.76,34.4552286678,0.494,3823
6.0,0.996050298214,0.000275504891761,553.304759055,0.0041426926,4.76,34.4552286678,0.494,3823
6.0,0.996415913105,0.000275475031231,553.366060668,0.0041426926,4.76,34.4552286678,0.494,3823
6.0,0.996216952801,0.000275476137176,553.42736228,0.0041426926,4.76,34.4552286678,0.494,3823
6.0,0.995902657509,0.000275403290289,553.488663889,0.0041426926,4.76,34.4552286678,0.494,3823
6.0,0.996742129326,0.00027550465893,553.549965495,0.0041426926,4.76,34.4552286678,0.494,3823
6.0,0.995342671871,0.000275466765743,553.611267098,0.0041426926,4.76,34.4552286678,0.494,3823
6.0,0.996365368366,0.000275472266367,553.672568799,0.0041426926,4.76,34.4552286678,0.494,3823
6.0,0.99622887373,0.000275479338598,553.733870398,0.0041426926,4.76,34.4552286678,0.494,3823
6.0,0.995524048805,0.000275470665656,553.795171993,0.0041426926,4.76,34.4552286678,0.494,3823
6.0,0.996662676334,0.000275577272987,553.856473586,0.0041426926,4.76,34.4552286678,0.494,3823
6.0,0.995182573795,0.000275439873803,553.917775177,0.0041426926,4.76,34.4552286678,0.494,3823
6.0,0.995797038078,0.000275524886092,553.979076765,0.0041426926,4.76,34.4552286678,0.494,3823
6.0,0.99586635828,0.000275521189906,554.04037835,0.0041426926,4.76,34.4552286678,0.494,3823
6.0,0.996424376965,0.000275566650089,554.101680032,0.0041426926,4.76,34.4552286678,0.494,3823
6.0,0.996028780937,0.000275556725683,554.162981512,0.0041426926,4.76,34.4552286678,0.494,3823
6.0,0.995687067509,0.000275540660368,554.22428309,0.0041426926,4.76,34.4552286678,0.494,3823
6.0,0.996338784695,0.000275535159744,554.285584664,0.0041426926,4.76,34.4552286678,0.494,3823
6.0,0.996184051037,0.000275474012597,554.346886236,0.0041426926,4.76,34.4552286678,0.494,3823
6.0,0.995580017567,0.00027548536309,554.408187806,0.0041426926,4.76,34.4552286678,0.494,3823
6.0,0.995903015137,0.00027551970561,554.469489473,0.0041426926,4.76,34.4552286678,0.494,3823
6.0,0.995904147625,0.000275497965049,554.530791037,0.0041426926,4.76,34.4552286678,0.494,3823
6.0,0.996047019958,0.000275508587947,554.592092598,0.0041426926,4.76,34.4552286678,0.494,3823
6.0,0.995723247528,0.000275540834991,554.653394257,0.0041426926,4.76,34.4552286678,0.494,3823
6.0,0.995080709457,0.000275488040643,554.714695814,0.0041426926,4.76,34.4552286678,0.494,3823
6.0,0.99551409483,0.000275504164165,554.775997367,0.0041426926,4.76,34.4552286678,0.494,3823
6.0,0.995535075665,0.000275530270301,554.837298918,0.0041426926,4.76,34.4552286678,0.494,3823
6.0,0.99562972784,0.00027555655106,554.898600467,0.0041426926,4.76,34.4552286678,0.494,3823
6.0,0.995282173157,0.000275529106148,554.959902013,0.0041426926,4.76,34.4552286678,0.494,3823
6.0,0.99544775486,0.000275539787253,555.021203556,0.0041426926,4.76,34.4552286678,0.494,3823
6.0,0.995294451714,0.000275541562587,555.082505096,0.0041426926,4.76,34.4552286678,0.494,3823
6.0,0.995042681694,0.000275500671705,555.143806634,0.0041426926,4.76,34.4552286678,0.494,3823
6.0,0.994835495949,0.000275495811366,555.205108169,0.0041426926,4.76,34.4552286678,0.494,3823
6.0,0.995393276215,0.000275514670648,555.266409702,0.0041426926,4.76,34.4552286678,0.494,3823
6.0,0.994892060757,0.000275402242551,555.327711232,0.0041426926,4.76,34.4552286678,0.494,3823
6.0,0.994687020779,0.000275383994449,555.389012759,0.0041426926,4.76,34.4552286678,0.494,3823
6.0,0.995293796062,0.000275397062069,555.450314384,0.0041426926,4.76,34.4552286678,0.494,3823
6.0,0.994799077511,0.000275394821074,555.511615806,0.0041426926,4.76,34.4552286678,0.494,3823
6.0,0.994922637939,0.000275385071291,555.572917325,0.0041426926,4.76,34.4552286678,0.494,3823
6.0,0.995421469212,0.000275412603514,555.634218842,0.0041426926,4.76,34.4552286678,0.494,3823
6.0,0.995123028755,0.000275403232081,555.695520556,0.0041426926,4.76,34.4552286678,0.494,3823
6.0,0.994692921638,0.000275381753454,555.756822068,0.0041426926,4.76,34.4552286678,0.494,3823
6.0,0.99512642622,0.000275445141597,555.818123577,0.0041426926,4.76,34.4552286678,0.494,3823
6.0,0.994834244251,0.000275417260127,555.879425083,0.0041426926,4.76,34.4552286678,0.494,3823
6.0,0.994731128216,0.000275409664027,555.940726586,0.0041426926,4.76,34.4552286678,0.494,3823
6.0,0.994917571545,0.000275405182038,556.002028087,0.0041426926,4.76,34.4552286678,0.494,3823
6.0,0.993537187576,0.000275327940471,556.083763418,0.0041426926,4.76,34.4552286678,0.494,3823
6.0,0.994134366512,0.000275336496998,556.145064913,0.0041426926,4.76,34.4552286678,0.494,3823
6.0,0.9948168993,0.000275413040072,556.206366405,0.0041426926,4.76,34.4552286678,0.494,3823
6.0,0.994390308857,0.000275371945463,556.267667894,0.0041426926,4.76,34.4552286678,0.494,3823
6.0,0.994006335735,0.000275346217677,556.328969281,0.0041426926,4.76,34.4552286678,0.494,3823
6.0,0.994649410248,0.000275374331977,556.390270965,0.0041426926,4.76,34.4552286678,0.494,3823
6.0,0.994613826275,0.000275373080513,556.451572446,0.0041426926,4.76,34.4552286678,0.494,3823
6.0,0.994324207306,0.000275380298262,556.512873925,0.0041426926,4.76,34.4552286678,0.494,3823
6.0,0.994101822376,0.00027534874971,556.574175402,0.0041426926,4.76,34.4552286678,0.494,3823
6.0,0.994456231594,0.00027536417474,556.635476875,0.0041426926,4.76,34.4552286678,0.494,3823
6.0,0.994756758213,0.000275353522738,556.696778346,0.0041426926,4.76,34.4552286678,0.494,3823
6.0,0.994695484638,0.000275402941043,556.758079814,0.0041426926,4.76,34.4552286678,0.494,3823
6.0,0.994269490242,0.00027536554262,556.81938128,0.0041426926,4.76,34.4552286678,0.494,3823
6.0,0.993965983391,0.000275351427263,556.880682743,0.0041426926,4.76,34.4552286678,0.494,3823
6.0,0.994344115257,0.000275346828857,556.941984203,0.0041426926,4.76,34.4552286678,0.494,3823
6.0,0.994780480862,0.000275391008472,557.00328566,0.0041426926,4.76,34.4552286678,0.494,3823
6.0,0.99474555254,0.000275400787359,557.064587115,0.0041426926,4.76,34.4552286678,0.494,3823
6.0,0.994353532791,0.000275380443782,557.125888568,0.0041426926,4.76,34.4552286678,0.494,3823
6.0,0.995024085045,0.000275412690826,557.187190017,0.0041426926,4.76,34.4552286678,0.494,3823
6.0,0.994774460793,0.000275387108559,557.248491464,0.0041426926,4.76,34.4552286678,0.494,3823
6.0,0.994622826576,0.00027538422728,557.309792909,0.0041426926,4.76,34.4552286678,0.494,3823
6.0,0.994718432426,0.000275399914244,557.37109445,0.0041426926,4.76,34.4552286678,0.494,3823
6.0,0.99441164732,0.000275372731267,557.432395989,0.0041426926,4.76,34.4552286678,0.494,3823
6.0,0.993972361088,0.000275383499684,557.493697426,0.0041426926,4.76,34.4552286678,0.494,3823
6.0,0.995207488537,0.000275428901659,557.554998859,0.0041426926,4.76,34.4552286678,0.494,3823
6.0,0.994768321514,0.000275386992143,557.61630029,0.0041426926,4.76,34.4552286678,0.494,3823
6.0,0.994347333908,0.00027539965231,557.677601718,0.0041426926,4.76,34.4552286678,0.494,3823
6.0,0.99443846941,0.000275389727904,557.738903144,0.0041426926,4.76,34.4552286678,0.494,3823
6.0,0.993978500366,0.000275356869679,557.800204567,0.0041426926,4.76,34.4552286678,0.494,3823
6.0,0.9948117733,0.000275387399597,557.861505988,0.0041426926,4.76,34.4552286678,0.494,3823
6.0,0.994895517826,0.00027538620634,557.922807405,0.0041426926,4.76,34.4552286678,0.494,3823
6.0,0.994611084461,0.000275397353107,557.98410882,0.0041426926,4.76,34.4552286678,0.494,3823
6.0,0.994418859482,0.000275391037576,558.045410233,0.0041426926,4.76,34.4552286678,0.494,3823
6.0,0.995276093483,0.000275424710708,558.106711642,0.0041426926,4.76,34.4552286678,0.494,3823
6.0,0.994848668575,0.000275400117971,558.168013049,0.0041426926,4.76,34.4552286678,0.494,3823
6.0,0.994389176369,0.000275369238807,558.229314454,0.0041426926,4.76,34.4552286678,0.494,3823
6.0,0.995004653931,0.000275446102023,558.290615855,0.0041426926,4.76,34.4552286678,0.494,3823
6.0,0.996167182922,0.000275510246865,558.351917254,0.0041426926,4.76,34.4552286678,0.494,3823
6.0,0.99503672123,0.000275405211141,558.41321865,0.0041426926,4.76,34.4552286678,0.494,3823
6.0,0.994944512844,0.000275414437056,558.474520144,0.0041426926,4.76,34.4552286678,0.494,3823
6.0,0.995554983616,0.000275469676126,558.535821635,0.0041426926,4.76,34.4552286678,0.494,3823
6.0,0.995215952396,0.00027547380887,558.597123023,0.0041426926,4.76,34.4552286678,0.494,3823
6.0,0.99488979578,0.000275452417554,558.658424409,0.0041426926,4.76,34.4552286678,0.494,3823
6.0,0.995371758938,0.000275480531855,558.719725792,0.0041426926,4.76,34.4552286678,0.494,3823
6.0,0.995355427265,0.000275446887827,558.781027172,0.0041426926,4.76,34.4552286678,0.494,3823
6.0,0.995888829231,0.000275527825579,558.84232855,0.0041426926,4.76,34.4552286678,0.494,3823
6.0,0.995018303394,0.000275410886388,558.903629924,0.0041426926,4.76,34.4552286678,0.494,3823
6.0,0.995531737804,0.000275477126706,558.964931297,0.0041426926,4.76,34.4552286678,0.494,3823
6.0,0.99527913332,0.000275495141977,559.046666455,0.0041426926,4.76,34.4552286678,0.494,3823
6.0,0.99536806345,0.00027548125945,559.107967721,0.0041426926,4.76,34.4552286678,0.494,3823
6.0,0.995275318623,0.000275472237263,559.169269085,0.0041426926,4.76,34.4552286678,0.494,3823
6.0,0.995292663574,0.000275448604953,559.230570645,0.0041426926,4.76,34.4552286678,0.494,3823
6.0,0.995352685452,0.000275485304883,559.291872003,0.0041426926,4.76,34.4552286678,0.494,3823
6.0,0.995346724987,0.000275466765743,559.353173359,0.0041426926,4.76,34.4552286678,0.494,3823
6.0,0.995727300644,0.000275620404864,559.414474711,0.0041426926,4.76,34.4552286678,0.494,3823
6.0,0.995812654495,0.000275497033726,559.475776061,0.0041426926,4.76,34.4552286678,0.494,3823
6.0,0.995119571686,0.000275470840279,559.537077408,0.0041426926,4.76,34.4552286678,0.494,3823
6.0,0.99570530653,0.000275489990599,559.598378752,0.0041426926,4.76,34.4552286678,0.494,3823
6.0,0.995318770409,0.000275477563264,559.659680094,0.0041426926,4.76,34.4552286678,0.494,3823
6.0,0.995288431644,0.000275470229099,559.720981434,0.0041426926,4.76,34.4552286678,0.494,3823
6.0,0.995414733887,0.000275468773907,559.78228277,0.0041426926,4.76,34.4552286678,0.494,3823
6.0,0.995706260204,0.000275487836916,559.843584104,0.0041426926,4.76,34.4552286678,0.494,3823
6.0,0.995928049088,0.000275507278275,559.904885435,0.0041426926,4.76,34.4552286678,0.494,3823
6.0,0.995736420155,0.00027551499079,559.966186763,0.0041426926,4.76,34.4552286678,0.494,3823
6.0,0.995703876019,0.000275501399301,560.027488089,0.0041426926,4.76,34.4552286678,0.494,3823
6.0,0.995516777039,0.000275478843832,560.088789412,0.0041426926,4.76,34.4552286678,0.494,3823
6.0,0.996161282063,0.000275528233033,560.150090732,0.0041426926,4.76,34.4552286678,0.494,3823
6.0,0.996048986912,0.000275536789559,560.21139215,0.0041426926,4.76,34.4552286678,0.494,3823
6.0,0.996188282967,0.000275551108643,560.272693465,0.0041426926,4.76,34.4552286678,0.494,3823
6.0,0.996119141579,0.000275527650956,560.333994877,0.0041426926,4.76,34.4552286678,0.494,3823
6.0,0.996137738228,0.000275532976957,560.395296087,0.0041426926,4.76,34.4552286678,0.494,3823
6.0,0.995868802071,0.000275517784758,560.456597493,0.0041426926,4.76,34.4552286678,0.494,3823
6.0,0.996375501156,0.000275565689662,560.517898797,0.0041426926,4.76,34.4552286678,0.494,3823
6.0,0.996778666973,0.000275601050816,560.579200099,0.0041426926,4.76,34.4552286678,0.494,3823
6.0,0.996613740921,0.000275545316981,560.640501398,0.0041426926,4.76,34.4552286678,0.494,3823
6.0,0.996215164661,0.000275547470665,560.701802694,0.0041426926,4.76,34.4552286678,0.494,3823
6.0,0.996700584888,0.000275595928542,560.763103987,0.0041426926,4.76,34.4552286678,0.494,3823
6.0,0.996857583523,0.000275615951978,560.824405278,0.0041426926,4.76,34.4552286678,0.494,3823
6.0,0.996625781059,0.000275569764199,560.885706566,0.0041426926,4.76,34.4552286678,0.494,3823
6.0,0.996427774429,0.000275592523394,560.947007851,0.0041426926,4.76,34.4552286678,0.494,3823
6.0,0.996347129345,0.00027563344338,561.008309134,0.0041426926,4.76,34.4552286678,0.494,3823
6.0,0.996878802776,0.00027566467179,561.069610414,0.0041426926,4.76,34.4552286678,0.494,3823
6.0,0.996565759182,0.000275624624919,561.130911691,0.0041426926,4.76,34.4552286678,0.494,3823
6.0,0.99677670002,0.00027560419403,561.192212965,0.0041426926,4.76,34.4552286678,0.494,3823
6.0,0.996933817863,0.00027561042225,561.253514237,0.0041426926,4.76,34.4552286678,0.494,3823
6.0,0.996938169003,0.000275573198451,561.314815506,0.0041426926,4.76,34.4552286678,0.494,3823
6.0,0.997468054295,0.000275571888778,561.376116773,0.0041426926,4.76,34.4552286678,0.494,3823
6.0,0.997180700302,0.000275571743259,561.437418236,0.0041426926,4.76,34.4552286678,0.494,3823
6.0,0.996742725372,0.000275588477962,561.498719497,0.0041426926,4.76,34.4552286678,0.494,3823
6.0,0.997018396854,0.000275585596683,561.560020756,0.0041426926,4.76,34.4552286678,0.494,3823
6.0,0.99696546793,0.000275580066955,561.621322011,0.0041426926,4.76,34.4552286678,0.494,3823
6.0,0.997228860855,0.000275641417829,561.682623264,0.0041426926,4.76,34.4552286678,0.494,3823
6.0,0.996969103813,0.000275616184808,561.743924514,0.0041426926,4.76,34.4552286678,0.494,3823
6.0,0.997244298458,0.000275647616945,561.805225762,0.0041426926,4.76,34.4552286678,0.494,3823
6.0,0.99736303091,0.00027565358323,561.866527006,0.0041426926,4.76,34.4552286678,0.494,3823
6.0,0.997644126415,0.000275659112958,561.927828249,0.0041426926,4.76,34.4552286678,0.494,3823
6.0,0.997516393661,0.000275659142062,562.009563134,0.0041426926,4.76,34.4552286678,0.494,3823
6.0,0.997945249081,0.000275663333014,562.07086437,0.0041426926,4.76,34.4552286678,0.494,3823
6.0,0.997691631317,0.00027566216886,562.132165802,0.0041426926,4.76,34.4552286678,0.494,3823
6.0,0.997664988041,0.00027562933974,562.193467033,0.0041426926,4.76,34.4552286678,0.494,3823
6.0,0.997570991516,0.00027563990443,562.25476826,0.0041426926,4.76,34.4552286678,0.494,3823
6.0,0.998237788677,0.000275664584478,562.316069485,0.0041426926,4.76,34.4552286678,0.494,3823
6.0,0.998218953609,0.000275620957837,562.377370708,0.0041426926,4.76,34.4552286678,0.494,3823
6.0,0.997626125813,0.00027562622563,562.438671927,0.0041426926,4.76,34.4552286678,0.494,3823
6.0,0.998291134834,0.000275714381132,562.499973144,0.0041426926,4.76,34.4552286678,0.494,3823
6.0,0.998610973358,0.000275719561614,562.561274358,0.0041426926,4.76,34.4552286678,0.494,3823
6.0,0.997929692268,0.000275638973108,562.622575569,0.0041426926,4.76,34.4552286678,0.494,3823
6.0,0.998091936111,0.000275648577372,562.683876778,0.0041426926,4.76,34.4552286678,0.494,3823
6.0,0.998653650284,0.000275734462775,562.745177984,0.0041426926,4.76,34.4552286678,0.494,3823
6.0,0.998510479927,0.000275706988759,562.806479187,0.0041426926,4.76,34.4552286678,0.494,3823
6.0,0.998900413513,0.00027571755345,562.867780387,0.0041426926,4.76,34.4552286678,0.494,3823
6.0,0.998782932758,0.000275742379017,562.929081585,0.0041426926,4.76,34.4552286678,0.494,3823
6.0,0.99842530489,0.000275658880128,562.99038278,0.0041426926,4.76,34.4552286678,0.494,3823
6.0,0.999081015587,0.000275689701084,563.051683973,0.0041426926,4.76,34.4552286678,0.494,3823
6.0,0.999242305756,0.000275760598015,563.112985262,0.0041426926,4.76,34.4552286678,0.494,3823
6.0,0.998859763145,0.000275660771877,563.174286349,0.0041426926,4.76,34.4552286678,0.494,3823
6.0,0.998931467533,0.000275660044281,563.235587633,0.0041426926,4.76,34.4552286678,0.494,3823
6.0,0.998888552189,0.000275698810583,563.296888915,0.0041426926,4.76,34.4552286678,0.494,3823
6.0,0.999372839928,0.000275781698292,563.358190094,0.0041426926,4.76,34.4552286678,0.494,3823
6.0,1.00030457973,0.000275841564871,563.41949127,0.0041426926,4.76,34.4552286678,0.494,3823
6.0,0.999591767788,0.000275727827102,563.480792443,0.0041426926,4.76,34.4552286678,0.494,3823
6.0,0.999659955502,0.000275788450381,563.542093614,0.0041426926,4.76,34.4552286678,0.494,3823
6.0,1.00019514561,0.000275804806734,563.603394782,0.0041426926,4.76,34.4552286678,0.494,3823
6.0,0.999562382698,0.000275740138022,563.664695947,0.0041426926,4.76,34.4552286678,0.494,3823
6.0,1.00010609627,0.000275826256257,563.725997109,0.0041426926,4.76,34.4552286678,0.494,3823
6.0,1.00045597553,0.000275808153674,563.787298269,0.0041426926,4.76,34.4552286678,0.494,3823
6.0,1.00039327145,0.000275798694929,563.848599426,0.0041426926,4.76,34.4552286678,0.494,3823
6.0,1.00070166588,0.00027583737392,563.909900581,0.0041426926,4.76,34.4552286678,0.494,3823
6.0,1.00092077255,0.000275808037259,563.971201732,0.0041426926,4.76,34.4552286678,0.494,3823
6.0,1.00083851814,0.00027581359609,564.032502881,0.0041426926,4.76,34.4552286678,0.494,3823
6.0,1.00048780441,0.000275856727967,564.093804027,0.0041426926,4.76,34.4552286678,0.494,3823
6.0,1.00089275837,0.000275889935438,564.155105171,0.0041426926,4.76,34.4552286678,0.494,3823
6.0,1.00111508369,0.000276013917755,564.216406311,0.0041426926,4.76,34.4552286678,0.494,3823
6.0,1.00051307678,0.000275935715763,564.277707449,0.0041426926,4.76,34.4552286678,0.494,3823
6.0,1.00072956085,0.000275994156254,564.339008784,0.0041426926,4.76,34.4552286678,0.494,3823
6.0,1.00196146965,0.000276314618532,564.400309917,0.0041426926,4.76,34.4552286678,0.494,3823
6.0,1.00079739094,0.000275999773294,564.461611047,0.0041426926,4.76,34.4552286678,0.494,3823
6.0,1.0010008812,0.00027595445863,564.522912174,0.0041426926,4.76,34.4552286678,0.494,3823
6.0,1.00150549412,0.000275995902484,564.584213198,0.0041426926,4.76,34.4552286678,0.494,3823
6.0,1.00148928165,0.000276005477645,564.64551432,0.0041426926,4.76,34.4552286678,0.494,3823
6.0,1.00127410889,0.000276023609331,564.706815539,0.0041426926,4.76,34.4552286678,0.494,3823
6.0,1.00162982941,0.000275997503195,564.768116655,0.0041426926,4.76,34.4552286678,0.494,3823
6.0,1.00197160244,0.000276074948488,564.829417768,0.0041426926,4.76,34.4552286678,0.494,3823
6.0,1.00181496143,0.000276022241451,564.890718879,0.0041426926,4.76,34.4552286678,0.494,3823
6.0,1.00138962269,0.000275952479569,564.952019987,0.0041426926,4.76,34.4552286678,0.494,3823
6.0,1.00193440914,0.000276089645922,565.033754793,0.0041426926,4.76,34.4552286678,0.494,3823
6.0,1.00164532661,0.00027606022195,565.095055995,0.0041426926,4.76,34.4552286678,0.494,3823
6.0,1.00192451477,0.000276052713161,565.156357094,0.0041426926,4.76,34.4552286678,0.494,3823
6.0,1.00178432465,0.000276072940324,565.21765819,0.0041426926,4.76,34.4552286678,0.494,3823
6.0,1.00154495239,0.000276040082099,565.278959283,0.0041426926,4.76,34.4552286678,0.494,3823
6.0,1.00285625458,0.000276146893157,565.340260374,0.0041426926,4.76,34.4552286678,0.494,3823
6.0,1.00219535828,0.000276064209174,565.401561462,0.0041426926,4.76,34.4552286678,0.494,3823
6.0,1.00183916092,0.000276046630461,565.462862547,0.0041426926,4.76,34.4552286678,0.494,3823
6.0,1.00234234333,0.000276059960015,565.52416363,0.0041426926,4.76,34.4552286678,0.494,3823
6.0,1.00247812271,0.000276137230685,565.585464709,0.0041426926,4.76,34.4552286678,0.494,3823
6.0,1.00187408924,0.000276014267001,565.646765787,0.0041426926,4.76,34.4552286678,0.494,3823
6.0,1.00237703323,0.000276066100923,565.708066861,0.0041426926,4.76,34.4552286678,0.494,3823
6.0,1.00272703171,0.000276140810456,565.769367932,0.0041426926,4.76,34.4552286678,0.494,3823
6.0,1.00237190723,0.00027612701524,565.830669001,0.0041426926,4.76,34.4552286678,0.494,3823
6.0,1.00318920612,0.00027620542096,565.891970067,0.0041426926,4.76,34.4552286678,0.494,3823
6.0,1.00274527073,0.000276171980659,565.953271131,0.0041426926,4.76,34.4552286678,0.494,3823
6.0,1.00279033184,0.000276142265648,566.014572191,0.0041426926,4.76,34.4552286678,0.494,3823
6.0,1.00244188309,0.000276155595202,566.075873249,0.0041426926,4.76,34.4552286678,0.494,3823
6.0,1.00306391716,0.000276181497611,566.137174304,0.0041426926,4.76,34.4552286678,0.494,3823
6.0,1.00251531601,0.000276152393781,566.198475557,0.0041426926,4.76,34.4552286678,0.494,3823
6.0,1.00313854218,0.000276158680208,566.259776606,0.0041426926,4.76,34.4552286678,0.494,3823
6.0,1.00305449963,0.000276191945886,566.321077653,0.0041426926,4.76,34.4552286678,0.494,3823
6.0,1.00390625,0.00027622419293,566.382378698,0.0041426926,4.76,34.4552286678,0.494,3823
6.0,1.00314199924,0.000276190898148,566.443679739,0.0041426926,4.76,34.4552286678,0.494,3823
6.0,1.00315451622,0.000276160775684,566.525414457,0.0041426926,4.76,34.4552286678,0.494,3823
6.0,1.00870835781,0.000275091966614,567.444929795,0.0041426926,4.76,34.4552286678,0.494,3823
6.0,1.00815296173,0.000275492086075,567.506230789,0.0041426926,4.76,34.4552286678,0.494,3823
6.0,1.00746619701,0.000275500467978,567.56753178,0.0041426926,4.76,34.4552286678,0.494,3823
6.0,1.00725722313,0.000275579281151,567.628832769,0.0041426926,4.76,34.4552286678,0.494,3823
6.0,1.00716674328,0.000275589991361,567.690133755,0.0041426926,4.76,34.4552286678,0.494,3823
6.0,1.00717997551,0.000275747093838,567.751434738,0.0041426926,4.76,34.4552286678,0.494,3823
6.0,1.00714874268,0.000275854254141,567.812735718,0.0041426926,4.76,34.4552286678,0.494,3823
6.0,1.0062931776,0.000275977130514,567.874036795,0.0041426926,4.76,34.4552286678,0.494,3823
6.0,1.00604975224,0.000275938451523,567.93533777,0.0041426926,4.76,34.4552286678,0.494,3823
6.0,1.00625908375,0.000275941361906,567.996638842,0.0041426926,4.76,34.4552286678,0.494,3823
6.0,1.00641620159,0.000276089209365,568.057939812,0.0041426926,4.76,34.4552286678,0.494,3823
6.0,1.00577378273,0.000276172533631,568.119240778,0.0041426926,4.76,34.4552286678,0.494,3823
6.0,1.00562918186,0.00027613461134,568.180541742,0.0041426926,4.76,34.4552286678,0.494,3823
6.0,1.00586056709,0.000276256731013,568.241842703,0.0041426926,4.76,34.4552286678,0.494,3823
6.0,1.00504934788,0.000276172126178,568.303143661,0.0041426926,4.76,34.4552286678,0.494,3823
6.0,1.0050548315,0.000276204635156,568.364444617,0.0041426926,4.76,34.4552286678,0.494,3823
6.0,1.00535964966,0.000276161445072,568.42574557,0.0041426926,4.76,34.4552286678,0.494,3823
6.0,1.00491845608,0.00027621400659,568.48704652,0.0041426926,4.76,34.4552286678,0.494,3823
6.0,1.00523900986,0.000276254548226,568.548347467,0.0041426926,4.76,34.4552286678,0.494,3823
6.0,1.00451421738,0.00027629811666,568.609648411,0.0041426926,4.76,34.4552286678,0.494,3823
6.0,1.00492525101,0.000276391685475,568.670949353,0.0041426926,4.76,34.4552286678,0.494,3823
6.0,1.00505745411,0.000276245700661,568.732250292,0.0041426926,4.76,34.4552286678,0.494,3823
6.0,1.00450217724,0.000276205362752,568.793551229,0.0041426926,4.76,34.4552286678,0.494,3823
6.0,1.00481963158,0.000276250764728,568.854852162,0.0041426926,4.76,34.4552286678,0.494,3823
6.0,1.00494766235,0.000276231352473,568.916153093,0.0041426926,4.76,34.4552286678,0.494,3823
6.0,1.00458335876,0.000276223872788,568.977454021,0.0041426926,4.76,34.4552286678,0.494,3823
6.0,1.00446510315,0.000276348990155,569.038755146,0.0041426926,4.76,34.4552286678,0.494,3823
6.0,1.00465035439,0.00027629948454,569.100056069,0.0041426926,4.76,34.4552286678,0.494,3823
6.0,1.00483107567,0.000276311940979,569.161356989,0.0041426926,4.76,34.4552286678,0.494,3823
6.0,1.00415027142,0.000276305974694,569.222657906,0.0041426926,4.76,34.4552286678,0.494,3823
6.0,1.00458681583,0.000276300212136,569.28395882,0.0041426926,4.76,34.4552286678,0.494,3823
6.0,1.00422608852,0.000276328501059,569.345259732,0.0041426926,4.76,34.4552286678,0.494,3823
6.0,1.00440704823,0.000276391365333,569.406560641,0.0041426926,4.76,34.4552286678,0.494,3823
6.0,1.00443816185,0.000276338076219,569.488295081,0.0041426926,4.76,34.4552286678,0.494,3823
6.0,1.00438070297,0.000276354548987,569.549595984,0.0041426926,4.76,34.4552286678,0.494,3823
6.0,1.0046517849,0.00027627372765,569.610896883,0.0041426926,4.76,34.4552286678,0.494,3823
6.0,1.00463020802,0.000276409467915,569.67219778,0.0041426926,4.76,34.4552286678,0.494,3823
6.0,1.00445187092,0.000276350852801,569.733498874,0.0041426926,4.76,34.4552286678,0.494,3823
6.0,1.00376844406,0.000276304141153,569.794799766,0.0041426926,4.76,34.4552286678,0.494,3823
6.0,1.00406754017,0.000276320497505,569.856100654,0.0041426926,4.76,34.4552286678,0.494,3823
6.0,1.00362229347,0.00027632524143,569.91740154,0.0041426926,4.76,34.4552286678,0.494,3823
6.0,1.00357723236,0.000276294973446,569.978702423,0.0041426926,4.76,34.4552286678,0.494,3823
6.0,1.00354921818,0.00027636406594,570.040003304,0.0041426926,4.76,34.4552286678,0.494,3823
6.0,1.00363004208,0.000276347796898,570.101304181,0.0041426926,4.76,34.4552286678,0.494,3823
6.0,1.00368487835,0.00027640312328,570.162605056,0.0041426926,4.76,34.4552286678,0.494,3823
6.0,1.00341272354,0.000276353704976,570.223905928,0.0041426926,4.76,34.4552286678,0.494,3823
6.0,1.00368773937,0.000276368693449,570.285206798,0.0041426926,4.76,34.4552286678,0.494,3823
6.0,1.00241363049,0.000276315811789,570.346507664,0.0041426926,4.76,34.4552286678,0.494,3823
6.0,1.00355303288,0.000276350707281,570.407808528,0.0041426926,4.76,34.4552286678,0.494,3823
6.0,1.00353074074,0.000276379170828,570.469109389,0.0041426926,4.76,34.4552286678,0.494,3823
6.0,1.0029271841,0.000276323058642,570.530410247,0.0041426926,4.76,34.4552286678,0.494,3823
6.0,1.00293135643,0.000276304257568,570.591711103,0.0041426926,4.76,34.4552286678,0.494,3823
6.0,1.00386083126,0.000276400329312,570.653011956,0.0041426926,4.76,34.4552286678,0.494,3823
6.0,1.00306594372,0.000276334001683,570.714312906,0.0041426926,4.76,34.4552286678,0.494,3823
6.0,1.00310671329,0.000276342558209,570.775613753,0.0041426926,4.76,34.4552286678,0.494,3823
6.0,1.00253105164,0.000276294507785,570.836914598,0.0041426926,4.76,34.4552286678,0.494,3823
6.0,1.00290596485,0.000276341976132,570.89821544,0.0041426926,4.76,34.4552286678,0.494,3823
6.0,1.0024869442,0.000276287260931,570.959516379,0.0041426926,4.76,34.4552286678,0.494,3823
6.0,1.00294041634,0.000276294857031,571.020817215,0.0041426926,4.76,34.4552286678,0.494,3823
6.0,1.00272059441,0.000276261998806,571.082118049,0.0041426926,4.76,34.4552286678,0.494,3823
6.0,1.0028167963,0.000276280276012,571.143418879,0.0041426926,4.76,34.4552286678,0.494,3823
6.0,1.00286960602,0.000276251113974,571.204719707,0.0041426926,4.76,34.4552286678,0.494,3823
6.0,1.00264394283,0.000276311155176,571.266020533,0.0041426926,4.76,34.4552286678,0.494,3823
6.0,1.00230264664,0.00027632099227,571.327321355,0.0041426926,4.76,34.4552286678,0.494,3823
6.0,1.00244760513,0.000276329083135,571.388622175,0.0041426926,4.76,34.4552286678,0.494,3823
6.0,1.00247454643,0.000276303821011,571.449922992,0.0041426926,4.76,34.4552286678,0.494,3823
6.0,1.00253748894,0.000276179052889,571.511223806,0.0041426926,4.76,34.4552286678,0.494,3823
6.0,1.00309097767,0.000276272214251,571.572524618,0.0041426926,4.76,34.4552286678,0.494,3823
6.0,1.00268888474,0.000276239443338,571.633825426,0.0041426926,4.76,34.4552286678,0.494,3823
6.0,1.00220751762,0.000276190752629,571.695126232,0.0041426926,4.76,34.4552286678,0.494,3823
6.0,1.00205934048,0.000276169070276,571.756427036,0.0041426926,4.76,34.4552286678,0.494,3823
6.0,1.00246167183,0.000276221602689,571.817727836,0.0041426926,4.76,34.4552286678,0.494,3823
6.0,1.00214660168,0.000276193663012,571.879028734,0.0041426926,4.76,34.4552286678,0.494,3823
6.0,1.0019030571,0.000276142876828,571.940329629,0.0041426926,4.76,34.4552286678,0.494,3823
6.0,1.001770854,0.000276177190244,572.001630421,0.0041426926,4.76,34.4552286678,0.494,3823
6.0,1.00256097317,0.000276234466583,572.06293121,0.0041426926,4.76,34.4552286678,0.494,3823
6.0,1.00183153152,0.000276154227322,572.124231897,0.0041426926,4.76,34.4552286678,0.494,3823
6.0,1.00148463249,0.000276161474176,572.185532681,0.0041426926,4.76,34.4552286678,0.494,3823
6.0,1.0014051199,0.000276124221273,572.246833462,0.0041426926,4.76,34.4552286678,0.494,3823
6.0,1.00157284737,0.000276179111097,572.30813434,0.0041426926,4.76,34.4552286678,0.494,3823
6.0,1.00171172619,0.000276185572147,572.369435116,0.0041426926,4.76,34.4552286678,0.494,3823
6.0,1.00185072422,0.000276194419712,572.430735889,0.0041426926,4.76,34.4552286678,0.494,3823
6.0,1.00164079666,0.000276181846857,572.512470148,0.0041426926,4.76,34.4552286678,0.494,3823
6.0,1.00175178051,0.000276166188996,572.573771115,0.0041426926,4.76,34.4552286678,0.494,3823
6.0,1.00146126747,0.000276174483588,572.635071879,0.0041426926,4.76,34.4552286678,0.494,3823
6.0,1.00146257877,0.000276176113402,572.696372639,0.0041426926,4.76,34.4552286678,0.494,3823
6.0,1.00094282627,0.00027610064717,572.757673397,0.0041426926,4.76,34.4552286678,0.494,3823
6.0,1.00091159344,0.000276081467746,572.818974153,0.0041426926,4.76,34.4552286678,0.494,3823
6.0,1.00124680996,0.000276113802101,572.880274906,0.0041426926,4.76,34.4552286678,0.494,3823
6.0,1.00098860264,0.000276095117442,572.941575655,0.0041426926,4.76,34.4552286678,0.494,3823
6.0,1.00109601021,0.000276075385045,573.002876403,0.0041426926,4.76,34.4552286678,0.494,3823
6.0,1.00055932999,0.000276045902865,573.064177147,0.0041426926,4.76,34.4552286678,0.494,3823
6.0,1.00105273724,0.000276063365163,573.125477889,0.0041426926,4.76,34.4552286678,0.494,3823
6.0,1.00065875053,0.00027603295166,573.186778627,0.0041426926,4.76,34.4552286678,0.494,3823
6.0,1.00086283684,0.000276059901807,573.248079363,0.0041426926,4.76,34.4552286678,0.494,3823
6.0,1.00126314163,0.000276108825346,573.309380097,0.0041426926,4.76,34.4552286678,0.494,3823
6.0,1.00065255165,0.000276131468127,573.370680827,0.0041426926,4.76,34.4552286678,0.494,3823
6.0,1.00089251995,0.00027609692188,573.431981555,0.0041426926,4.76,34.4552286678,0.494,3823
6.0,1.00046229362,0.000276094506262,573.49328228,0.0041426926,4.76,34.4552286678,0.494,3823
6.0,1.00084662437,0.000276102306088,573.554583002,0.0041426926,4.76,34.4552286678,0.494,3823
6.0,1.00149798393,0.000276195234619,573.615883822,0.0041426926,4.76,34.4552286678,0.494,3823
6.0,1.00053608418,0.000276101316558,573.677184538,0.0041426926,4.76,34.4552286678,0.494,3823
6.0,1.0007160902,0.000276140868664,573.738485253,0.0041426926,4.76,34.4552286678,0.494,3823
6.0,1.00096523762,0.000276172911981,573.799786064,0.0041426926,4.76,34.4552286678,0.494,3823
6.0,1.00037300587,0.000276134494925,573.861086772,0.0041426926,4.76,34.4552286678,0.494,3823
6.0,1.00065040588,0.00027613574639,573.922387478,0.0041426926,4.76,34.4552286678,0.494,3823
6.0,1.00117707253,0.000276215199847,573.983688181,0.0041426926,4.76,34.4552286678,0.494,3823
6.0,1.00129723549,0.00027617867454,574.044988881,0.0041426926,4.76,34.4552286678,0.494,3823
6.0,1.00055646896,0.000276126113022,574.106289578,0.0041426926,4.76,34.4552286678,0.494,3823
6.0,1.00114452839,0.000276149250567,574.167590273,0.0041426926,4.76,34.4552286678,0.494,3823
6.0,1.00148332119,0.000276147009572,574.228890965,0.0041426926,4.76,34.4552286678,0.494,3823
6.0,1.00100016594,0.000276150327409,574.290191654,0.0041426926,4.76,34.4552286678,0.494,3823
6.0,1.00096106529,0.000276147766272,574.35149234,0.0041426926,4.76,34.4552286678,0.494,3823
6.0,1.00045537949,0.000276147417026,574.412793024,0.0041426926,4.76,34.4552286678,0.494,3823
6.0,1.00104141235,0.000276182341622,574.474093705,0.0041426926,4.76,34.4552286678,0.494,3823
6.0,0.999750137329,0.000276116421446,574.535394383,0.0041426926,4.76,34.4552286678,0.494,3823
6.0,1.00067305565,0.000276121834759,574.596695058,0.0041426926,4.76,34.4552286678,0.494,3823
6.0,1.00034964085,0.000276116741588,574.657995831,0.0041426926,4.76,34.4552286678,0.494,3823
6.0,1.0003772974,0.00027606729418,574.719296501,0.0041426926,4.76,34.4552286678,0.494,3823
6.0,1.00052130222,0.000276129168924,574.780597168,0.0041426926,4.76,34.4552286678,0.494,3823
6.0,1.00025820732,0.000276016391581,574.841897932,0.0041426926,4.76,34.4552286678,0.494,3823
6.0,1.00109136105,0.000276147329714,574.903198494,0.0041426926,4.76,34.4552286678,0.494,3823
6.0,1.00084090233,0.000276136095636,574.964499152,0.0041426926,4.76,34.4552286678,0.494,3823
6.0,1.00124979019,0.000276160892099,575.025799809,0.0041426926,4.76,34.4552286678,0.494,3823
6.0,1.00080513954,0.000276122853393,575.087100462,0.0041426926,4.76,34.4552286678,0.494,3823
6.0,1.00070118904,0.000276159669738,575.148401112,0.0041426926,4.76,34.4552286678,0.494,3823
6.0,1.00037562847,0.000276074657449,575.20970186,0.0041426926,4.76,34.4552286678,0.494,3823
6.0,1.00007081032,0.000276084028883,575.271002505,0.0041426926,4.76,34.4552286678,0.494,3823
6.0,1.00036907196,0.000276146427495,575.332303147,0.0041426926,4.76,34.4552286678,0.494,3823
6.0,1.00043952465,0.000276089005638,575.393603787,0.0041426926,4.76,34.4552286678,0.494,3823
6.0,1.00134682655,0.000276214181213,575.475338068,0.0041426926,4.76,34.4552286678,0.494,3823
6.0,1.00072467327,0.000276157836197,575.536638701,0.0041426926,4.76,34.4552286678,0.494,3823
6.0,1.00084638596,0.000276144855889,575.597939231,0.0041426926,4.76,34.4552286678,0.494,3823
6.0,1.00054490566,0.000276166567346,575.659239859,0.0041426926,4.76,34.4552286678,0.494,3823
6.0,1.00052630901,0.000276150123682,575.720540584,0.0041426926,4.76,34.4552286678,0.494,3823
6.0,1.00125145912,0.000276236707577,575.781841205,0.0041426926,4.76,34.4552286678,0.494,3823
6.0,1.00019955635,0.000276174338069,575.843141825,0.0041426926,4.76,34.4552286678,0.494,3823
6.0,1.00085520744,0.000276181061054,575.904442441,0.0041426926,4.76,34.4552286678,0.494,3823
6.0,1.00097632408,0.000276185717667,575.965743055,0.0041426926,4.76,34.4552286678,0.494,3823
6.0,1.00051677227,0.000276202539681,576.027043666,0.0041426926,4.76,34.4552286678,0.494,3823
6.0,1.00094473362,0.000276167469565,576.088344274,0.0041426926,4.76,34.4552286678,0.494,3823
6.0,1.00102841854,0.000276188540738,576.149644879,0.0041426926,4.76,34.4552286678,0.494,3823
6.0,1.00046288967,0.000276158622,576.210945482,0.0041426926,4.76,34.4552286678,0.494,3823
6.0,1.00021731853,0.000276138598565,576.272246082,0.0041426926,4.76,34.4552286678,0.494,3823
6.0,1.000628829,0.000276182283415,576.333546679,0.0041426926,4.76,34.4552286678,0.494,3823
6.0,1.0005351305,0.000276168779237,576.394847273,0.0041426926,4.76,34.4552286678,0.494,3823
6.0,1.00084757805,0.000276215287158,576.456147965,0.0041426926,4.76,34.4552286678,0.494,3823
6.0,1.00074338913,0.000276183651295,576.517448553,0.0041426926,4.76,34.4552286678,0.494,3823
6.0,1.00038397312,0.000276189646684,576.578749139,0.0041426926,4.76,34.4552286678,0.494,3823
6.0,1.00102627277,0.000276251288597,576.640049723,0.0041426926,4.76,34.4552286678,0.494,3823
6.0,1.00046539307,0.000276159291388,576.701350403,0.0041426926,4.76,34.4552286678,0.494,3823
6.0,1.00066936016,0.000276204402326,576.762650981,0.0041426926,4.76,34.4552286678,0.494,3823
6.0,1.00109016895,0.000276237202343,576.823951556,0.0041426926,4.76,34.4552286678,0.494,3823
6.0,1.00068187714,0.000276174920145,576.885252128,0.0041426926,4.76,34.4552286678,0.494,3823
6.0,1.0010381937,0.000276211561868,576.946552698,0.0041426926,4.76,34.4552286678,0.494,3823
6.0,1.00064206123,0.000276231236057,577.007853265,0.0041426926,4.76,34.4552286678,0.494,3823
6.0,1.00110781193,0.000276254315395,577.069153828,0.0041426926,4.76,34.4552286678,0.494,3823
6.0,1.00048410892,0.000276213890174,577.13045439,0.0041426926,4.76,34.4552286678,0.494,3823
6.0,1.00104725361,0.00027626066003,577.191754948,0.0041426926,4.76,34.4552286678,0.494,3823
6.0,1.00096857548,0.000276212784229,577.253055504,0.0041426926,4.76,34.4552286678,0.494,3823
6.0,1.00019609928,0.00027621674235,577.314356057,0.0041426926,4.76,34.4552286678,0.494,3823
6.0,1.00092566013,0.000276231905445,577.375656607,0.0041426926,4.76,34.4552286678,0.494,3823
6.0,1.00070393085,0.000276253878837,577.436957154,0.0041426926,4.76,34.4552286678,0.494,3823
6.0,1.00036633015,0.000276184699032,577.498257799,0.0041426926,4.76,34.4552286678,0.494,3823
6.0,1.00021195412,0.000276175211184,577.559558341,0.0041426926,4.76,34.4552286678,0.494,3823
6.0,1.00025868416,0.000276213511825,577.62085888,0.0041426926,4.76,34.4552286678,0.494,3823
6.0,1.00044083595,0.000276208418654,577.682159416,0.0041426926,4.76,34.4552286678,0.494,3823
6.0,1.00043082237,0.000276188045973,577.74345995,0.0041426926,4.76,34.4552286678,0.494,3823
6.0,1.00066435337,0.000276191334706,577.804760481,0.0041426926,4.76,34.4552286678,0.494,3823
6.0,1.00065732002,0.000276228383882,577.866061009,0.0041426926,4.76,34.4552286678,0.494,3823
6.0,1.00059580803,0.000276281498373,577.927361535,0.0041426926,4.76,34.4552286678,0.494,3823
6.0,1.00063872337,0.000276278733509,577.988662057,0.0041426926,4.76,34.4552286678,0.494,3823
6.0,1.0006994009,0.00027626962401,578.049962677,0.0041426926,4.76,34.4552286678,0.494,3823
6.0,1.00032126904,0.000276167324046,578.111263192,0.0041426926,4.76,34.4552286678,0.494,3823
6.0,1.00035703182,0.00027622692869,578.172563706,0.0041426926,4.76,34.4552286678,0.494,3823
6.0,0.999968647957,0.000276241800748,578.233864218,0.0041426926,4.76,34.4552286678,0.494,3823
6.0,1.0000191927,0.000276241073152,578.295164727,0.0041426926,4.76,34.4552286678,0.494,3823
6.0,0.99975425005,0.000276205508271,578.356465233,0.0041426926,4.76,34.4552286678,0.494,3823
6.0,0.999951243401,0.000276152131846,578.438199237,0.0041426926,4.76,34.4552286678,0.494,3823
6.0,0.999750137329,0.000276189442957,578.499499736,0.0041426926,4.76,34.4552286678,0.494,3823
6.0,0.999696850777,0.000276192848105,578.560800333,0.0041426926,4.76,34.4552286678,0.494,3823
6.0,0.99995547533,0.000276197475614,578.622100827,0.0041426926,4.76,34.4552286678,0.494,3823
6.0,0.999790072441,0.000276222621324,578.683401318,0.0041426926,4.76,34.4552286678,0.494,3823
6.0,0.999190449715,0.00027617008891,578.744701807,0.0041426926,4.76,34.4552286678,0.494,3823
6.0,0.999384284019,0.000276200677035,578.806002293,0.0041426926,4.76,34.4552286678,0.494,3823
6.0,1.0007212162,0.000276385253528,578.867302776,0.0041426926,4.76,34.4552286678,0.494,3823
6.0,1.00006067753,0.000276254781056,578.928603256,0.0041426926,4.76,34.4552286678,0.494,3823
6.0,0.999557673931,0.000276210485026,578.989903734,0.0041426926,4.76,34.4552286678,0.494,3823
6.0,0.999896407127,0.000276273756754,579.051204209,0.0041426926,4.76,34.4552286678,0.494,3823
6.0,0.999598741531,0.000276274775388,579.112504681,0.0041426926,4.76,34.4552286678,0.494,3823
6.0,0.999342918396,0.000276241218671,579.17380515,0.0041426926,4.76,34.4552286678,0.494,3823
6.0,0.99996060133,0.000276288483292,579.235105716,0.0041426926,4.76,34.4552286678,0.494,3823
6.0,1.00015962124,0.000276345730526,579.29640618,0.0041426926,4.76,34.4552286678,0.494,3823
6.0,0.99914842844,0.000276277714875,579.357706641,0.0041426926,4.76,34.4552286678,0.494,3823
6.0,0.999069213867,0.000276270409813,579.419007099,0.0041426926,4.76,34.4552286678,0.494,3823
6.0,1.00003600121,0.000276333681541,579.480307555,0.0041426926,4.76,34.4552286678,0.494,3823
6.0,0.999490857124,0.000276298756944,579.541608008,0.0041426926,4.76,34.4552286678,0.494,3823
6.0,0.999513924122,0.000276272825431,579.602908558,0.0041426926,4.76,34.4552286678,0.494,3823
6.0,1.00018572807,0.000276325590676,579.664209005,0.0041426926,4.76,34.4552286678,0.494,3823
6.0,0.999850332737,0.000276299193501,579.725509449,0.0041426926,4.76,34.4552286678,0.494,3823
6.0,0.999440610409,0.000276243314147,579.786809791,0.0041426926,4.76,34.4552286678,0.494,3823
6.0,0.999860823154,0.00027632972342,579.84811023,0.0041426926,4.76,34.4552286678,0.494,3823
6.0,0.999909758568,0.000276326754829,579.909410666,0.0041426926,4.76,34.4552286678,0.494,3823
6.0,0.999695837498,0.000276319187833,579.9707112,0.0041426926,4.76,34.4552286678,0.494,3823
6.0,0.999767303467,0.000276290840702,580.03201163,0.0041426926,4.76,34.4552286678,0.494,3823
6.0,1.00007307529,0.000276289327303,580.093312058,0.0041426926,4.76,34.4552286678,0.494,3823
6.0,0.999612569809,0.000276272097835,580.154612484,0.0041426926,4.76,34.4552286678,0.494,3823
6.0,0.999351501465,0.000276272767223,580.215912906,0.0041426926,4.76,34.4552286678,0.494,3823
6.0,0.999965131283,0.000276316946838,580.277213326,0.0041426926,4.76,34.4552286678,0.494,3823
6.0,1.00003385544,0.000276315462543,580.338513843,0.0041426926,4.76,34.4552286678,0.494,3823
6.0,0.999857246876,0.000276317732641,580.399814257,0.0041426926,4.76,34.4552286678,0.494,3823
6.0,1.00030148029,0.000276339240372,580.461114668,0.0041426926,4.76,34.4552286678,0.494,3823
6.0,0.999778807163,0.000276294129435,580.522415077,0.0041426926,4.76,34.4552286678,0.494,3823
6.0,0.999046087265,0.000276247155853,580.583715483,0.0041426926,4.76,34.4552286678,0.494,3823
6.0,0.999596357346,0.000276322709396,580.645015886,0.0041426926,4.76,34.4552286678,0.494,3823
6.0,0.999655902386,0.000276390666841,580.706316287,0.0041426926,4.76,34.4552286678,0.494,3823
6.0,0.99908131361,0.000276310980553,580.767616684,0.0041426926,4.76,34.4552286678,0.494,3823
6.0,0.998945176601,0.000276291917544,580.828917079,0.0041426926,4.76,34.4552286678,0.494,3823
6.0,0.999823689461,0.000276354665402,580.890217571,0.0041426926,4.76,34.4552286678,0.494,3823
6.0,0.999870538712,0.000276325736195,580.951517961,0.0041426926,4.76,34.4552286678,0.494,3823
6.0,0.998644948006,0.000276272883639,581.012818348,0.0041426926,4.76,34.4552286678,0.494,3823
6.0,0.999590814114,0.000276342994766,581.074118732,0.0041426926,4.76,34.4552286678,0.494,3823
6.0,0.99925082922,0.000276323902654,581.135419113,0.0041426926,4.76,34.4552286678,0.494,3823
6.0,0.999444425106,0.000276350911008,581.196719391,0.0041426926,4.76,34.4552286678,0.494,3823
6.0,0.99900752306,0.000276331556961,581.258019767,0.0041426926,4.76,34.4552286678,0.494,3823
6.0,0.999296367168,0.000276294158539,581.31932024,0.0041426926,4.76,34.4552286678,0.494,3823
6.0,0.999890625477,0.000276503094938,581.38062071,0.0041426926,4.76,34.4552286678,0.494,3823
6.0,0.998957157135,0.000276300881524,581.462354533,0.0041426926,4.76,34.4552286678,0.494,3823
6.0,0.999309360981,0.000276490376564,581.523654897,0.0041426926,4.76,34.4552286678,0.494,3823
6.0,0.998806238174,0.00027637660969,581.584955257,0.0041426926,4.76,34.4552286678,0.494,3823
6.0,0.998672544956,0.00027640076587,581.646255616,0.0041426926,4.76,34.4552286678,0.494,3823
6.0,0.998983860016,0.000276463950286,581.707555971,0.0041426926,4.76,34.4552286678,0.494,3823
6.0,0.998467803001,0.000276460370515,581.768856324,0.0041426926,4.76,34.4552286678,0.494,3823
6.0,0.998763799667,0.000276421516901,581.830156674,0.0041426926,4.76,34.4552286678,0.494,3823
6.0,0.99861574173,0.000276415114058,581.891457022,0.0041426926,4.76,34.4552286678,0.494,3823
6.0,0.999640166759,0.000276536738966,581.952757366,0.0041426926,4.76,34.4552286678,0.494,3823
6.0,0.998455166817,0.000276495760772,582.014057708,0.0041426926,4.76,34.4552286678,0.494,3823
6.0,0.998502135277,0.000276498030871,582.075358147,0.0041426926,4.76,34.4552286678,0.494,3823
6.0,0.998653411865,0.000276603852399,582.136658483,0.0041426926,4.76,34.4552286678,0.494,3823
6.0,0.998588502407,0.000276521052001,582.197958817,0.0041426926,4.76,34.4552286678,0.494,3823
6.0,0.998586833477,0.000276494538411,582.259259148,0.0041426926,4.76,34.4552286678,0.494,3823
6.0,0.998528122902,0.000276575796306,582.320559476,0.0041426926,4.76,34.4552286678,0.494,3823
6.0,0.99840849638,0.000276510836557,582.381859801,0.0041426926,4.76,34.4552286678,0.494,3823
6.0,0.998278796673,0.00027652530116,582.443160224,0.0041426926,4.76,34.4552286678,0.494,3823
6.0,0.998138070107,0.000276574603049,582.504460544,0.0041426926,4.76,34.4552286678,0.494,3823
6.0,0.998278319836,0.00027653214056,582.565760761,0.0041426926,4.76,34.4552286678,0.494,3823
6.0,0.997646033764,0.000276512408163,582.627061075,0.0041426926,4.76,34.4552286678,0.494,3823
6.0,0.997935950756,0.000276527280221,582.688361387,0.0041426926,4.76,34.4552286678,0.494,3823
6.0,0.998093664646,0.000276544626104,582.749661695,0.0041426926,4.76,34.4552286678,0.494,3823
6.0,0.997914612293,0.000276484643109,582.810962102,0.0041426926,4.76,34.4552286678,0.494,3823
6.0,0.997946381569,0.000276553706499,582.872262405,0.0041426926,4.76,34.4552286678,0.494,3823
6.0,0.997420310974,0.000276448903605,582.933562706,0.0041426926,4.76,34.4552286678,0.494,3823
6.0,0.99805355072,0.00027648860123,582.994863004,0.0041426926,4.76,34.4552286678,0.494,3823
6.0,0.998128652573,0.000276514998404,583.056163299,0.0041426926,4.76,34.4552286678,0.494,3823
6.0,0.997592926025,0.000276536942692,583.117463591,0.0041426926,4.76,34.4552286678,0.494,3823
6.0,0.998048305511,0.000276574428426,583.178763981,0.0041426926,4.76,34.4552286678,0.494,3823
6.0,0.997959256172,0.000276546255918,583.240064268,0.0041426926,4.76,34.4552286678,0.494,3823
6.0,0.997508823872,0.00027653190773,583.301364552,0.0041426926,4.76,34.4552286678,0.494,3823
6.0,0.997851848602,0.000276516540907,583.362664834,0.0041426926,4.76,34.4552286678,0.494,3823
6.0,0.997792065144,0.000276567123365,583.423965112,0.0041426926,4.76,34.4552286678,0.494,3823
6.0,0.997269332409,0.00027650676202,583.485265388,0.0041426926,4.76,34.4552286678,0.494,3823
6.0,0.997385025024,0.000276489678072,583.546565662,0.0041426926,4.76,34.4552286678,0.494,3823
6.0,0.997398436069,0.000276535982266,583.607865932,0.0041426926,4.76,34.4552286678,0.494,3823
6.0,0.996979534626,0.000276499515167,583.6691662,0.0041426926,4.76,34.4552286678,0.494,3823
6.0,0.997310400009,0.000276543898508,583.730466465,0.0041426926,4.76,34.4552286678,0.494,3823
6.0,0.996650338173,0.00027645699447,583.791766827,0.0041426926,4.76,34.4552286678,0.494,3823
6.0,0.996557950974,0.000276477745501,583.853067087,0.0041426926,4.76,34.4552286678,0.494,3823
6.0,0.997114956379,0.000276495760772,583.914367344,0.0041426926,4.76,34.4552286678,0.494,3823
6.0,0.996799707413,0.000276484584901,583.975667498,0.0041426926,4.76,34.4552286678,0.494,3823
6.0,0.996621489525,0.000276435632259,584.036967749,0.0041426926,4.76,34.4552286678,0.494,3823
6.0,0.997056424618,0.000276467559161,584.098267998,0.0041426926,4.76,34.4552286678,0.494,3823
6.0,0.997226774693,0.000276487437077,584.159568344,0.0041426926,4.76,34.4552286678,0.494,3823
6.0,0.996778547764,0.000276410253718,584.220868687,0.0041426926,4.76,34.4552286678,0.494,3823
6.0,0.996450901031,0.000276473350823,584.282168927,0.0041426926,4.76,34.4552286678,0.494,3823
6.0,0.996111214161,0.000276422972092,584.343469165,0.0041426926,4.76,34.4552286678,0.494,3823
6.0,0.996623694897,0.000276476057479,584.425202811,0.0041426926,4.76,34.4552286678,0.494,3823
6.0,0.996613442898,0.000276469712844,584.486503043,0.0041426926,4.76,34.4552286678,0.494,3823
6.0,0.996649980545,0.000276511942502,584.547803271,0.0041426926,4.76,34.4552286678,0.494,3823
6.0,0.996692657471,0.000276447244687,584.609103497,0.0041426926,4.76,34.4552286678,0.494,3823
6.0,0.995800971985,0.000276415317785,584.67040362,0.0041426926,4.76,34.4552286678,0.494,3823
6.0,0.99618178606,0.000276466686046,584.731703941,0.0041426926,4.76,34.4552286678,0.494,3823
6.0,0.996135115623,0.000276415637927,584.793004158,0.0041426926,4.76,34.4552286678,0.494,3823
6.0,0.995652973652,0.000276404141914,584.854304473,0.0041426926,4.76,34.4552286678,0.494,3823
6.0,0.995958149433,0.000276423554169,584.915604686,0.0041426926,4.76,34.4552286678,0.494,3823
6.0,0.995212376118,0.000276358652627,584.976904895,0.0041426926,4.76,34.4552286678,0.494,3823
6.0,0.995868504047,0.000276409089565,585.038205102,0.0041426926,4.76,34.4552286678,0.494,3823
6.0,0.995212435722,0.000276426697383,585.099505306,0.0041426926,4.76,34.4552286678,0.494,3823
6.0,0.995764017105,0.00027642340865,585.160805507,0.0041426926,4.76,34.4552286678,0.494,3823
6.0,0.995391368866,0.000276355684036,585.222105706,0.0041426926,4.76,34.4552286678,0.494,3823
6.0,0.995058596134,0.000276330392808,585.283406002,0.0041426926,4.76,34.4552286678,0.494,3823
6.0,0.995308697224,0.000276323728031,585.344706095,0.0041426926,4.76,34.4552286678,0.494,3823
6.0,0.994904875755,0.00027629249962,585.406006285,0.0041426926,4.76,34.4552286678,0.494,3823
6.0,0.995104312897,0.000276302744169,585.467306473,0.0041426926,4.76,34.4552286678,0.494,3823
6.0,0.994308173656,0.000276230566669,585.528606658,0.0041426926,4.76,34.4552286678,0.494,3823
6.0,0.994822859764,0.000276232836768,585.58990684,0.0041426926,4.76,34.4552286678,0.494,3823
6.0,0.99522960186,0.000276262348052,585.651207119,0.0041426926,4.76,34.4552286678,0.494,3823
6.0,0.994728863239,0.000276247301372,585.712507296,0.0041426926,4.76,34.4552286678,0.494,3823
6.0,0.99448621273,0.000276249455055,585.77380747,0.0041426926,4.76,34.4552286678,0.494,3823
6.0,0.994858920574,0.000276215490885,585.835107642,0.0041426926,4.76,34.4552286678,0.494,3823
6.0,0.994334042072,0.000276147737168,585.89640791,0.0041426926,4.76,34.4552286678,0.494,3823
6.0,0.994437336922,0.000276196777122,585.957708076,0.0041426926,4.76,34.4552286678,0.494,3823
6.0,0.994224369526,0.000276135775493,586.019008239,0.0041426926,4.76,34.4552286678,0.494,3823
6.0,0.994681954384,0.000276181002846,586.0803084,0.0041426926,4.76,34.4552286678,0.494,3823
6.0,0.994058787823,0.000276171544101,586.141608557,0.0041426926,4.76,34.4552286678,0.494,3823
6.0,0.994364142418,0.00027624424547,586.202908713,0.0041426926,4.76,34.4552286678,0.494,3823
6.0,0.994354665279,0.000276209320873,586.264208865,0.0041426926,4.76,34.4552286678,0.494,3823
6.0,0.993391990662,0.000276150007267,586.325509014,0.0041426926,4.76,34.4552286678,0.494,3823
6.0,0.993872106075,0.000276231992757,586.386809161,0.0041426926,4.76,34.4552286678,0.494,3823
6.0,0.993806958199,0.000276207312709,586.448109305,0.0041426926,4.76,34.4552286678,0.494,3823
6.0,0.993636846542,0.000276169797871,586.509409447,0.0041426926,4.76,34.4552286678,0.494,3823
6.0,0.993415653706,0.000276170059806,586.570709585,0.0041426926,4.76,34.4552286678,0.494,3823
6.0,0.993543446064,0.000276209379081,586.632009821,0.0041426926,4.76,34.4552286678,0.494,3823
6.0,0.993462264538,0.000276194012258,586.693309955,0.0041426926,4.76,34.4552286678,0.494,3823
6.0,0.993343055248,0.000276233942714,586.754609985,0.0041426926,4.76,34.4552286678,0.494,3823
6.0,0.993557274342,0.000276200153166,586.815910113,0.0041426926,4.76,34.4552286678,0.494,3823
6.0,0.993956327438,0.000276201404631,586.877210238,0.0041426926,4.76,34.4552286678,0.494,3823
6.0,0.993479967117,0.000276185484836,586.938510561,0.0041426926,4.76,34.4552286678,0.494,3823
6.0,0.99376142025,0.000276229518931,586.99981068,0.0041426926,4.76,34.4552286678,0.494,3823
6.0,0.993269324303,0.000276188948192,587.061110797,0.0041426926,4.76,34.4552286678,0.494,3823
6.0,0.992555141449,0.000276065897197,587.122410911,0.0041426926,4.76,34.4552286678,0.494,3823
6.0,0.993280053139,0.00027615565341,587.183711023,0.0041426926,4.76,34.4552286678,0.494,3823
6.0,0.993181228638,0.000276122853393,587.245011132,0.0041426926,4.76,34.4552286678,0.494,3823
6.0,0.993594825268,0.000276181090157,587.306311238,0.0041426926,4.76,34.4552286678,0.494,3823
6.0,0.992790222168,0.000276155536994,587.388044709,0.0041426926,4.76,34.4552286678,0.494,3823
6.0,0.992668271065,0.000276157865301,587.449344708,0.0041426926,4.76,34.4552286678,0.494,3823
6.0,0.993187665939,0.000276187434793,587.510644805,0.0041426926,4.76,34.4552286678,0.494,3823
6.0,0.993283092976,0.000276210339507,587.571945,0.0041426926,4.76,34.4552286678,0.494,3823
6.0,0.992358446121,0.00027610277175,587.633245191,0.0041426926,4.76,34.4552286678,0.494,3823
6.0,0.993012070656,0.000276145059615,587.69454528,0.0041426926,4.76,34.4552286678,0.494,3823
6.0,0.992554008961,0.000276136066532,587.755845367,0.0041426926,4.76,34.4552286678,0.494,3823
6.0,0.992518603802,0.000276155187748,587.81714545,0.0041426926,4.76,34.4552286678,0.494,3823
6.0,0.992199659348,0.000276163220406,587.878445531,0.0041426926,4.76,34.4552286678,0.494,3823
6.0,0.992608726025,0.000276153819868,587.939745609,0.0041426926,4.76,34.4552286678,0.494,3823
6.0,0.9927059412,0.000276140024653,588.001045685,0.0041426926,4.76,34.4552286678,0.494,3823
6.0,0.992476820946,0.000276165024843,588.062345757,0.0041426926,4.76,34.4552286678,0.494,3823
6.0,0.992241680622,0.000276197155472,588.123645827,0.0041426926,4.76,34.4552286678,0.494,3823
6.0,0.99316817522,0.000276230188319,588.184945895,0.0041426926,4.76,34.4552286678,0.494,3823
6.0,0.992280840874,0.000276146456599,588.246245959,0.0041426926,4.76,34.4552286678,0.494,3823
6.0,0.992241799831,0.000276163045783,588.307546021,0.0041426926,4.76,34.4552286678,0.494,3823
6.0,0.99241733551,0.000276136968751,588.36884608,0.0041426926,4.76,34.4552286678,0.494,3823
6.0,0.99194175005,0.000276100152405,588.47101294,0.0041426926,4.76,34.4552286678,0.494,3823
6.0,0.992166519165,0.000276155973552,588.532312992,0.0041426926,4.76,34.4552286678,0.494,3823
6.0,0.992455363274,0.000276150589343,588.593613041,0.0041426926,4.76,34.4552286678,0.494,3823
6.0,0.992377221584,0.000276140373899,588.654913087,0.0041426926,4.76,34.4552286678,0.494,3823
6.0,0.992468714714,0.000276143691735,588.716213131,0.0041426926,4.76,34.4552286678,0.494,3823
6.0,0.991891860962,0.000276141945506,588.777513173,0.0041426926,4.76,34.4552286678,0.494,3823
6.0,0.992386877537,0.000276102538919,588.838813211,0.0041426926,4.76,34.4552286678,0.494,3823
6.0,0.992331326008,0.000276115024462,588.900113247,0.0041426926,4.76,34.4552286678,0.494,3823
6.0,0.992503046989,0.000276158854831,588.96141328,0.0041426926,4.76,34.4552286678,0.494,3823
6.0,0.992701649666,0.000276151840808,589.02271341,0.0041426926,4.76,34.4552286678,0.494,3823
6.0,0.992037892342,0.000276127655525,589.084013438,0.0041426926,4.76,34.4552286678,0.494,3823
6.0,0.992022693157,0.000276131904684,589.145313463,0.0041426926,4.76,34.4552286678,0.494,3823
6.0,0.992619931698,0.000276157050394,589.206613585,0.0041426926,4.76,34.4552286678,0.494,3823
6.0,0.992082774639,0.000276068545645,589.267913605,0.0041426926,4.76,34.4552286678,0.494,3823
6.0,0.992337107658,0.000276110629784,589.329213622,0.0041426926,4.76,34.4552286678,0.494,3823
6.0,0.991843402386,0.000276083388599,589.390513636,0.0041426926,4.76,34.4552286678,0.494,3823
6.0,0.992030858994,0.000276166276308,589.451813548,0.0041426926,4.76,34.4552286678,0.494,3823
6.0,0.991981387138,0.000276112288702,589.513113557,0.0041426926,4.76,34.4552286678,0.494,3823
6.0,0.991960704327,0.000276120146737,589.574413663,0.0041426926,4.76,34.4552286678,0.494,3823
6.0,0.991755068302,0.000276132370345,589.635713666,0.0041426926,4.76,34.4552286678,0.494,3823
6.0,0.991605937481,0.000276091042906,589.697013667,0.0041426926,4.76,34.4552286678,0.494,3823
6.0,0.992244720459,0.00027614258579,589.758313665,0.0041426926,4.76,34.4552286678,0.494,3823
6.0,0.99212962389,0.00027617267915,589.81961366,0.0041426926,4.76,34.4552286678,0.494,3823
6.0,0.991454958916,0.000276139442576,589.880913653,0.0041426926,4.76,34.4552286678,0.494,3823
6.0,0.992268145084,0.000276157661574,589.942213643,0.0041426926,4.76,34.4552286678,0.494,3823
6.0,0.991951227188,0.000276154605672,590.00351373,0.0041426926,4.76,34.4552286678,0.494,3823
6.0,0.991941094398,0.000276153179584,590.064813715,0.0041426926,4.76,34.4552286678,0.494,3823
6.0,0.991584777832,0.000276133330772,590.126113697,0.0041426926,4.76,34.4552286678,0.494,3823
6.0,0.992055237293,0.000276145408861,590.187413676,0.0041426926,4.76,34.4552286678,0.494,3823
6.0,0.991967320442,0.000276174017927,590.248713653,0.0041426926,4.76,34.4552286678,0.494,3823
6.0,0.992361187935,0.000276171136647,590.310013627,0.0041426926,4.76,34.4552286678,0.494,3823
6.0,0.991565525532,0.00027609852259,590.391746921,0.0041426926,4.76,34.4552286678,0.494,3823
6.0,0.992000460625,0.000276151346043,590.453046889,0.0041426926,4.76,34.4552286678,0.494,3823
6.0,0.991853892803,0.000276158651104,590.514346854,0.0041426926,4.76,34.4552286678,0.494,3823
6.0,0.991757631302,0.000276135309832,590.575646816,0.0041426926,4.76,34.4552286678,0.494,3823
6.0,0.991860091686,0.000276206759736,590.636946776,0.0041426926,4.76,34.4552286678,0.494,3823
6.0,0.992002606392,0.000276163918898,590.698246832,0.0041426926,4.76,34.4552286678,0.494,3823
6.0,0.992177844048,0.00027616735315,590.759546887,0.0041426926,4.76,34.4552286678,0.494,3823
6.0,0.992060184479,0.000276140664937,590.820846738,0.0041426926,4.76,34.4552286678,0.494,3823
6.0,0.992093265057,0.000276190810837,590.882146687,0.0041426926,4.76,34.4552286678,0.494,3823
6.0,0.991988122463,0.000276187172858,590.943446633,0.0041426926,4.76,34.4552286678,0.494,3823
6.0,0.992104291916,0.000276197126368,591.004746577,0.0041426926,4.76,34.4552286678,0.494,3823
6.0,0.991618156433,0.000276163336821,591.066046518,0.0041426926,4.76,34.4552286678,0.494,3823
6.0,0.991859138012,0.000276164821116,591.127346556,0.0041426926,4.76,34.4552286678,0.494,3823
6.0,0.992560446262,0.000276214035694,591.188646491,0.0041426926,4.76,34.4552286678,0.494,3823
6.0,0.992508471012,0.000276203907561,591.249946424,0.0041426926,4.76,34.4552286678,0.494,3823
6.0,0.991997480392,0.000276196224149,591.311246354,0.0041426926,4.76,34.4552286678,0.494,3823
6.0,0.991766393185,0.000276141741779,591.372546282,0.0041426926,4.76,34.4552286678,0.494,3823
6.0,0.993040502071,0.00027633557329,591.433846207,0.0041426926,4.76,34.4552286678,0.494,3823
6.0,0.992566049099,0.000276214850601,591.515579436,0.0041426926,4.76,34.4552286678,0.494,3823
6.0,0.992472171783,0.000276201259112,591.576879354,0.0041426926,4.76,34.4552286678,0.494,3823
6.0,0.992293834686,0.000276209262665,591.63817937,0.0041426926,4.76,34.4552286678,0.494,3823
6.0,0.992190659046,0.000276199338259,591.699479283,0.0041426926,4.76,34.4552286678,0.494,3823
6.0,0.992847621441,0.000276244623819,591.760779194,0.0041426926,4.76,34.4552286678,0.494,3823
6.0,0.992758095264,0.000276197679341,591.822079102,0.0041426926,4.76,34.4552286678,0.494,3823
6.0,0.992757797241,0.000276197708445,591.883379007,0.0041426926,4.76,34.4552286678,0.494,3823
6.0,0.992755115032,0.000276286242297,591.944678909,0.0041426926,4.76,34.4552286678,0.494,3823
6.0,0.99233186245,0.000276247184956,592.005978809,0.0041426926,4.76,34.4552286678,0.494,3823
6.0,0.992662668228,0.000276274135103,592.067278707,0.0041426926,4.76,34.4552286678,0.494,3823
6.0,0.99309438467,0.000276320730336,592.128578601,0.0041426926,4.76,34.4552286678,0.494,3823
6.0,0.992504417896,0.000276278064121,592.189878493,0.0041426926,4.76,34.4552286678,0.494,3823
6.0,0.993473529816,0.000276309903711,592.251178382,0.0041426926,4.76,34.4552286678,0.494,3823
6.0,0.994418561459,0.000276558479527,592.312478269,0.0041426926,4.76,34.4552286678,0.494,3823
6.0,0.993473351002,0.000276360427961,592.373778153,0.0041426926,4.76,34.4552286678,0.494,3823
6.0,0.993433952332,0.000276331236819,592.435078134,0.0041426926,4.76,34.4552286678,0.494,3823
6.0,0.993306517601,0.000276321836282,592.496378013,0.0041426926,4.76,34.4552286678,0.494,3823
6.0,0.992830812931,0.00027633420541,592.557677888,0.0041426926,4.76,34.4552286678,0.494,3823
6.0,0.99315571785,0.000276351318462,592.618977862,0.0041426926,4.76,34.4552286678,0.494,3823
6.0,0.993954241276,0.000276386504993,592.680277732,0.0041426926,4.76,34.4552286678,0.494,3823
6.0,0.993628561497,0.000276361010037,592.7415776,0.0041426926,4.76,34.4552286678,0.494,3823
6.0,0.993822157383,0.000276386534097,592.802877466,0.0041426926,4.76,34.4552286678,0.494,3823
6.0,0.993257761002,0.000276330421912,592.864177328,0.0041426926,4.76,34.4552286678,0.494,3823
6.0,0.993690609932,0.000276333012152,592.925477088,0.0041426926,4.76,34.4552286678,0.494,3823
6.0,0.993751764297,0.000276385690086,592.986776945,0.0041426926,4.76,34.4552286678,0.494,3823
6.0,0.994392871857,0.000276429782389,593.0480769,0.0041426926,4.76,34.4552286678,0.494,3823
6.0,0.993574023247,0.000276350066997,593.109376752,0.0041426926,4.76,34.4552286678,0.494,3823
6.0,0.994192361832,0.000276457547443,593.170676602,0.0041426926,4.76,34.4552286678,0.494,3823
6.0,0.993408083916,0.000276410632068,593.231976448,0.0041426926,4.76,34.4552286678,0.494,3823
6.0,0.99419683218,0.000276500475593,593.293276292,0.0041426926,4.76,34.4552286678,0.494,3823
6.0,0.994541466236,0.000276536302408,593.375009514,0.0041426926,4.76,34.4552286678,0.494,3823
6.0,0.99395263195,0.000276504521025,593.436309351,0.0041426926,4.76,34.4552286678,0.494,3823
6.0,0.993898510933,0.000276502338238,593.497609187,0.0041426926,4.76,34.4552286678,0.494,3823
6.0,0.994307994843,0.000276591512375,593.558909019,0.0041426926,4.76,34.4552286678,0.494,3823
6.0,0.993728995323,0.000276466133073,593.620208849,0.0041426926,4.76,34.4552286678,0.494,3823
6.0,0.993429601192,0.000276483973721,593.681508676,0.0041426926,4.76,34.4552286678,0.494,3823
6.0,0.993979454041,0.000276517966995,593.742808501,0.0041426926,4.76,34.4552286678,0.494,3823
6.0,0.994035363197,0.000276563630905,593.804108323,0.0041426926,4.76,34.4552286678,0.494,3823
6.0,0.994164407253,0.000276557373581,593.865408143,0.0041426926,4.76,34.4552286678,0.494,3823
6.0,0.994629383087,0.000276563980151,593.926707959,0.0041426926,4.76,34.4552286678,0.494,3823
6.0,0.993924379349,0.000276520237094,593.988007773,0.0041426926,4.76,34.4552286678,0.494,3823
6.0,0.993820548058,0.00027650105767,594.049307585,0.0041426926,4.76,34.4552286678,0.494,3823
6.0,0.994148552418,0.00027653973666,594.110607594,0.0041426926,4.76,34.4552286678,0.494,3823
6.0,0.994731724262,0.000276589737041,594.1719074,0.0041426926,4.76,34.4552286678,0.494,3823
6.0,0.995165526867,0.00027660644264,594.233207203,0.0041426926,4.76,34.4552286678,0.494,3823
6.0,0.99430346489,0.000276557810139,594.294506904,0.0041426926,4.76,34.4552286678,0.494,3823
6.0,0.994458317757,0.000276573817246,594.355806702,0.0041426926,4.76,34.4552286678,0.494,3823
6.0,0.994900405407,0.000276557926554,594.417106498,0.0041426926,4.76,34.4552286678,0.494,3823
6.0,0.994464576244,0.000276581413345,594.478406391,0.0041426926,4.76,34.4552286678,0.494,3823
6.0,0.994608998299,0.000276599952485,594.539706181,0.0041426926,4.76,34.4552286678,0.494,3823
6.0,0.994981229305,0.000276627542917,594.601005969,0.0041426926,4.76,34.4552286678,0.494,3823
6.0,0.994946360588,0.000276591454167,594.662305754,0.0041426926,4.76,34.4552286678,0.494,3823
6.0,0.995227634907,0.000276615086477,594.723605536,0.0041426926,4.76,34.4552286678,0.494,3823
6.0,0.995327949524,0.000276627921266,594.784905316,0.0041426926,4.76,34.4552286678,0.494,3823
6.0,0.995507657528,0.000276649428997,594.846205093,0.0041426926,4.76,34.4552286678,0.494,3823
6.0,0.995218813419,0.000276668346487,594.907504868,0.0041426926,4.76,34.4552286678,0.494,3823
6.0,0.994878172874,0.000276623148238,594.96880464,0.0041426926,4.76,34.4552286678,0.494,3823
6.0,0.995649635792,0.000276699080132,595.030104409,0.0041426926,4.76,34.4552286678,0.494,3823
6.0,0.995216071606,0.000276679435046,595.091404176,0.0041426926,4.76,34.4552286678,0.494,3823
6.0,0.995314180851,0.000276668928564,595.15270404,0.0041426926,4.76,34.4552286678,0.494,3823
6.0,0.995628476143,0.00027670772397,595.214003801,0.0041426926,4.76,34.4552286678,0.494,3823
6.0,0.995711922646,0.000276722072158,595.27530356,0.0041426926,4.76,34.4552286678,0.494,3823
6.0,0.995743453503,0.00027667573886,595.336603316,0.0041426926,4.76,34.4552286678,0.494,3823
6.0,0.99610388279,0.000276743376162,595.39790307,0.0041426926,4.76,34.4552286678,0.494,3823
6.0,0.996168971062,0.000276729027973,595.45920282,0.0041426926,4.76,34.4552286678,0.494,3823
6.0,0.994961798191,0.000276643404504,595.520502669,0.0041426926,4.76,34.4552286678,0.494,3823
6.0,0.995967030525,0.000276708276942,595.581802414,0.0041426926,4.76,34.4552286678,0.494,3823
6.0,0.995829045773,0.000276693928754,595.643102157,0.0041426926,4.76,34.4552286678,0.494,3823
6.0,0.996074616909,0.000276730774203,595.704401798,0.0041426926,4.76,34.4552286678,0.494,3823
6.0,0.996206045151,0.000276740785921,595.765701536,0.0041426926,4.76,34.4552286678,0.494,3823
6.0,0.996420204639,0.000276761798887,595.827001271,0.0041426926,4.76,34.4552286678,0.494,3823
6.0,0.996130168438,0.000276744016446,595.888301103,0.0041426926,4.76,34.4552286678,0.494,3823
6.0,0.996187329292,0.000276763137663,595.949600833,0.0041426926,4.76,34.4552286678,0.494,3823
6.0,0.996355116367,0.000276798615232,596.010900561,0.0041426926,4.76,34.4552286678,0.494,3823
6.0,0.996287763119,0.00027675597812,596.072200285,0.0041426926,4.76,34.4552286678,0.494,3823
6.0,0.99678248167,0.000276779319393,596.133500007,0.0041426926,4.76,34.4552286678,0.494,3823
6.0,0.99657702446,0.000276799139101,596.194799827,0.0041426926,4.76,34.4552286678,0.494,3823
6.0,0.996607124805,0.000276777951512,596.256099544,0.0041426926,4.76,34.4552286678,0.494,3823
6.0,0.997169017792,0.00027683051303,596.337832096,0.0041426926,4.76,34.4552286678,0.494,3823
6.0,0.997212707996,0.000276844017208,596.399131806,0.0041426926,4.76,34.4552286678,0.494,3823
6.0,0.99719196558,0.000276849721558,596.460431514,0.0041426926,4.76,34.4552286678,0.494,3823
6.0,0.997234463692,0.000276842474705,596.52173122,0.0041426926,4.76,34.4552286678,0.494,3823
6.0,0.997538387775,0.000276850099908,596.583030923,0.0041426926,4.76,34.4552286678,0.494,3823
6.0,0.997251391411,0.000276838778518,596.644330623,0.0041426926,4.76,34.4552286678,0.494,3823
6.0,0.997021257877,0.000276844453765,596.705630321,0.0041426926,4.76,34.4552286678,0.494,3823
6.0,0.997171580791,0.000276842765743,596.766930116,0.0041426926,4.76,34.4552286678,0.494,3823
6.0,0.997807621956,0.000276902486803,596.828229809,0.0041426926,4.76,34.4552286678,0.494,3823
6.0,0.997353374958,0.000276854145341,596.889529499,0.0041426926,4.76,34.4552286678,0.494,3823
6.0,0.998101353645,0.000276916049188,596.950829186,0.0041426926,4.76,34.4552286678,0.494,3823
6.0,0.997540175915,0.000276863283943,597.012128971,0.0041426926,4.76,34.4552286678,0.494,3823
6.0,0.998198449612,0.000276907201624,597.073428653,0.0041426926,4.76,34.4552286678,0.494,3823
6.0,0.998309969902,0.000276907056104,597.134728332,0.0041426926,4.76,34.4552286678,0.494,3823
6.0,0.998468756676,0.00027693453012,597.196028009,0.0041426926,4.76,34.4552286678,0.494,3823
6.0,0.998558819294,0.000276948616374,597.257327684,0.0041426926,4.76,34.4552286678,0.494,3823
6.0,0.998624622822,0.000276949605905,597.318627356,0.0041426926,4.76,34.4552286678,0.494,3823
6.0,0.998359560966,0.000276962615317,597.379927025,0.0041426926,4.76,34.4552286678,0.494,3823
6.0,0.998653292656,0.000276952370768,597.441226691,0.0041426926,4.76,34.4552286678,0.494,3823
6.0,0.999007225037,0.000276981125353,597.502526355,0.0041426926,4.76,34.4552286678,0.494,3823
6.0,0.999451160431,0.000277014769381,597.563826016,0.0041426926,4.76,34.4552286678,0.494,3823
6.0,0.999317228794,0.000276995793683,597.625125675,0.0041426926,4.76,34.4552286678,0.494,3823
6.0,0.999001502991,0.000276978622423,597.686425331,0.0041426926,4.76,34.4552286678,0.494,3823
6.0,0.999436736107,0.000277037586784,597.747724985,0.0041426926,4.76,34.4552286678,0.494,3823
6.0,0.999823391438,0.000277040555375,597.809024636,0.0041426926,4.76,34.4552286678,0.494,3823
6.0,0.999723255634,0.00027701590443,597.870324284,0.0041426926,4.76,34.4552286678,0.494,3823
6.0,0.999846637249,0.000277081562672,597.93162393,0.0041426926,4.76,34.4552286678,0.494,3823
6.0,1.00001013279,0.00027706407127,598.013356887,0.0041426926,4.76,34.4552286678,0.494,3823
6.0,1.00003528595,0.000277073413599,598.074656527,0.0041426926,4.76,34.4552286678,0.494,3823
6.0,1.00062429905,0.000277111073956,598.135956164,0.0041426926,4.76,34.4552286678,0.494,3823
6.0,1.00011503696,0.000277069484582,598.197255799,0.0041426926,4.76,34.4552286678,0.494,3823
6.0,1.00047755241,0.000277131592156,598.278988641,0.0041426926,4.76,34.4552286678,0.494,3823
6.0,1.0052074194,0.000275385769783,599.25976099,0.0041426926,4.76,34.4552286678,0.494,3823
6.0,1.00552618504,0.00027563641197,599.321060578,0.0041426926,4.76,34.4552286678,0.494,3823
6.0,1.00539398193,0.000276033184491,599.382360163,0.0041426926,4.76,34.4552286678,0.494,3823
6.0,1.00554859638,0.000276249746094,599.443659745,0.0041426926,4.76,34.4552286678,0.494,3823
6.0,1.00497531891,0.000276361475699,599.504959325,0.0041426926,4.76,34.4552286678,0.494,3823
6.0,1.00496649742,0.000276548962574,599.566259002,0.0041426926,4.76,34.4552286678,0.494,3823
6.0,1.00574445724,0.000276774575468,599.627558577,0.0041426926,4.76,34.4552286678,0.494,3823
6.0,1.00520145893,0.000276736798696,599.688858149,0.0041426926,4.76,34.4552286678,0.494,3823
6.0,1.00420641899,0.000276800827123,599.750157718,0.0041426926,4.76,34.4552286678,0.494,3823
6.0,1.00517618656,0.000276953505818,599.811457285,0.0041426926,4.76,34.4552286678,0.494,3823
6.0,1.00486159325,0.000277000392089,599.87275675,0.0041426926,4.76,34.4552286678,0.494,3823
6.0,1.00491833687,0.000277134502539,599.934056411,0.0041426926,4.76,34.4552286678,0.494,3823
6.0,1.00513231754,0.000277097104117,599.995355971,0.0041426926,4.76,34.4552286678,0.494,3823
6.0,1.00548255444,0.000277182291029,600.056655527,0.0041426926,4.76,34.4552286678,0.494,3823
6.0,1.00464844704,0.000277156796074,600.117955082,0.0041426926,4.76,34.4552286678,0.494,3823
6.0,1.00442576408,0.00027720205253,600.179254633,0.0041426926,4.76,34.4552286678,0.494,3823
6.0,1.00420367718,0.00027725668042,600.240554282,0.0041426926,4.76,34.4552286678,0.494,3823
6.0,1.00397193432,0.000277302169707,600.301853829,0.0041426926,4.76,34.4552286678,0.494,3823
6.0,1.0046145916,0.000277318700682,600.363153373,0.0041426926,4.76,34.4552286678,0.494,3823
6.0,1.00460267067,0.000277321727481,600.424452914,0.0041426926,4.76,34.4552286678,0.494,3823
6.0,1.00396764278,0.000277361803455,600.485752553,0.0041426926,4.76,34.4552286678,0.494,3823
6.0,1.00447428226,0.000277333630947,600.54705199,0.0041426926,4.76,34.4552286678,0.494,3823
6.0,1.00476586819,0.000277337414445,600.608351523,0.0041426926,4.76,34.4552286678,0.494,3823
6.0,1.00464391708,0.000277362880297,600.669651055,0.0041426926,4.76,34.4552286678,0.494,3823
6.0,1.00505065918,0.000277448038105,600.730950584,0.0041426926,4.76,34.4552286678,0.494,3823
6.0,1.00531840324,0.000277384446235,600.79225011,0.0041426926,4.76,34.4552286678,0.494,3823
6.0,1.00465071201,0.000277337792795,600.853549733,0.0041426926,4.76,34.4552286678,0.494,3823
6.0,1.0049803257,0.00027731701266,600.914849255,0.0041426926,4.76,34.4552286678,0.494,3823
6.0,1.00491809845,0.000277360959444,600.976148773,0.0041426926,4.76,34.4552286678,0.494,3823
6.0,1.00487303734,0.000277305254713,601.037448289,0.0041426926,4.76,34.4552286678,0.494,3823
6.0,1.00533783436,0.000277390819974,601.098747803,0.0041426926,4.76,34.4552286678,0.494,3823
6.0,1.00500738621,0.00027733045863,601.160047314,0.0041426926,4.76,34.4552286678,0.494,3823
6.0,1.00539016724,0.000277314131381,601.221346822,0.0041426926,4.76,34.4552286678,0.494,3823
6.0,1.00527155399,0.000277362763882,601.303079496,0.0041426926,4.76,34.4552286678,0.494,3823
6.0,1.00516748428,0.000277315935818,601.364378999,0.0041426926,4.76,34.4552286678,0.494,3823
6.0,1.00530004501,0.000277356361039,601.425678599,0.0041426926,4.76,34.4552286678,0.494,3823
6.0,1.00490796566,0.000277284183539,601.486978096,0.0041426926,4.76,34.4552286678,0.494,3823
6.0,1.00552344322,0.000277370127151,601.548277591,0.0041426926,4.76,34.4552286678,0.494,3823
6.0,1.00577199459,0.0002773294691,601.609577084,0.0041426926,4.76,34.4552286678,0.494,3823
6.0,1.00574028492,0.000277396378806,601.670876573,0.0041426926,4.76,34.4552286678,0.494,3823
6.0,1.00548017025,0.000277285260381,601.732176061,0.0041426926,4.76,34.4552286678,0.494,3823
6.0,1.00571703911,0.00027730196598,601.793475546,0.0041426926,4.76,34.4552286678,0.494,3823
6.0,1.00582659245,0.000277314975392,601.854775028,0.0041426926,4.76,34.4552286678,0.494,3823
6.0,1.00614094734,0.000277277838904,601.916074508,0.0041426926,4.76,34.4552286678,0.494,3823
6.0,1.00626420975,0.000277372717392,601.977374085,0.0041426926,4.76,34.4552286678,0.494,3823
6.0,1.00564610958,0.000277279643342,602.03867356,0.0041426926,4.76,34.4552286678,0.494,3823
6.0,1.00594639778,0.000277351442492,602.099973032,0.0041426926,4.76,34.4552286678,0.494,3823
6.0,1.00614142418,0.000277307030046,602.161272502,0.0041426926,4.76,34.4552286678,0.494,3823
6.0,1.00600481033,0.00027729064459,602.222571969,0.0041426926,4.76,34.4552286678,0.494,3823
6.0,1.00629675388,0.000277305603959,602.283871434,0.0041426926,4.76,34.4552286678,0.494,3823
6.0,1.00628960133,0.000277369981632,602.345170896,0.0041426926,4.76,34.4552286678,0.494,3823
6.0,1.00603914261,0.000277350307442,602.406470456,0.0041426926,4.76,34.4552286678,0.494,3823
6.0,1.00643253326,0.000277420069324,602.467769913,0.0041426926,4.76,34.4552286678,0.494,3823
6.0,1.00652563572,0.000277347426163,602.529069368,0.0041426926,4.76,34.4552286678,0.494,3823
6.0,1.00655353069,0.00027737088385,602.59036882,0.0041426926,4.76,34.4552286678,0.494,3823
6.0,1.0071901083,0.00027739565121,602.651668169,0.0041426926,4.76,34.4552286678,0.494,3823
6.0,1.00668942928,0.000277383747743,602.712967617,0.0041426926,4.76,34.4552286678,0.494,3823
6.0,1.00667870045,0.000277370156255,602.774267161,0.0041426926,4.76,34.4552286678,0.494,3823
6.0,1.00691306591,0.000277316226857,602.835566603,0.0041426926,4.76,34.4552286678,0.494,3823
6.0,1.00716638565,0.000277470913716,602.896866043,0.0041426926,4.76,34.4552286678,0.494,3823
6.0,1.00711727142,0.000277368497336,602.95816548,0.0041426926,4.76,34.4552286678,0.494,3823
6.0,1.00688302517,0.000277413491858,603.019464915,0.0041426926,4.76,34.4552286678,0.494,3823
6.0,1.00757420063,0.000277460960206,603.080764447,0.0041426926,4.76,34.4552286678,0.494,3823
6.0,1.00693082809,0.000277426617686,603.142063877,0.0041426926,4.76,34.4552286678,0.494,3823
6.0,1.0082821846,0.000277608487522,603.203363304,0.0041426926,4.76,34.4552286678,0.494,3823
6.0,1.00740838051,0.000277397979517,603.264662729,0.0041426926,4.76,34.4552286678,0.494,3823
6.0,1.00691258907,0.000277424813248,603.325962151,0.0041426926,4.76,34.4552286678,0.494,3823
6.0,1.00767791271,0.000277442828519,603.38726157,0.0041426926,4.76,34.4552286678,0.494,3823
6.0,1.00747692585,0.000277472398011,603.448560987,0.0041426926,4.76,34.4552286678,0.494,3823
6.0,1.0075469017,0.000277415005257,603.509860402,0.0041426926,4.76,34.4552286678,0.494,3823
6.0,1.00733864307,0.00027735895128,603.571159814,0.0041426926,4.76,34.4552286678,0.494,3823
6.0,1.00750911236,0.000277390208794,603.632459224,0.0041426926,4.76,34.4552286678,0.494,3823
6.0,1.00751507282,0.00027751547168,603.693758631,0.0041426926,4.76,34.4552286678,0.494,3823
6.0,1.00772833824,0.000277544022538,603.755058136,0.0041426926,4.76,34.4552286678,0.494,3823
6.0,1.00798344612,0.000277524348348,603.816357538,0.0041426926,4.76,34.4552286678,0.494,3823
6.0,1.00809884071,0.000277511804597,603.877656938,0.0041426926,4.76,34.4552286678,0.494,3823
6.0,1.00725698471,0.000277448823908,603.938956235,0.0041426926,4.76,34.4552286678,0.494,3823
6.0,1.00779390335,0.000277435698081,604.00025563,0.0041426926,4.76,34.4552286678,0.494,3823
6.0,1.00800406933,0.000277533341432,604.061555022,0.0041426926,4.76,34.4552286678,0.494,3823
6.0,1.00812208652,0.000277549028397,604.122854512,0.0041426926,4.76,34.4552286678,0.494,3823
6.0,1.00779044628,0.000277476530755,604.184154,0.0041426926,4.76,34.4552286678,0.494,3823
6.0,1.00772869587,0.000277473096503,604.265886412,0.0041426926,4.76,34.4552286678,0.494,3823
6.0,1.00854063034,0.000277533108601,604.327185894,0.0041426926,4.76,34.4552286678,0.494,3823
6.0,1.0076636076,0.000277510232991,604.388485273,0.0041426926,4.76,34.4552286678,0.494,3823
6.0,1.00793659687,0.000277544400888,604.44978465,0.0041426926,4.76,34.4552286678,0.494,3823
6.0,1.00811707973,0.000277495477349,604.511084024,0.0041426926,4.76,34.4552286678,0.494,3823
6.0,1.00752258301,0.000277378741885,604.572383396,0.0041426926,4.76,34.4552286678,0.494,3823
6.0,1.00826931,0.00027744640829,604.633682765,0.0041426926,4.76,34.4552286678,0.494,3823
6.0,1.00788903236,0.000277464452665,604.694982132,0.0041426926,4.76,34.4552286678,0.494,3823
6.0,1.00837934017,0.000277560582617,604.756281496,0.0041426926,4.76,34.4552286678,0.494,3823
6.0,1.00768876076,0.000277574756183,604.817580858,0.0041426926,4.76,34.4552286678,0.494,3823
6.0,1.00780785084,0.000277500133961,604.878880217,0.0041426926,4.76,34.4552286678,0.494,3823
6.0,1.00765860081,0.000277547369478,604.940179674,0.0041426926,4.76,34.4552286678,0.494,3823
6.0,1.00777769089,0.000277528684819,605.001479028,0.0041426926,4.76,34.4552286678,0.494,3823
6.0,1.00815069675,0.000277538463706,605.06277838,0.0041426926,4.76,34.4552286678,0.494,3823
6.0,1.00855398178,0.000277542043477,605.12407773,0.0041426926,4.76,34.4552286678,0.494,3823
6.0,1.00807452202,0.000277548941085,605.185377077,0.0041426926,4.76,34.4552286678,0.494,3823
6.0,1.00779354572,0.000277548242593,605.246676522,0.0041426926,4.76,34.4552286678,0.494,3823
6.0,1.0082474947,0.000277597951936,605.307975764,0.0041426926,4.76,34.4552286678,0.494,3823
6.0,1.00779116154,0.000277542829281,605.369275104,0.0041426926,4.76,34.4552286678,0.494,3823
6.0,1.00816941261,0.000277518702205,605.430574441,0.0041426926,4.76,34.4552286678,0.494,3823
6.0,1.00857543945,0.000277563085547,605.491873776,0.0041426926,4.76,34.4552286678,0.494,3823
6.0,1.00800859928,0.000277590152109,605.553173108,0.0041426926,4.76,34.4552286678,0.494,3823
6.0,1.0082950592,0.000277610321064,605.614472538,0.0041426926,4.76,34.4552286678,0.494,3823
6.0,1.00856018066,0.00027768095606,605.675771865,0.0041426926,4.76,34.4552286678,0.494,3823
6.0,1.00824582577,0.00027769713779,605.73707119,0.0041426926,4.76,34.4552286678,0.494,3823
6.0,1.00843906403,0.000277679559076,605.798370513,0.0041426926,4.76,34.4552286678,0.494,3823
6.0,1.00818789005,0.000277684244793,605.859669833,0.0041426926,4.76,34.4552286678,0.494,3823
6.0,1.00871443748,0.000277721381281,605.920969151,0.0041426926,4.76,34.4552286678,0.494,3823
6.0,1.00852239132,0.000277663144516,605.982268466,0.0041426926,4.76,34.4552286678,0.494,3823
6.0,1.00826787949,0.000277666753391,606.043567779,0.0041426926,4.76,34.4552286678,0.494,3823
6.0,1.00917756557,0.000277714832919,606.104867189,0.0041426926,4.76,34.4552286678,0.494,3823
6.0,1.00873410702,0.000277714279946,606.166166497,0.0041426926,4.76,34.4552286678,0.494,3823
6.0,1.00911414623,0.000277799670584,606.227465803,0.0041426926,4.76,34.4552286678,0.494,3823
6.0,1.00841426849,0.000277762796031,606.288765106,0.0041426926,4.76,34.4552286678,0.494,3823
6.0,1.00852096081,0.000277737155557,606.350064407,0.0041426926,4.76,34.4552286678,0.494,3823
6.0,1.00868201256,0.000277709361399,606.411363705,0.0041426926,4.76,34.4552286678,0.494,3823
6.0,1.00861573219,0.000277748244116,606.472663,0.0041426926,4.76,34.4552286678,0.494,3823
6.0,1.00834536552,0.000277766928775,606.533962294,0.0041426926,4.76,34.4552286678,0.494,3823
6.0,1.00908565521,0.000277808081592,606.595261585,0.0041426926,4.76,34.4552286678,0.494,3823
6.0,1.00880742073,0.000277757295407,606.656560873,0.0041426926,4.76,34.4552286678,0.494,3823
6.0,1.00866866112,0.000277834304143,606.717860159,0.0041426926,4.76,34.4552286678,0.494,3823
6.0,1.00892663002,0.000277826271486,606.779159443,0.0041426926,4.76,34.4552286678,0.494,3823
6.0,1.00893843174,0.000277766666841,606.840458724,0.0041426926,4.76,34.4552286678,0.494,3823
6.0,1.00891256332,0.000277871353319,606.901758003,0.0041426926,4.76,34.4552286678,0.494,3823
6.0,1.00856339931,0.000277800834738,606.963057279,0.0041426926,4.76,34.4552286678,0.494,3823
6.0,1.00867164135,0.000277872401057,607.024356653,0.0041426926,4.76,34.4552286678,0.494,3823
6.0,1.00876545906,0.000277889921563,607.085655925,0.0041426926,4.76,34.4552286678,0.494,3823
6.0,1.00845432281,0.000277848361293,607.146955194,0.0041426926,4.76,34.4552286678,0.494,3823
6.0,1.00792431831,0.00027779318043,607.228687649,0.0041426926,4.76,34.4552286678,0.494,3823
6.0,1.0091098547,0.000277900777292,607.289986813,0.0041426926,4.76,34.4552286678,0.494,3823
6.0,1.00865387917,0.000277785118669,607.351286174,0.0041426926,4.76,34.4552286678,0.494,3823
6.0,1.00841879845,0.000277873856248,607.412585332,0.0041426926,4.76,34.4552286678,0.494,3823
6.0,1.008939147,0.000277883693343,607.473884589,0.0041426926,4.76,34.4552286678,0.494,3823
6.0,1.00907754898,0.000277885730611,607.535183942,0.0041426926,4.76,34.4552286678,0.494,3823
6.0,1.00864040852,0.00027787941508,607.596483194,0.0041426926,4.76,34.4552286678,0.494,3823
6.0,1.0083745718,0.000277879822534,607.657782443,0.0041426926,4.76,34.4552286678,0.494,3823
6.0,1.00910198689,0.000277882063529,607.719081689,0.0041426926,4.76,34.4552286678,0.494,3823
6.0,1.00848829746,0.000277876330074,607.780380934,0.0041426926,4.76,34.4552286678,0.494,3823
6.0,1.00906896591,0.000277911603916,607.841680176,0.0041426926,4.76,34.4552286678,0.494,3823
6.0,1.00863993168,0.000277916406048,607.902979415,0.0041426926,4.76,34.4552286678,0.494,3823
6.0,1.00926077366,0.000277962884866,607.964278652,0.0041426926,4.76,34.4552286678,0.494,3823
6.0,1.00893378258,0.000277907587588,608.025577987,0.0041426926,4.76,34.4552286678,0.494,3823
6.0,1.00809633732,0.00027791064349,608.086877219,0.0041426926,4.76,34.4552286678,0.494,3823
6.0,1.00866532326,0.000277942715911,608.148176449,0.0041426926,4.76,34.4552286678,0.494,3823
6.0,1.0086107254,0.000277947896393,608.209475676,0.0041426926,4.76,34.4552286678,0.494,3823
6.0,1.00868630409,0.000277935381746,608.270774901,0.0041426926,4.76,34.4552286678,0.494,3823
6.0,1.0083681345,0.000277938990621,608.332074124,0.0041426926,4.76,34.4552286678,0.494,3823
6.0,1.00853610039,0.000277896528132,608.393373344,0.0041426926,4.76,34.4552286678,0.494,3823
6.0,1.00793361664,0.000277890620055,608.454672562,0.0041426926,4.76,34.4552286678,0.494,3823
6.0,1.00855004787,0.000277923856629,608.515971878,0.0041426926,4.76,34.4552286678,0.494,3823
6.0,1.00875771046,0.000277954153717,608.577271091,0.0041426926,4.76,34.4552286678,0.494,3823
6.0,1.00901854038,0.000277962826658,608.638570302,0.0041426926,4.76,34.4552286678,0.494,3823
6.0,1.00894474983,0.000277972139884,608.69986941,0.0041426926,4.76,34.4552286678,0.494,3823
6.0,1.00830316544,0.000277912564343,608.761168616,0.0041426926,4.76,34.4552286678,0.494,3823
6.0,1.00860464573,0.000277958315564,608.822467819,0.0041426926,4.76,34.4552286678,0.494,3823
6.0,1.00868952274,0.000277973827906,608.883767121,0.0041426926,4.76,34.4552286678,0.494,3823
6.0,1.00858294964,0.000277969782474,608.965499385,0.0041426926,4.76,34.4552286678,0.494,3823
6.0,1.0091432333,0.000277966522845,609.026798581,0.0041426926,4.76,34.4552286678,0.494,3823
6.0,1.00917339325,0.000277972692857,609.088097874,0.0041426926,4.76,34.4552286678,0.494,3823
6.0,1.00841236115,0.000277946295682,609.149397065,0.0041426926,4.76,34.4552286678,0.494,3823
6.0,1.00867450237,0.000277989194728,609.210696254,0.0041426926,4.76,34.4552286678,0.494,3823
6.0,1.00794172287,0.000277916522464,609.27199544,0.0041426926,4.76,34.4552286678,0.494,3823
6.0,1.00869464874,0.00027798989322,609.333294624,0.0041426926,4.76,34.4552286678,0.494,3823
6.0,1.00865089893,0.000277952058241,609.394593705,0.0041426926,4.76,34.4552286678,0.494,3823
6.0,1.00954198837,0.000278020335827,609.455892984,0.0041426926,4.76,34.4552286678,0.494,3823
6.0,1.00884401798,0.000277943065157,609.517192161,0.0041426926,4.76,34.4552286678,0.494,3823
6.0,1.00856816769,0.000277982326224,609.578491336,0.0041426926,4.76,34.4552286678,0.494,3823
6.0,1.00855255127,0.000277977698715,609.639790508,0.0041426926,4.76,34.4552286678,0.494,3823
6.0,1.00912606716,0.000278018182144,609.701089677,0.0041426926,4.76,34.4552286678,0.494,3823
6.0,1.00866436958,0.000277989311144,609.762388845,0.0041426926,4.76,34.4552286678,0.494,3823
6.0,1.00824058056,0.000277933431789,609.82368801,0.0041426926,4.76,34.4552286678,0.494,3823
6.0,1.0088750124,0.000277942308458,609.884987172,0.0041426926,4.76,34.4552286678,0.494,3823
6.0,1.00918245316,0.00027796253562,609.946286432,0.0041426926,4.76,34.4552286678,0.494,3823
6.0,1.00877511501,0.000277977407677,610.00758559,0.0041426926,4.76,34.4552286678,0.494,3823
6.0,1.00886511803,0.000277931249002,610.068884746,0.0041426926,4.76,34.4552286678,0.494,3823
6.0,1.0089392662,0.00027793602203,610.130183898,0.0041426926,4.76,34.4552286678,0.494,3823
6.0,1.00909554958,0.000277964223642,610.211916099,0.0041426926,4.76,34.4552286678,0.494,3823
6.0,1.00841104984,0.000277915270999,610.273215247,0.0041426926,4.76,34.4552286678,0.494,3823
6.0,1.00850594044,0.000277952698525,610.334514392,0.0041426926,4.76,34.4552286678,0.494,3823
6.0,1.008852005,0.000277966028079,610.395813535,0.0041426926,4.76,34.4552286678,0.494,3823
6.0,1.00877678394,0.000277938233921,610.457112676,0.0041426926,4.76,34.4552286678,0.494,3823
6.0,1.00903391838,0.000277948071016,610.518411814,0.0041426926,4.76,34.4552286678,0.494,3823
6.0,1.00851869583,0.000277916988125,610.57971095,0.0041426926,4.76,34.4552286678,0.494,3823
6.0,1.00866580009,0.000277870276477,610.641010084,0.0041426926,4.76,34.4552286678,0.494,3823
6.0,1.00857269764,0.000277895131148,610.702309215,0.0041426926,4.76,34.4552286678,0.494,3823
6.0,1.00857460499,0.000277904269751,610.763608444,0.0041426926,4.76,34.4552286678,0.494,3823
6.0,1.00870513916,0.000277929590084,610.824907571,0.0041426926,4.76,34.4552286678,0.494,3823
6.0,1.0086171627,0.000277908402495,610.886206695,0.0041426926,4.76,34.4552286678,0.494,3823
6.0,1.00896453857,0.000277892278973,610.947505917,0.0041426926,4.76,34.4552286678,0.494,3823
6.0,1.00895619392,0.000277959101368,611.008805037,0.0041426926,4.76,34.4552286678,0.494,3823
6.0,1.00858306885,0.000277928833384,611.070104154,0.0041426926,4.76,34.4552286678,0.494,3823
6.0,1.00827813148,0.00027780723758,611.131403269,0.0041426926,4.76,34.4552286678,0.494,3823
6.0,1.00860774517,0.00027789521846,611.192702382,0.0041426926,4.76,34.4552286678,0.494,3823
6.0,1.00834548473,0.000277929910226,611.254001492,0.0041426926,4.76,34.4552286678,0.494,3823
6.0,1.00859045982,0.000277936691418,611.315300601,0.0041426926,4.76,34.4552286678,0.494,3823
6.0,1.0084066391,0.000277863146039,611.376599706,0.0041426926,4.76,34.4552286678,0.494,3823
6.0,1.00829660892,0.000277870800346,611.43789881,0.0041426926,4.76,34.4552286678,0.494,3823
6.0,1.00875151157,0.000277903105598,611.499197911,0.0041426926,4.76,34.4552286678,0.494,3823
6.0,1.00783598423,0.000277848826954,611.56049701,0.0041426926,4.76,34.4552286678,0.494,3823
6.0,1.00880551338,0.000277891260339,611.621796106,0.0041426926,4.76,34.4552286678,0.494,3823
6.0,1.00846648216,0.000277815735899,611.683095201,0.0041426926,4.76,34.4552286678,0.494,3823
6.0,1.00848412514,0.00027790205786,611.744394292,0.0041426926,4.76,34.4552286678,0.494,3823
6.0,1.00831317902,0.000277855229797,611.805693382,0.0041426926,4.76,34.4552286678,0.494,3823
6.0,1.00818002224,0.00027788290754,611.866992469,0.0041426926,4.76,34.4552286678,0.494,3823
6.0,1.00803565979,0.000277826358797,611.928291754,0.0041426926,4.76,34.4552286678,0.494,3823
6.0,1.00811696053,0.000277864106465,611.989590837,0.0041426926,4.76,34.4552286678,0.494,3823
6.0,1.00830042362,0.000277862040093,612.050889817,0.0041426926,4.76,34.4552286678,0.494,3823
6.0,1.00797724724,0.000277878687484,612.112188895,0.0041426926,4.76,34.4552286678,0.494,3823
6.0,1.00788128376,0.000277852814179,612.173487971,0.0041426926,4.76,34.4552286678,0.494,3823
6.0,1.00846946239,0.000277912884485,612.234787045,0.0041426926,4.76,34.4552286678,0.494,3823
6.0,1.00733006001,0.000277812767308,612.296086216,0.0041426926,4.76,34.4552286678,0.494,3823
6.0,1.00802564621,0.000277921732049,612.357385285,0.0041426926,4.76,34.4552286678,0.494,3823
6.0,1.00765252113,0.000277878571069,612.418684351,0.0041426926,4.76,34.4552286678,0.494,3823
6.0,1.00786602497,0.000277878105408,612.479983416,0.0041426926,4.76,34.4552286678,0.494,3823
6.0,1.00762867928,0.00027786262217,612.541282478,0.0041426926,4.76,34.4552286678,0.494,3823
6.0,1.00773108006,0.000277817831375,612.602581538,0.0041426926,4.76,34.4552286678,0.494,3823
6.0,1.00722241402,0.000277752522379,612.663880595,0.0041426926,4.76,34.4552286678,0.494,3823
6.0,1.00783061981,0.000277817482129,612.72517965,0.0041426926,4.76,34.4552286678,0.494,3823
6.0,1.00724208355,0.000277821498457,612.786478703,0.0041426926,4.76,34.4552286678,0.494,3823
6.0,1.00713169575,0.000277764891507,612.847777754,0.0041426926,4.76,34.4552286678,0.494,3823
6.0,1.00737833977,0.000277826242382,612.909076802,0.0041426926,4.76,34.4552286678,0.494,3823
6.0,1.00677478313,0.000277816754533,612.970375848,0.0041426926,4.76,34.4552286678,0.494,3823
6.0,1.00676727295,0.00027782827965,613.031674892,0.0041426926,4.76,34.4552286678,0.494,3823
6.0,1.00688195229,0.000277839077171,613.092973933,0.0041426926,4.76,34.4552286678,0.494,3823
6.0,1.00682032108,0.000277833081782,613.154273073,0.0041426926,4.76,34.4552286678,0.494,3823
6.0,1.00697827339,0.00027784879785,613.236005121,0.0041426926,4.76,34.4552286678,0.494,3823
6.0,1.00674450397,0.000277785467915,613.297304155,0.0041426926,4.76,34.4552286678,0.494,3823
6.0,1.00710439682,0.00027781171957,613.358603187,0.0041426926,4.76,34.4552286678,0.494,3823
6.0,1.00651454926,0.000277808518149,613.419902216,0.0041426926,4.76,34.4552286678,0.494,3823
6.0,1.00647497177,0.000277816987364,613.481201243,0.0041426926,4.76,34.4552286678,0.494,3823
6.0,1.00649285316,0.000277811224805,613.542500268,0.0041426926,4.76,34.4552286678,0.494,3823
6.0,1.00626957417,0.000277826271486,613.603799291,0.0041426926,4.76,34.4552286678,0.494,3823
6.0,1.00596797466,0.000277786515653,613.665098311,0.0041426926,4.76,34.4552286678,0.494,3823
6.0,1.00676596165,0.000277822662611,613.726397329,0.0041426926,4.76,34.4552286678,0.494,3823
6.0,1.00595140457,0.000277811544947,613.787696345,0.0041426926,4.76,34.4552286678,0.494,3823
6.0,1.00617980957,0.000277790590189,613.848995359,0.0041426926,4.76,34.4552286678,0.494,3823
6.0,1.00572884083,0.000277786079096,613.91029437,0.0041426926,4.76,34.4552286678,0.494,3823
6.0,1.00619339943,0.000277798681054,613.971593579,0.0041426926,4.76,34.4552286678,0.494,3823
6.0,1.00576293468,0.000277771614492,614.032892586,0.0041426926,4.76,34.4552286678,0.494,3823
6.0,1.00598073006,0.000277795363218,614.09419159,0.0041426926,4.76,34.4552286678,0.494,3823
6.0,1.00595128536,0.000277796760201,614.155490493,0.0041426926,4.76,34.4552286678,0.494,3823
6.0,1.00507152081,0.000277717219433,614.216789593,0.0041426926,4.76,34.4552286678,0.494,3823
6.0,1.0052229166,0.000277706072666,614.278088591,0.0041426926,4.76,34.4552286678,0.494,3823
6.0,1.00552475452,0.000277703511529,614.339387586,0.0041426926,4.76,34.4552286678,0.494,3823
6.0,1.00569355488,0.000277731305687,614.40068658,0.0041426926,4.76,34.4552286678,0.494,3823
6.0,1.0053139925,0.000277744606137,614.461985571,0.0041426926,4.76,34.4552286678,0.494,3823
6.0,1.00535905361,0.000277768995147,614.52328456,0.0041426926,4.76,34.4552286678,0.494,3823
6.0,1.00538933277,0.000277803163044,614.584583546,0.0041426926,4.76,34.4552286678,0.494,3823
6.0,1.00535261631,0.000277818297036,614.645882531,0.0041426926,4.76,34.4552286678,0.494,3823
6.0,1.00476646423,0.000277715618722,614.707181513,0.0041426926,4.76,34.4552286678,0.494,3823
6.0,1.00534713268,0.000277670536889,614.768480493,0.0041426926,4.76,34.4552286678,0.494,3823
6.0,1.00535368919,0.000277704646578,614.829779471,0.0041426926,4.76,34.4552286678,0.494,3823
6.0,1.00500965118,0.000277684710454,614.891078446,0.0041426926,4.76,34.4552286678,0.494,3823
6.0,1.00476336479,0.000277666025795,614.952377419,0.0041426926,4.76,34.4552286678,0.494,3823
6.0,1.00514781475,0.000277695129625,615.01367639,0.0041426926,4.76,34.4552286678,0.494,3823
6.0,1.00476324558,0.000277689250652,615.074975359,0.0041426926,4.76,34.4552286678,0.494,3823
6.0,1.00419044495,0.000277620129054,615.136274526,0.0041426926,4.76,34.4552286678,0.494,3823
6.0,1.00426888466,0.000277643703157,615.19757349,0.0041426926,4.76,34.4552286678,0.494,3823
6.0,1.00453078747,0.000277660583379,615.258872452,0.0041426926,4.76,34.4552286678,0.494,3823
6.0,1.00415313244,0.000277659506537,615.320171412,0.0041426926,4.76,34.4552286678,0.494,3823
6.0,1.00485301018,0.000277723098407,615.38147037,0.0041426926,4.76,34.4552286678,0.494,3823
6.0,1.00451815128,0.000277754472336,615.442769326,0.0041426926,4.76,34.4552286678,0.494,3823
6.0,1.00440120697,0.000277744955383,615.504068279,0.0041426926,4.76,34.4552286678,0.494,3823
6.0,1.00372707844,0.00027770048473,615.56536723,0.0041426926,4.76,34.4552286678,0.494,3823
6.0,1.00405430794,0.000277709506918,615.626666179,0.0041426926,4.76,34.4552286678,0.494,3823
6.0,1.0038214922,0.00027765793493,615.687965126,0.0041426926,4.76,34.4552286678,0.494,3823
6.0,1.00375115871,0.000277653336525,615.74926407,0.0041426926,4.76,34.4552286678,0.494,3823
6.0,1.00380158424,0.000277703162283,615.810563012,0.0041426926,4.76,34.4552286678,0.494,3823
6.0,1.00347507,0.000277678365819,615.871861953,0.0041426926,4.76,34.4552286678,0.494,3823
6.0,1.0043708086,0.000277695682598,615.93316089,0.0041426926,4.76,34.4552286678,0.494,3823
6.0,1.00388383865,0.000277684943285,615.994459826,0.0041426926,4.76,34.4552286678,0.494,3823
6.0,1.00367558002,0.000277728540823,616.055758759,0.0041426926,4.76,34.4552286678,0.494,3823
6.0,1.00307703018,0.000277658517007,616.117057691,0.0041426926,4.76,34.4552286678,0.494,3823
6.0,1.00369954109,0.000277688232018,616.198789696,0.0041426926,4.76,34.4552286678,0.494,3823
6.0,1.00312662125,0.000277678394923,616.260088622,0.0041426926,4.76,34.4552286678,0.494,3823
6.0,1.00304567814,0.000277681829175,616.321387546,0.0041426926,4.76,34.4552286678,0.494,3823
6.0,1.00273752213,0.000277636543615,616.382686468,0.0041426926,4.76,34.4552286678,0.494,3823
6.0,1.00248479843,0.000277622195426,616.443985387,0.0041426926,4.76,34.4552286678,0.494,3823
6.0,1.00209641457,0.000277556770016,616.505284305,0.0041426926,4.76,34.4552286678,0.494,3823
6.0,1.00230121613,0.000277609418845,616.56658322,0.0041426926,4.76,34.4552286678,0.494,3823
6.0,1.0026665926,0.000277583691059,616.627882133,0.0041426926,4.76,34.4552286678,0.494,3823
6.0,1.00350642204,0.00027772699832,616.689181044,0.0041426926,4.76,34.4552286678,0.494,3823
6.0,1.00234484673,0.000277547602309,616.750479953,0.0041426926,4.76,34.4552286678,0.494,3823
6.0,1.00238907337,0.000277574494248,616.81177896,0.0041426926,4.76,34.4552286678,0.494,3823
6.0,1.00199842453,0.00027754122857,616.873077864,0.0041426926,4.76,34.4552286678,0.494,3823
6.0,1.00204467773,0.00027753986069,616.934376666,0.0041426926,4.76,34.4552286678,0.494,3823
6.0,1.00162279606,0.000277601619018,616.995675566,0.0041426926,4.76,34.4552286678,0.494,3823
6.0,1.0019916296,0.000277634389931,617.056974464,0.0041426926,4.76,34.4552286678,0.494,3823
6.0,1.00232493877,0.000277642859146,617.11827356,0.0041426926,4.76,34.4552286678,0.494,3823
6.0,1.00204479694,0.000277648214251,617.179572453,0.0041426926,4.76,34.4552286678,0.494,3823
6.0,1.00195717812,0.000277642364381,617.240871345,0.0041426926,4.76,34.4552286678,0.494,3823
6.0,1.0015873909,0.000277624611044,617.302170234,0.0041426926,4.76,34.4552286678,0.494,3823
6.0,1.00205743313,0.000277669401839,617.363469121,0.0041426926,4.76,34.4552286678,0.494,3823
6.0,1.00182032585,0.00027764699189,617.424768006,0.0041426926,4.76,34.4552286678,0.494,3823
6.0,1.00123786926,0.000277598854154,617.486066889,0.0041426926,4.76,34.4552286678,0.494,3823
6.0,1.00125598907,0.00027757146745,617.547365769,0.0041426926,4.76,34.4552286678,0.494,3823
6.0,1.00164461136,0.000277627579635,617.608664648,0.0041426926,4.76,34.4552286678,0.494,3823
6.0,1.00191044807,0.000277685525361,617.669963524,0.0041426926,4.76,34.4552286678,0.494,3823
6.0,1.00141918659,0.000277574697975,617.731262398,0.0041426926,4.76,34.4552286678,0.494,3823
6.0,1.00163817406,0.000277586077573,617.79256127,0.0041426926,4.76,34.4552286678,0.494,3823
6.0,1.00118851662,0.000277489976725,617.85386014,0.0041426926,4.76,34.4552286678,0.494,3823
6.0,1.00123786926,0.000277515384369,617.915159008,0.0041426926,4.76,34.4552286678,0.494,3823
6.0,1.00070500374,0.000277503859252,617.976457873,0.0041426926,4.76,34.4552286678,0.494,3823
6.0,1.0007866621,0.000277578772511,618.037756737,0.0041426926,4.76,34.4552286678,0.494,3823
6.0,1.0009008646,0.000277635554085,618.099055598,0.0041426926,4.76,34.4552286678,0.494,3823
6.0,1.00050079823,0.000277564802673,618.160354457,0.0041426926,4.76,34.4552286678,0.494,3823
6.0,1.00078070164,0.000277582003037,618.221653414,0.0041426926,4.76,34.4552286678,0.494,3823
6.0,1.00085616112,0.000277572253253,618.282952269,0.0041426926,4.76,34.4552286678,0.494,3823
6.0,1.00099945068,0.000277540500974,618.344251122,0.0041426926,4.76,34.4552286678,0.494,3823
6.0,1.00078976154,0.000277508166619,618.405550073,0.0041426926,4.76,34.4552286678,0.494,3823
6.0,1.00067079067,0.000277556478977,618.466848921,0.0041426926,4.76,34.4552286678,0.494,3823
6.0,0.999819755554,0.00027752405731,618.528147768,0.0041426926,4.76,34.4552286678,0.494,3823
6.0,1.00002062321,0.000277549843304,618.589446612,0.0041426926,4.76,34.4552286678,0.494,3823
6.0,1.00031483173,0.000277548911981,618.650745454,0.0041426926,4.76,34.4552286678,0.494,3823
6.0,0.999682545662,0.000277527811704,618.712044294,0.0041426926,4.76,34.4552286678,0.494,3823
6.0,0.999720036983,0.000277499202639,618.773343132,0.0041426926,4.76,34.4552286678,0.494,3823
6.0,0.999592721462,0.000277523591649,618.834641968,0.0041426926,4.76,34.4552286678,0.494,3823
6.0,0.999357819557,0.00027746122214,618.895940802,0.0041426926,4.76,34.4552286678,0.494,3823
6.0,0.998947918415,0.000277453451417,618.957239633,0.0041426926,4.76,34.4552286678,0.494,3823
6.0,0.999621748924,0.000277500570519,619.018538462,0.0041426926,4.76,34.4552286678,0.494,3823
6.0,0.999593317509,0.000277497892966,619.07983729,0.0041426926,4.76,34.4552286678,0.494,3823
6.0,0.999358892441,0.000277491490124,619.161569156,0.0041426926,4.76,34.4552286678,0.494,3823
6.0,0.998871207237,0.000277504732367,619.222867979,0.0041426926,4.76,34.4552286678,0.494,3823
6.0,0.999279201031,0.000277531013126,619.284166799,0.0041426926,4.76,34.4552286678,0.494,3823
6.0,0.998828351498,0.000277505925624,619.345465618,0.0041426926,4.76,34.4552286678,0.494,3823
6.0,0.998187482357,0.000277473096503,619.406764434,0.0041426926,4.76,34.4552286678,0.494,3823
6.0,0.998282551765,0.00027747778222,619.468063248,0.0041426926,4.76,34.4552286678,0.494,3823
6.0,0.998537182808,0.000277460989309,619.52936206,0.0041426926,4.76,34.4552286678,0.494,3823
6.0,0.998033225536,0.00027743895771,619.590660869,0.0041426926,4.76,34.4552286678,0.494,3823
6.0,0.998618364334,0.000277518178336,619.651959677,0.0041426926,4.76,34.4552286678,0.494,3823
6.0,0.998590290546,0.000277500250377,619.713258483,0.0041426926,4.76,34.4552286678,0.494,3823
6.0,0.998083353043,0.00027745924308,619.774557287,0.0041426926,4.76,34.4552286678,0.494,3823
6.0,0.998192965984,0.000277490151348,619.835856088,0.0041426926,4.76,34.4552286678,0.494,3823
6.0,0.997784674168,0.000277455867035,619.897154888,0.0041426926,4.76,34.4552286678,0.494,3823
6.0,0.997862994671,0.000277472601738,619.958453685,0.0041426926,4.76,34.4552286678,0.494,3823
6.0,0.997392237186,0.000277449726127,620.01975248,0.0041426926,4.76,34.4552286678,0.494,3823
6.0,0.997665882111,0.000277461105725,620.081051373,0.0041426926,4.76,34.4552286678,0.494,3823
6.0,0.99740165472,0.000277423387161,620.142350164,0.0041426926,4.76,34.4552286678,0.494,3823
6.0,0.997232437134,0.000277418585028,620.203648953,0.0041426926,4.76,34.4552286678,0.494,3823
6.0,0.996812403202,0.000277374958387,620.26494774,0.0041426926,4.76,34.4552286678,0.494,3823
6.0,0.997195363045,0.000277419545455,620.326246525,0.0041426926,4.76,34.4552286678,0.494,3823
6.0,0.997041523457,0.000277412938885,620.387545408,0.0041426926,4.76,34.4552286678,0.494,3823
6.0,0.996735334396,0.000277398241451,620.448844189,0.0041426926,4.76,34.4552286678,0.494,3823
6.0,0.996747076511,0.000277404062217,620.510142968,0.0041426926,4.76,34.4552286678,0.494,3823
6.0,0.996627509594,0.000277393555734,620.571441744,0.0041426926,4.76,34.4552286678,0.494,3823
6.0,0.996879935265,0.000277414306765,620.632740519,0.0041426926,4.76,34.4552286678,0.494,3823
6.0,0.995805263519,0.00027732521994,620.694039292,0.0041426926,4.76,34.4552286678,0.494,3823
6.0,0.996603608131,0.000277392449789,620.755338062,0.0041426926,4.76,34.4552286678,0.494,3823
6.0,0.99642342329,0.000277374667348,620.81663683,0.0041426926,4.76,34.4552286678,0.494,3823
6.0,0.99644523859,0.000277364073554,620.877935597,0.0041426926,4.76,34.4552286678,0.494,3823
6.0,0.996056318283,0.000277344748611,620.939234361,0.0041426926,4.76,34.4552286678,0.494,3823
6.0,0.995986044407,0.000277312414255,621.000533123,0.0041426926,4.76,34.4552286678,0.494,3823
6.0,0.996240675449,0.000277372513665,621.061831883,0.0041426926,4.76,34.4552286678,0.494,3823
6.0,0.995779275894,0.000277305109194,621.123130642,0.0041426926,4.76,34.4552286678,0.494,3823
6.0,0.995093345642,0.000277307786746,621.184429398,0.0041426926,4.76,34.4552286678,0.494,3823
6.0,0.995470106602,0.000277297658613,621.245728152,0.0041426926,4.76,34.4552286678,0.494,3823
6.0,0.995597183704,0.000277323386399,621.307026904,0.0041426926,4.76,34.4552286678,0.494,3823
6.0,0.995169937611,0.00027729436988,621.368325654,0.0041426926,4.76,34.4552286678,0.494,3823
6.0,0.994806528091,0.000277265295153,621.429624402,0.0041426926,4.76,34.4552286678,0.494,3823
6.0,0.995194137096,0.000277290499071,621.490923248,0.0041426926,4.76,34.4552286678,0.494,3823
6.0,0.994859099388,0.000277288316283,621.552221992,0.0041426926,4.76,34.4552286678,0.494,3823
6.0,0.995705783367,0.000277322105831,621.613520833,0.0041426926,4.76,34.4552286678,0.494,3823
6.0,0.994690001011,0.000277288374491,621.674819573,0.0041426926,4.76,34.4552286678,0.494,3823
6.0,0.994868159294,0.000277301296592,621.736118311,0.0041426926,4.76,34.4552286678,0.494,3823
6.0,0.994676828384,0.000277280778391,621.797417047,0.0041426926,4.76,34.4552286678,0.494,3823
6.0,0.994439542294,0.000277275132248,621.85871578,0.0041426926,4.76,34.4552286678,0.494,3823
6.0,0.994443893433,0.000277280487353,621.920014512,0.0041426926,4.76,34.4552286678,0.494,3823
6.0,0.994574546814,0.00027724384563,621.981313242,0.0041426926,4.76,34.4552286678,0.494,3823
6.0,0.994197905064,0.000277275277767,622.04261197,0.0041426926,4.76,34.4552286678,0.494,3823
6.0,0.994168102741,0.000277280894807,622.124343603,0.0041426926,4.76,34.4552286678,0.494,3823
6.0,0.994597256184,0.000277301180176,622.185642327,0.0041426926,4.76,34.4552286678,0.494,3823
6.0,0.993925869465,0.000277235667454,622.246941047,0.0041426926,4.76,34.4552286678,0.494,3823
6.0,0.993874967098,0.000277233135421,622.308239766,0.0041426926,4.76,34.4552286678,0.494,3823
6.0,0.994169533253,0.000277222628938,622.369538583,0.0041426926,4.76,34.4552286678,0.494,3823
6.0,0.993819415569,0.000277222367004,622.430837298,0.0041426926,4.76,34.4552286678,0.494,3823
6.0,0.993610203266,0.000277182552963,622.492136011,0.0041426926,4.76,34.4552286678,0.494,3823
6.0,0.993601441383,0.000277182727586,622.553434722,0.0041426926,4.76,34.4552286678,0.494,3823
6.0,0.993799269199,0.000277201004792,622.614733431,0.0041426926,4.76,34.4552286678,0.494,3823
6.0,0.9938980937,0.000277218292467,622.676032138,0.0041426926,4.76,34.4552286678,0.494,3823
6.0,0.993265092373,0.000277186103631,622.737330843,0.0041426926,4.76,34.4552286678,0.494,3823
6.0,0.993599832058,0.000277221231954,622.798629546,0.0041426926,4.76,34.4552286678,0.494,3823
6.0,0.993345141411,0.000277179671684,622.859928247,0.0041426926,4.76,34.4552286678,0.494,3823
6.0,0.993650376797,0.000277199200355,622.921226946,0.0041426926,4.76,34.4552286678,0.494,3823
6.0,0.993197619915,0.000277154118521,622.982525743,0.0041426926,4.76,34.4552286678,0.494,3823
6.0,0.993309080601,0.000277166604064,623.043824438,0.0041426926,4.76,34.4552286678,0.494,3823
6.0,0.993540585041,0.000277200451819,623.105123031,0.0041426926,4.76,34.4552286678,0.494,3823
6.0,0.993416070938,0.000277179118712,623.166421722,0.0041426926,4.76,34.4552286678,0.494,3823
6.0,0.99302136898,0.00027716497425,623.227720411,0.0041426926,4.76,34.4552286678,0.494,3823
6.0,0.993183016777,0.000277169310721,623.289019099,0.0041426926,4.76,34.4552286678,0.494,3823
6.0,0.993418037891,0.000277178740362,623.350317884,0.0041426926,4.76,34.4552286678,0.494,3823
6.0,0.993167221546,0.000277161423583,623.411616567,0.0041426926,4.76,34.4552286678,0.494,3823
6.0,0.992645204067,0.000277149898466,623.472915248,0.0041426926,4.76,34.4552286678,0.494,3823
6.0,0.992987394333,0.000277164857835,623.534213927,0.0041426926,4.76,34.4552286678,0.494,3823
6.0,0.992912828922,0.000277134968201,623.595512705,0.0041426926,4.76,34.4552286678,0.494,3823
6.0,0.992998957634,0.000277152954368,623.65681138,0.0041426926,4.76,34.4552286678,0.494,3823
6.0,0.993019342422,0.000277154758805,623.718110053,0.0041426926,4.76,34.4552286678,0.494,3823
6.0,0.993519544601,0.000277182058198,623.779408725,0.0041426926,4.76,34.4552286678,0.494,3823
6.0,0.993218779564,0.000277210929198,623.840707394,0.0041426926,4.76,34.4552286678,0.494,3823
6.0,0.99293923378,0.000277137296507,623.902006061,0.0041426926,4.76,34.4552286678,0.494,3823
6.0,0.992549538612,0.000277110288152,623.963304727,0.0041426926,4.76,34.4552286678,0.494,3823
6.0,0.992875039577,0.000277122453554,624.02460339,0.0041426926,4.76,34.4552286678,0.494,3823
6.0,0.993195295334,0.000277154351352,624.085902052,0.0041426926,4.76,34.4552286678,0.494,3823
6.0,0.99289637804,0.000277106562862,624.147200712,0.0041426926,4.76,34.4552286678,0.494,3823
6.0,0.992714345455,0.000277135579381,624.208499369,0.0041426926,4.76,34.4552286678,0.494,3823
6.0,0.993134081364,0.000277166283922,624.269798025,0.0041426926,4.76,34.4552286678,0.494,3823
6.0,0.993336975574,0.000277160201222,624.331096779,0.0041426926,4.76,34.4552286678,0.494,3823
6.0,0.992992639542,0.000277155340882,624.392395431,0.0041426926,4.76,34.4552286678,0.494,3823
6.0,0.992588877678,0.00027708671405,624.453694081,0.0041426926,4.76,34.4552286678,0.494,3823
6.0,0.992566823959,0.00027710973518,624.514992629,0.0041426926,4.76,34.4552286678,0.494,3823
6.0,0.992807388306,0.000277134036878,624.576291275,0.0041426926,4.76,34.4552286678,0.494,3823
6.0,0.993581533432,0.00027717105695,624.637589919,0.0041426926,4.76,34.4552286678,0.494,3823
6.0,0.993553757668,0.000277174985968,624.698888661,0.0041426926,4.76,34.4552286678,0.494,3823
6.0,0.993093311787,0.00027712926385,624.760187402,0.0041426926,4.76,34.4552286678,0.494,3823
6.0,0.992955267429,0.000277110782918,624.82148604,0.0041426926,4.76,34.4552286678,0.494,3823
6.0,0.992467403412,0.000277084065601,624.882784676,0.0041426926,4.76,34.4552286678,0.494,3823
6.0,0.992907941341,0.00027713336749,624.944083311,0.0041426926,4.76,34.4552286678,0.494,3823
6.0,0.993243098259,0.000277156417724,625.005381943,0.0041426926,4.76,34.4552286678,0.494,3823
6.0,0.993201434612,0.00027713138843,625.066680574,0.0041426926,4.76,34.4552286678,0.494,3823
6.0,0.993385493755,0.00027715129545,625.148411979,0.0041426926,4.76,34.4552286678,0.494,3823
6.0,0.993869364262,0.000277161336271,625.209710605,0.0041426926,4.76,34.4552286678,0.494,3823
6.0,0.993587017059,0.000277131737676,625.271009329,0.0041426926,4.76,34.4552286678,0.494,3823
6.0,0.993394434452,0.000277131126495,625.332307951,0.0041426926,4.76,34.4552286678,0.494,3823
6.0,0.993808746338,0.000277159066172,625.393606572,0.0041426926,4.76,34.4552286678,0.494,3823
6.0,0.993903636932,0.00027713412419,625.45490519,0.0041426926,4.76,34.4552286678,0.494,3823
6.0,0.993661284447,0.000277167186141,625.516203807,0.0041426926,4.76,34.4552286678,0.494,3823
6.0,0.993197619915,0.000277113867924,625.577502522,0.0041426926,4.76,34.4552286678,0.494,3823
6.0,0.993571221828,0.000277102924883,625.638801135,0.0041426926,4.76,34.4552286678,0.494,3823
6.0,0.993684470654,0.000277115497738,625.700099746,0.0041426926,4.76,34.4552286678,0.494,3823
6.0,0.993837237358,0.000277137180092,625.761398355,0.0041426926,4.76,34.4552286678,0.494,3823
6.0,0.993445575237,0.000277081882814,625.822696962,0.0041426926,4.76,34.4552286678,0.494,3823
6.0,0.993605732918,0.000277119572274,625.883995567,0.0041426926,4.76,34.4552286678,0.494,3823
6.0,0.994140505791,0.000277167127933,625.945294171,0.0041426926,4.76,34.4552286678,0.494,3823
6.0,0.993598222733,0.000277147279121,626.006592772,0.0041426926,4.76,34.4552286678,0.494,3823
6.0,0.993468701839,0.000277145911241,626.067891372,0.0041426926,4.76,34.4552286678,0.494,3823
6.0,0.993783175945,0.000277180224657,626.12918997,0.0041426926,4.76,34.4552286678,0.494,3823
6.0,0.994065403938,0.000277160957921,626.190488566,0.0041426926,4.76,34.4552286678,0.494,3823
6.0,0.994276583195,0.000277178070974,626.25178726,0.0041426926,4.76,34.4552286678,0.494,3823
6.0,0.993957102299,0.000277127546724,626.313085852,0.0041426926,4.76,34.4552286678,0.494,3823
6.0,0.994250774384,0.000277130748145,626.374384442,0.0041426926,4.76,34.4552286678,0.494,3823
6.0,0.994005918503,0.000277122919215,626.43568303,0.0041426926,4.76,34.4552286678,0.494,3823
6.0,0.993449807167,0.00027708846028,626.496981617,0.0041426926,4.76,34.4552286678,0.494,3823
6.0,0.993940234184,0.000277106213616,626.558280102,0.0041426926,4.76,34.4552286678,0.494,3823
6.0,0.993999660015,0.000277130893664,626.619578784,0.0041426926,4.76,34.4552286678,0.494,3823
6.0,0.994113385677,0.000277120852843,626.680877365,0.0041426926,4.76,34.4552286678,0.494,3823
6.0,0.994458794594,0.000277333136182,626.742176044,0.0041426926,4.76,34.4552286678,0.494,3823
6.0,0.994328558445,0.000277153041679,626.803474621,0.0041426926,4.76,34.4552286678,0.494,3823
6.0,0.994186043739,0.000277134822682,626.864773197,0.0041426926,4.76,34.4552286678,0.494,3823
6.0,0.994676351547,0.00027719992795,626.92607177,0.0041426926,4.76,34.4552286678,0.494,3823
6.0,0.994612514973,0.000277153449133,626.987370342,0.0041426926,4.76,34.4552286678,0.494,3823
6.0,0.994643986225,0.000277156213997,627.048668912,0.0041426926,4.76,34.4552286678,0.494,3823
6.0,0.994600951672,0.000277143146377,627.10996748,0.0041426926,4.76,34.4552286678,0.494,3823
6.0,0.994247853756,0.000277143408312,627.171266046,0.0041426926,4.76,34.4552286678,0.494,3823
6.0,0.994797646999,0.000277171959169,627.23256461,0.0041426926,4.76,34.4552286678,0.494,3823
6.0,0.99411547184,0.000277087470749,627.293863172,0.0041426926,4.76,34.4552286678,0.494,3823
6.0,0.994375824928,0.000277099228697,627.355161733,0.0041426926,4.76,34.4552286678,0.494,3823
6.0,0.994936287403,0.000277128943708,627.416460292,0.0041426926,4.76,34.4552286678,0.494,3823
6.0,0.994537711143,0.000277118437225,627.477758849,0.0041426926,4.76,34.4552286678,0.494,3823
6.0,0.995203912258,0.00027717454941,627.539057404,0.0041426926,4.76,34.4552286678,0.494,3823
6.0,0.995037674904,0.00027713921736,627.600356057,0.0041426926,4.76,34.4552286678,0.494,3823
6.0,0.995671749115,0.00027717766352,627.661654608,0.0041426926,4.76,34.4552286678,0.494,3823
6.0,0.994888365269,0.000277195038507,627.722953158,0.0041426926,4.76,34.4552286678,0.494,3823
6.0,0.995244383812,0.000277165643638,627.784251706,0.0041426926,4.76,34.4552286678,0.494,3823
6.0,0.995302319527,0.000277196173556,627.845550152,0.0041426926,4.76,34.4552286678,0.494,3823
6.0,0.99548047781,0.000277161307167,627.906848896,0.0041426926,4.76,34.4552286678,0.494,3823
6.0,0.995333075523,0.000277183309663,627.968147438,0.0041426926,4.76,34.4552286678,0.494,3823
6.0,0.995719254017,0.000277166982414,628.029445978,0.0041426926,4.76,34.4552286678,0.494,3823
6.0,0.995943546295,0.000277272163657,628.111177363,0.0041426926,4.76,34.4552286678,0.494,3823
6.0,0.995382666588,0.000277189159533,628.172475899,0.0041426926,4.76,34.4552286678,0.494,3823
6.0,0.995895087719,0.000277238170383,628.233774434,0.0041426926,4.76,34.4552286678,0.494,3823
6.0,0.995405912399,0.000277145474683,628.295072966,0.0041426926,4.76,34.4552286678,0.494,3823
6.0,0.996053636074,0.000277208775515,628.356371497,0.0041426926,4.76,34.4552286678,0.494,3823
6.0,0.996025562286,0.00027719247737,628.417670026,0.0041426926,4.76,34.4552286678,0.494,3823
6.0,0.995964705944,0.000277201994322,628.478968553,0.0041426926,4.76,34.4552286678,0.494,3823
6.0,0.995951116085,0.000277213286608,628.540267079,0.0041426926,4.76,34.4552286678,0.494,3823
6.0,0.995902478695,0.000277165148873,628.601565603,0.0041426926,4.76,34.4552286678,0.494,3823
6.0,0.995874404907,0.000277135375654,628.662864124,0.0041426926,4.76,34.4552286678,0.494,3823
6.0,0.995941638947,0.000277181126876,628.724162744,0.0041426926,4.76,34.4552286678,0.494,3823
6.0,0.996203839779,0.00027718822821,628.785461263,0.0041426926,4.76,34.4552286678,0.494,3823
6.0,0.996047973633,0.000277159997495,628.846759779,0.0041426926,4.76,34.4552286678,0.494,3823
6.0,0.996397435665,0.000277144019492,628.908058294,0.0041426926,4.76,34.4552286678,0.494,3823
6.0,0.996092915535,0.000277153536445,628.969356807,0.0041426926,4.76,34.4552286678,0.494,3823
6.0,0.995875418186,0.000277152401395,629.030655318,0.0041426926,4.76,34.4552286678,0.494,3823
6.0,0.995187103748,0.00027709826827,629.091953927,0.0041426926,4.76,34.4552286678,0.494,3823
6.0,0.998100936413,0.000277392042335,629.153252435,0.0041426926,4.76,34.4552286678,0.494,3823
6.0,0.995664417744,0.000277153478237,629.214550941,0.0041426926,4.76,34.4552286678,0.494,3823
6.0,0.996306121349,0.00027719582431,629.296282179,0.0041426926,4.76,34.4552286678,0.494,3823
7.0,1.00094819069,0.000231877726037,630.236199853,0.0041426926,4.76,34.4552286678,0.494,3823
7.0,0.999154150486,0.000231906422414,630.297498328,0.0041426926,4.76,34.4552286678,0.494,3823
7.0,0.998427152634,0.000231947313296,630.358796801,0.0041426926,4.76,34.4552286678,0.494,3823
7.0,0.998093783855,0.000231993661146,630.440528096,0.0041426926,4.76,34.4552286678,0.494,3823
7.0,0.997555434704,0.000231975180213,630.501826565,0.0041426926,4.76,34.4552286678,0.494,3823
7.0,0.996894538403,0.000232024365687,630.563124932,0.0041426926,4.76,34.4552286678,0.494,3823
7.0,0.996321260929,0.000232081394643,630.624423398,0.0041426926,4.76,34.4552286678,0.494,3823
7.0,0.995514571667,0.000232061021961,630.685721862,0.0041426926,4.76,34.4552286678,0.494,3823
7.0,0.995185732841,0.000232092847,630.747020324,0.0041426926,4.76,34.4552286678,0.494,3823
7.0,0.994869828224,0.000232134581893,630.808318785,0.0041426926,4.76,34.4552286678,0.494,3823
7.0,0.995137214661,0.000232217920711,630.951348619,0.0041426926,4.76,34.4552286678,0.494,3823
7.0,0.99462813139,0.000232469305047,631.707362977,0.0041426926,4.76,34.4552286678,0.494,3823
7.0,0.995341598988,0.000232524427702,631.768661411,0.0041426926,4.76,34.4552286678,0.494,3823
7.0,0.996050357819,0.000232601145399,631.829959844,0.0041426926,4.76,34.4552286678,0.494,3823
7.0,0.996489703655,0.000232580379816,631.891258274,0.0041426926,4.76,34.4552286678,0.494,3823
7.0,0.997145712376,0.000232630976825,631.952556703,0.0041426926,4.76,34.4552286678,0.494,3823
7.0,0.996443808079,0.000232587772189,632.01385513,0.0041426926,4.76,34.4552286678,0.494,3823
7.0,0.99686974287,0.000232670819969,632.075153556,0.0041426926,4.76,34.4552286678,0.494,3823
7.0,0.996685147285,0.000232665115618,632.13645208,0.0041426926,4.76,34.4552286678,0.494,3823
7.0,0.996360063553,0.000232659454923,632.197750502,0.0041426926,4.76,34.4552286678,0.494,3823
7.0,0.99667185545,0.00023270562815,632.279481729,0.0041426926,4.76,34.4552286678,0.494,3823
7.0,0.996987521648,0.000232686492382,632.340780148,0.0041426926,4.76,34.4552286678,0.494,3823
7.0,0.997655272484,0.000232728285482,632.402078565,0.0041426926,4.76,34.4552286678,0.494,3823
7.0,0.997451484203,0.000232749371207,632.46337698,0.0041426926,4.76,34.4552286678,0.494,3823
7.0,0.997296988964,0.000232723701629,632.524675393,0.0041426926,4.76,34.4552286678,0.494,3823
7.0,0.997562408447,0.000232761813095,632.585973805,0.0041426926,4.76,34.4552286678,0.494,3823
7.0,0.997223615646,0.000232738442719,632.647272215,0.0041426926,4.76,34.4552286678,0.494,3823
7.0,0.997097074986,0.000232700855122,632.708570724,0.0041426926,4.76,34.4552286678,0.494,3823
7.0,0.997282445431,0.000232778402278,632.769869131,0.0041426926,4.76,34.4552286678,0.494,3823
7.0,0.99725484848,0.000232762366068,632.831167536,0.0041426926,4.76,34.4552286678,0.494,3823
7.0,0.997308015823,0.000232796141063,632.89246594,0.0041426926,4.76,34.4552286678,0.494,3823
7.0,0.997751355171,0.0002328488481,632.953764342,0.0041426926,4.76,34.4552286678,0.494,3823
7.0,0.99717348814,0.000232823716942,633.015062842,0.0041426926,4.76,34.4552286678,0.494,3823
7.0,0.997318565845,0.000232841528486,633.076361241,0.0041426926,4.76,34.4552286678,0.494,3823
7.0,0.998226463795,0.000232855541981,633.137659638,0.0041426926,4.76,34.4552286678,0.494,3823
7.0,0.998786091805,0.000232867372688,633.198958034,0.0041426926,4.76,34.4552286678,0.494,3823
7.0,0.997989177704,0.000232789214351,633.260256327,0.0041426926,4.76,34.4552286678,0.494,3823
7.0,0.997891962528,0.000232871156186,633.32155472,0.0041426926,4.76,34.4552286678,0.494,3823
7.0,0.998662352562,0.000232904072618,633.38285321,0.0041426926,4.76,34.4552286678,0.494,3823
7.0,0.998885571957,0.000232880265685,633.444151599,0.0041426926,4.76,34.4552286678,0.494,3823
7.0,0.999123990536,0.00023292574042,633.505449987,0.0041426926,4.76,34.4552286678,0.494,3823
7.0,0.998742222786,0.000232935577515,633.566748473,0.0041426926,4.76,34.4552286678,0.494,3823
7.0,0.999574124813,0.000232962993323,633.628046857,0.0041426926,4.76,34.4552286678,0.494,3823
7.0,0.999091029167,0.00023299062741,633.68934524,0.0041426926,4.76,34.4552286678,0.494,3823
7.0,0.998366951942,0.000232982973102,633.750643621,0.0041426926,4.76,34.4552286678,0.494,3823
7.0,0.998913407326,0.000233000493608,633.811942,0.0041426926,4.76,34.4552286678,0.494,3823
7.0,0.999997735023,0.00023299442546,633.873240378,0.0041426926,4.76,34.4552286678,0.494,3823
7.0,1.00117254257,0.000232982783928,633.934538754,0.0041426926,4.76,34.4552286678,0.494,3823
7.0,1.00089859962,0.000232994076214,633.995837129,0.0041426926,4.76,34.4552286678,0.494,3823
7.0,1.00077426434,0.000233018581639,634.057135502,0.0041426926,4.76,34.4552286678,0.494,3823
7.0,1.00012397766,0.000233065205975,634.118433873,0.0041426926,4.76,34.4552286678,0.494,3823
7.0,0.999290525913,0.000233053186093,634.179732243,0.0041426926,4.76,34.4552286678,0.494,3823
7.0,0.998663902283,0.000233031722018,634.241030611,0.0041426926,4.76,34.4552286678,0.494,3823
7.0,0.999112904072,0.0002330403222,634.302328978,0.0041426926,4.76,34.4552286678,0.494,3823
7.0,0.999311029911,0.000233060767641,634.363627443,0.0041426926,4.76,34.4552286678,0.494,3823
7.0,0.999020218849,0.000233032100368,634.424925907,0.0041426926,4.76,34.4552286678,0.494,3823
7.0,0.999357521534,0.000233067941735,634.486224269,0.0041426926,4.76,34.4552286678,0.494,3823
7.0,0.999129056931,0.000233108861721,634.547522629,0.0041426926,4.76,34.4552286678,0.494,3823
7.0,0.999061346054,0.000233087543165,634.608820988,0.0041426926,4.76,34.4552286678,0.494,3823
7.0,0.999796450138,0.000233130413108,634.670119345,0.0041426926,4.76,34.4552286678,0.494,3823
7.0,0.999474585056,0.000233141618082,634.731417701,0.0041426926,4.76,34.4552286678,0.494,3823
7.0,0.999206244946,0.000233140090131,634.792716055,0.0041426926,4.76,34.4552286678,0.494,3823
7.0,0.999939203262,0.000233092156122,634.854014408,0.0041426926,4.76,34.4552286678,0.494,3823
7.0,1.00045800209,0.000233136379393,634.915312759,0.0041426926,4.76,34.4552286678,0.494,3823
7.0,1.00070035458,0.00023316910665,634.976611108,0.0041426926,4.76,34.4552286678,0.494,3823
7.0,1.00044667721,0.000233160812058,635.037909456,0.0041426926,4.76,34.4552286678,0.494,3823
7.0,1.0003606081,0.000233159400523,635.099207803,0.0041426926,4.76,34.4552286678,0.494,3823
7.0,1.00012648106,0.000233167374972,635.160506147,0.0041426926,4.76,34.4552286678,0.494,3823
7.0,1.00092232227,0.00023328170937,635.242237371,0.0041426926,4.76,34.4552286678,0.494,3823
7.0,1.00047683716,0.000233216254856,635.303535713,0.0041426926,4.76,34.4552286678,0.494,3823
7.0,1.00098955631,0.000233241735259,635.364834052,0.0041426926,4.76,34.4552286678,0.494,3823
7.0,1.00054490566,0.000233266560826,635.426132391,0.0041426926,4.76,34.4552286678,0.494,3823
7.0,1.00018262863,0.000233253143961,635.487430727,0.0041426926,4.76,34.4552286678,0.494,3823
7.0,1.00065898895,0.000233250801102,635.548729062,0.0041426926,4.76,34.4552286678,0.494,3823
7.0,1.00059866905,0.000233281461988,635.610027396,0.0041426926,4.76,34.4552286678,0.494,3823
7.0,1.00114572048,0.000233302460401,635.671325728,0.0041426926,4.76,34.4552286678,0.494,3823
7.0,1.00066065788,0.000233240512898,635.732624059,0.0041426926,4.76,34.4552286678,0.494,3823
7.0,1.00126886368,0.000233317827224,635.793922388,0.0041426926,4.76,34.4552286678,0.494,3823
7.0,1.00107324123,0.000233278129599,635.855220815,0.0041426926,4.76,34.4552286678,0.494,3823
7.0,1.00127410889,0.000233293554629,635.916519141,0.0041426926,4.76,34.4552286678,0.494,3823
7.0,1.00149190426,0.000233333033975,635.977817466,0.0041426926,4.76,34.4552286678,0.494,3823
7.0,1.00183713436,0.000233353275689,636.039115789,0.0041426926,4.76,34.4552286678,0.494,3823
7.0,1.00193119049,0.000233355705859,636.10041421,0.0041426926,4.76,34.4552286678,0.494,3823
7.0,1.00168049335,0.000233361308347,636.16171253,0.0041426926,4.76,34.4552286678,0.494,3823
7.0,1.00176155567,0.000233391081565,636.223010849,0.0041426926,4.76,34.4552286678,0.494,3823
7.0,1.00176763535,0.000233424594626,636.284309166,0.0041426926,4.76,34.4552286678,0.494,3823
7.0,1.00179994106,0.000233417260461,636.345607481,0.0041426926,4.76,34.4552286678,0.494,3823
7.0,1.00193655491,0.000233444065088,636.406905795,0.0041426926,4.76,34.4552286678,0.494,3823
7.0,1.0020134449,0.000233424143516,636.468204107,0.0041426926,4.76,34.4552286678,0.494,3823
7.0,1.00182402134,0.000233423706959,636.529502418,0.0041426926,4.76,34.4552286678,0.494,3823
7.0,1.00216495991,0.000233450744417,636.590800728,0.0041426926,4.76,34.4552286678,0.494,3823
7.0,1.002186656,0.000233467319049,636.652099036,0.0041426926,4.76,34.4552286678,0.494,3823
7.0,1.00215649605,0.000233571554418,636.713397442,0.0041426926,4.76,34.4552286678,0.494,3823
7.0,1.00213730335,0.000233480503084,636.774695748,0.0041426926,4.76,34.4552286678,0.494,3823
7.0,1.00218319893,0.000233491969993,636.835994051,0.0041426926,4.76,34.4552286678,0.494,3823
7.0,1.00288331509,0.000233631712035,636.897292353,0.0041426926,4.76,34.4552286678,0.494,3823
7.0,1.00223362446,0.000233514001593,636.958590654,0.0041426926,4.76,34.4552286678,0.494,3823
7.0,1.00209486485,0.000233582730289,637.019888953,0.0041426926,4.76,34.4552286678,0.494,3823
7.0,1.00230634212,0.000233493745327,637.081187351,0.0041426926,4.76,34.4552286678,0.494,3823
7.0,1.00207209587,0.000233552855207,637.142485647,0.0041426926,4.76,34.4552286678,0.494,3823
7.0,1.00252580643,0.00023362642969,637.203783941,0.0041426926,4.76,34.4552286678,0.494,3823
7.0,1.00248241425,0.000233650935115,637.265082135,0.0041426926,4.76,34.4552286678,0.494,3823
7.0,1.00281774998,0.000233621554798,637.326380427,0.0041426926,4.76,34.4552286678,0.494,3823
7.0,1.00270020962,0.000233634360484,637.387678717,0.0041426926,4.76,34.4552286678,0.494,3823
7.0,1.00178909302,0.000233515514992,637.448977106,0.0041426926,4.76,34.4552286678,0.494,3823
7.0,1.00227236748,0.000233655780903,637.510275393,0.0041426926,4.76,34.4552286678,0.494,3823
7.0,1.00278890133,0.000233668048168,637.571573779,0.0041426926,4.76,34.4552286678,0.494,3823
7.0,1.00253975391,0.000233651793678,637.632872064,0.0041426926,4.76,34.4552286678,0.494,3823
7.0,1.00277912617,0.000233678074437,637.694170347,0.0041426926,4.76,34.4552286678,0.494,3823
7.0,1.00330352783,0.000233722574194,637.755468629,0.0041426926,4.76,34.4552286678,0.494,3823
7.0,1.00277388096,0.00023366897949,637.816766909,0.0041426926,4.76,34.4552286678,0.494,3823
7.0,1.00293040276,0.000233689032029,637.878065188,0.0041426926,4.76,34.4552286678,0.494,3823
7.0,1.00277650356,0.000233692146139,637.939363465,0.0041426926,4.76,34.4552286678,0.494,3823
7.0,1.00299727917,0.000233697108342,638.000661741,0.0041426926,4.76,34.4552286678,0.494,3823
7.0,1.00332581997,0.00023371471616,638.061960016,0.0041426926,4.76,34.4552286678,0.494,3823
7.0,1.00339484215,0.000233762111748,638.123258289,0.0041426926,4.76,34.4552286678,0.494,3823
7.0,1.00269424915,0.000233693761402,638.184556561,0.0041426926,4.76,34.4552286678,0.494,3823
7.0,1.00278329849,0.000233712256886,638.266287687,0.0041426926,4.76,34.4552286678,0.494,3823
7.0,1.00246226788,0.000233704573475,638.327585956,0.0041426926,4.76,34.4552286678,0.494,3823
7.0,1.0029784441,0.000233732760535,638.388884223,0.0041426926,4.76,34.4552286678,0.494,3823
7.0,1.00298726559,0.000233710103203,638.450182488,0.0041426926,4.76,34.4552286678,0.494,3823
7.0,1.00176143646,0.000233696016949,638.511480752,0.0041426926,4.76,34.4552286678,0.494,3823
7.0,1.00196433067,0.000233691491303,638.572779015,0.0041426926,4.76,34.4552286678,0.494,3823
7.0,1.00183284283,0.000233693950577,638.634077277,0.0041426926,4.76,34.4552286678,0.494,3823
7.0,1.00142550468,0.000233657425269,638.695375536,0.0041426926,4.76,34.4552286678,0.494,3823
7.0,1.00180375576,0.000233694168855,638.756673795,0.0041426926,4.76,34.4552286678,0.494,3823
7.0,1.00197684765,0.000233710627072,638.817972052,0.0041426926,4.76,34.4552286678,0.494,3823
7.0,1.00135183334,0.000233697952353,638.879270308,0.0041426926,4.76,34.4552286678,0.494,3823
7.0,1.00084376335,0.000233667436987,638.940568662,0.0041426926,4.76,34.4552286678,0.494,3823
7.0,1.00125324726,0.0002336720936,639.001867015,0.0041426926,4.76,34.4552286678,0.494,3823
7.0,1.00142836571,0.00023366700043,639.063165267,0.0041426926,4.76,34.4552286678,0.494,3823
7.0,1.00143766403,0.000233646074776,639.124463517,0.0041426926,4.76,34.4552286678,0.494,3823
7.0,1.00087225437,0.000233645201661,639.185761766,0.0041426926,4.76,34.4552286678,0.494,3823
7.0,1.00149738789,0.000233695303905,639.247060013,0.0041426926,4.76,34.4552286678,0.494,3823
7.0,1.00130975246,0.000233718528762,639.308358259,0.0041426926,4.76,34.4552286678,0.494,3823
7.0,1.00134778023,0.000233696628129,639.369656504,0.0041426926,4.76,34.4552286678,0.494,3823
7.0,1.00159871578,0.000233701037359,639.430954747,0.0041426926,4.76,34.4552286678,0.494,3823
7.0,1.00129723549,0.000233718892559,639.492252989,0.0041426926,4.76,34.4552286678,0.494,3823
7.0,1.00096070766,0.000233722399571,639.55355123,0.0041426926,4.76,34.4552286678,0.494,3823
7.0,1.00095415115,0.000233666956774,639.614849469,0.0041426926,4.76,34.4552286678,0.494,3823
7.0,1.00173974037,0.000233740618569,639.676147707,0.0041426926,4.76,34.4552286678,0.494,3823
7.0,1.00147533417,0.000233669255977,639.737445943,0.0041426926,4.76,34.4552286678,0.494,3823
7.0,1.00151574612,0.00023370407871,639.798744179,0.0041426926,4.76,34.4552286678,0.494,3823
7.0,1.00096166134,0.000233704908169,639.860042513,0.0041426926,4.76,34.4552286678,0.494,3823
7.0,1.00073969364,0.000233685364947,639.921340745,0.0041426926,4.76,34.4552286678,0.494,3823
7.0,1.00160527229,0.000233729588217,639.982638976,0.0041426926,4.76,34.4552286678,0.494,3823
7.0,1.00205266476,0.000233791390201,640.043937206,0.0041426926,4.76,34.4552286678,0.494,3823
7.0,1.00172710419,0.000233803730225,640.105235434,0.0041426926,4.76,34.4552286678,0.494,3823
7.0,1.00124108791,0.000233835424297,640.166533762,0.0041426926,4.76,34.4552286678,0.494,3823
7.0,1.00123894215,0.000233774000662,640.227831987,0.0041426926,4.76,34.4552286678,0.494,3823
7.0,1.00096523762,0.000233778977417,640.289130212,0.0041426926,4.76,34.4552286678,0.494,3823
7.0,1.0012114048,0.000233794373344,640.350428435,0.0041426926,4.76,34.4552286678,0.494,3823
7.0,1.00144457817,0.000233781131101,640.411726656,0.0041426926,4.76,34.4552286678,0.494,3823
7.0,1.00111424923,0.000233748767641,640.473024877,0.0041426926,4.76,34.4552286678,0.494,3823
7.0,1.00129425526,0.000233790968196,640.534323096,0.0041426926,4.76,34.4552286678,0.494,3823
7.0,1.00098228455,0.00023381561914,640.595621314,0.0041426926,4.76,34.4552286678,0.494,3823
7.0,1.00058543682,0.000233869126532,640.65691953,0.0041426926,4.76,34.4552286678,0.494,3823
7.0,1.00019335747,0.000233825732721,640.718217845,0.0041426926,4.76,34.4552286678,0.494,3823
7.0,1.00013899803,0.00023386477551,640.779516059,0.0041426926,4.76,34.4552286678,0.494,3823
7.0,1.00069963932,0.00023388871341,640.840814272,0.0041426926,4.76,34.4552286678,0.494,3823
7.0,1.00025439262,0.000233878105064,640.902112483,0.0041426926,4.76,34.4552286678,0.494,3823
7.0,0.999675035477,0.000233895960264,640.963410693,0.0041426926,4.76,34.4552286678,0.494,3823
7.0,0.999639213085,0.000233929225942,641.024708902,0.0041426926,4.76,34.4552286678,0.494,3823
7.0,1.00009346008,0.000233943734202,641.086007109,0.0041426926,4.76,34.4552286678,0.494,3823
7.0,1.00030338764,0.000233940052567,641.147305315,0.0041426926,4.76,34.4552286678,0.494,3823
7.0,1.00028955936,0.000233967090026,641.229036254,0.0041426926,4.76,34.4552286678,0.494,3823
7.0,0.999813199043,0.000233922633925,641.290334557,0.0041426926,4.76,34.4552286678,0.494,3823
7.0,0.999651372433,0.000233935294091,641.351632759,0.0041426926,4.76,34.4552286678,0.494,3823
7.0,0.999879002571,0.000233927043155,641.41293096,0.0041426926,4.76,34.4552286678,0.494,3823
7.0,0.999586462975,0.000233914019191,641.474229159,0.0041426926,4.76,34.4552286678,0.494,3823
7.0,0.99951761961,0.000233937360463,641.535527357,0.0041426926,4.76,34.4552286678,0.494,3823
7.0,1.00011324883,0.000233989034314,641.596825553,0.0041426926,4.76,34.4552286678,0.494,3823
7.0,0.999610066414,0.000233920916799,641.658123849,0.0041426926,4.76,34.4552286678,0.494,3823
7.0,1.00045847893,0.000233981976635,641.719422043,0.0041426926,4.76,34.4552286678,0.494,3823
7.0,1.00018548965,0.000234013961744,641.780720235,0.0041426926,4.76,34.4552286678,0.494,3823
7.0,1.00006592274,0.000233955681324,641.842018427,0.0041426926,4.76,34.4552286678,0.494,3823
7.0,0.999960780144,0.000233963030041,641.903316517,0.0041426926,4.76,34.4552286678,0.494,3823
7.0,1.00007557869,0.000233987957472,641.964614706,0.0041426926,4.76,34.4552286678,0.494,3823
7.0,1.00030231476,0.000234018472838,642.025912994,0.0041426926,4.76,34.4552286678,0.494,3823
7.0,0.999446511269,0.000233982689679,642.087211181,0.0041426926,4.76,34.4552286678,0.494,3823
7.0,0.999347865582,0.000233988655964,642.148509366,0.0041426926,4.76,34.4552286678,0.494,3823
7.0,0.999912202358,0.000234014325542,642.20980765,0.0041426926,4.76,34.4552286678,0.494,3823
7.0,1.00072145462,0.000234069884755,642.271105833,0.0041426926,4.76,34.4552286678,0.494,3823
7.0,0.999189019203,0.000233964077779,642.332404014,0.0041426926,4.76,34.4552286678,0.494,3823
7.0,1.00039732456,0.000234050894505,642.393702194,0.0041426926,4.76,34.4552286678,0.494,3823
7.0,0.999843716621,0.000234031802393,642.455000373,0.0041426926,4.76,34.4552286678,0.494,3823
7.0,0.999440431595,0.000234030347201,642.516298551,0.0041426926,4.76,34.4552286678,0.494,3823
7.0,0.999847888947,0.000234064689721,642.577596728,0.0041426926,4.76,34.4552286678,0.494,3823
7.0,0.999753594398,0.000234030696447,642.638894903,0.0041426926,4.76,34.4552286678,0.494,3823
7.0,0.999798536301,0.000234064325923,642.700193077,0.0041426926,4.76,34.4552286678,0.494,3823
7.0,0.999852359295,0.000234068400459,642.76149125,0.0041426926,4.76,34.4552286678,0.494,3823
7.0,0.999399244785,0.000234053441091,642.822789422,0.0041426926,4.76,34.4552286678,0.494,3823
7.0,0.999688446522,0.000234061633819,642.884087592,0.0041426926,4.76,34.4552286678,0.494,3823
7.0,0.999525547028,0.000234039354837,642.945385761,0.0041426926,4.76,34.4552286678,0.494,3823
7.0,0.999310016632,0.000234072445892,643.006684029,0.0041426926,4.76,34.4552286678,0.494,3823
7.0,0.999531209469,0.000234068225836,643.067982296,0.0041426926,4.76,34.4552286678,0.494,3823
7.0,0.999589025974,0.00023405320826,643.129280461,0.0041426926,4.76,34.4552286678,0.494,3823
7.0,0.999900877476,0.000234073813772,643.190578626,0.0041426926,4.76,34.4552286678,0.494,3823
7.0,0.999404728413,0.000234085848206,643.251876789,0.0041426926,4.76,34.4552286678,0.494,3823
7.0,0.999217987061,0.000234085964621,643.313174951,0.0041426926,4.76,34.4552286678,0.494,3823
7.0,0.999600350857,0.000234079387155,643.374473112,0.0041426926,4.76,34.4552286678,0.494,3823
7.0,0.999756336212,0.000234110149904,643.435771271,0.0041426926,4.76,34.4552286678,0.494,3823
7.0,0.999554276466,0.000234060920775,643.49706943,0.0041426926,4.76,34.4552286678,0.494,3823
7.0,0.999674737453,0.000234083810938,643.558367587,0.0041426926,4.76,34.4552286678,0.494,3823
7.0,0.999544858932,0.000234091625316,643.619665743,0.0041426926,4.76,34.4552286678,0.494,3823
7.0,0.999657154083,0.000234115330386,643.680963898,0.0041426926,4.76,34.4552286678,0.494,3823
7.0,0.999365389347,0.000234084320255,643.742262051,0.0041426926,4.76,34.4552286678,0.494,3823
7.0,0.999420166016,0.00023412569135,643.803560204,0.0041426926,4.76,34.4552286678,0.494,3823
7.0,0.99976092577,0.000234123668633,643.864858355,0.0041426926,4.76,34.4552286678,0.494,3823
7.0,0.999851822853,0.000234121602261,643.926156505,0.0041426926,4.76,34.4552286678,0.494,3823
7.0,0.999936580658,0.000234133709455,643.987454754,0.0041426926,4.76,34.4552286678,0.494,3823
7.0,0.999666750431,0.000234053673921,644.048752902,0.0041426926,4.76,34.4552286678,0.494,3823
7.0,0.999935507774,0.000234075021581,644.110051048,0.0041426926,4.76,34.4552286678,0.494,3823
7.0,0.99974834919,0.000234135848586,644.191781909,0.0041426926,4.76,34.4552286678,0.494,3823
7.0,0.999665975571,0.000234073959291,644.253080052,0.0041426926,4.76,34.4552286678,0.494,3823
7.0,1.00041735172,0.000234113249462,644.314378195,0.0041426926,4.76,34.4552286678,0.494,3823
7.0,1.00024521351,0.000234079867369,644.375676337,0.0041426926,4.76,34.4552286678,0.494,3823
7.0,0.999632179737,0.000234049846767,644.436974477,0.0041426926,4.76,34.4552286678,0.494,3823
7.0,0.999892175198,0.000234048522543,644.498272616,0.0041426926,4.76,34.4552286678,0.494,3823
7.0,0.999756515026,0.000234033141169,644.559570855,0.0041426926,4.76,34.4552286678,0.494,3823
7.0,0.999961256981,0.000234141465626,644.620868992,0.0041426926,4.76,34.4552286678,0.494,3823
7.0,0.999510347843,0.000234068837017,644.682167127,0.0041426926,4.76,34.4552286678,0.494,3823
7.0,0.999412715435,0.000234057020862,644.743465362,0.0041426926,4.76,34.4552286678,0.494,3823
7.0,0.99915933609,0.000234056904446,644.804763496,0.0041426926,4.76,34.4552286678,0.494,3823
7.0,0.998924791813,0.000234025501413,644.866061628,0.0041426926,4.76,34.4552286678,0.494,3823
7.0,0.999866902828,0.000234151040786,644.927359759,0.0041426926,4.76,34.4552286678,0.494,3823
7.0,0.999529242516,0.000234148348682,644.98865789,0.0041426926,4.76,34.4552286678,0.494,3823
7.0,0.998430669308,0.000234056671616,645.049956019,0.0041426926,4.76,34.4552286678,0.494,3823
7.0,0.998635351658,0.000234072402236,645.111254147,0.0041426926,4.76,34.4552286678,0.494,3823
7.0,0.998653292656,0.000234047794947,645.172552273,0.0041426926,4.76,34.4552286678,0.494,3823
7.0,0.998820543289,0.000234078761423,645.233850399,0.0041426926,4.76,34.4552286678,0.494,3823
7.0,0.999383747578,0.000234133098274,645.295148524,0.0041426926,4.76,34.4552286678,0.494,3823
7.0,0.999497175217,0.00023413116287,645.356446647,0.0041426926,4.76,34.4552286678,0.494,3823
7.0,0.999347448349,0.000234120874666,645.41774477,0.0041426926,4.76,34.4552286678,0.494,3823
7.0,0.999566614628,0.000234105536947,645.479042991,0.0041426926,4.76,34.4552286678,0.494,3823
7.0,0.999819755554,0.000234159029787,645.540341111,0.0041426926,4.76,34.4552286678,0.494,3823
7.0,0.999628067017,0.000234154664213,645.60163923,0.0041426926,4.76,34.4552286678,0.494,3823
7.0,0.999804794788,0.000234099265072,645.662937348,0.0041426926,4.76,34.4552286678,0.494,3823
7.0,1.00014555454,0.000234169783653,645.724235565,0.0041426926,4.76,34.4552286678,0.494,3823
7.0,1.00019049644,0.000234171762713,645.785533581,0.0041426926,4.76,34.4552286678,0.494,3823
7.0,0.999247968197,0.000234097184148,645.846831795,0.0041426926,4.76,34.4552286678,0.494,3823
7.0,0.999784648418,0.000234145671129,645.908129809,0.0041426926,4.76,34.4552286678,0.494,3823
7.0,0.999510169029,0.000234080172959,645.969427922,0.0041426926,4.76,34.4552286678,0.494,3823
7.0,0.999751329422,0.000234165345319,646.030726033,0.0041426926,4.76,34.4552286678,0.494,3823
7.0,0.999662697315,0.000234191451455,646.092024243,0.0041426926,4.76,34.4552286678,0.494,3823
7.0,0.99977427721,0.000234150604228,646.153322353,0.0041426926,4.76,34.4552286678,0.494,3823
7.0,1.0001783371,0.000234206832829,646.214620461,0.0041426926,4.76,34.4552286678,0.494,3823
7.0,0.99992275238,0.000234214850934,646.275918568,0.0041426926,4.76,34.4552286678,0.494,3823
7.0,0.999449551105,0.000234177699895,646.337216774,0.0041426926,4.76,34.4552286678,0.494,3823
7.0,1.00028979778,0.000234214370721,646.398514879,0.0041426926,4.76,34.4552286678,0.494,3823
7.0,0.999952554703,0.000234228995396,646.459812983,0.0041426926,4.76,34.4552286678,0.494,3823
7.0,1.00007390976,0.000234227918554,646.521111086,0.0041426926,4.76,34.4552286678,0.494,3823
7.0,0.999812602997,0.000234202714637,646.582409188,0.0041426926,4.76,34.4552286678,0.494,3823
7.0,0.99997150898,0.000234218328842,646.643707289,0.0041426926,4.76,34.4552286678,0.494,3823
7.0,0.999924182892,0.000234249338973,646.705005389,0.0041426926,4.76,34.4552286678,0.494,3823
7.0,1.00016653538,0.000234230494243,646.766303487,0.0041426926,4.76,34.4552286678,0.494,3823
7.0,0.999524772167,0.00023419741774,646.827601585,0.0041426926,4.76,34.4552286678,0.494,3823
7.0,0.999750852585,0.000234124221606,646.888899682,0.0041426926,4.76,34.4552286678,0.494,3823
7.0,1.00036668777,0.000234201987041,646.950197777,0.0041426926,4.76,34.4552286678,0.494,3823
7.0,1.000182271,0.000234245759202,647.011495872,0.0041426926,4.76,34.4552286678,0.494,3823
7.0,1.00022506714,0.000234247403569,647.072793966,0.0041426926,4.76,34.4552286678,0.494,3823
7.0,1.00057458878,0.00023427119595,647.134092158,0.0041426926,4.76,34.4552286678,0.494,3823
7.0,1.00105369091,0.000234200022533,647.215822946,0.0041426926,4.76,34.4552286678,0.494,3823
7.0,1.00088000298,0.000234268634813,647.277121037,0.0041426926,4.76,34.4552286678,0.494,3823
7.0,1.00039446354,0.000234295119299,647.338419126,0.0041426926,4.76,34.4552286678,0.494,3823
7.0,0.999260663986,0.000234216829995,647.399717214,0.0041426926,4.76,34.4552286678,0.494,3823
7.0,0.999742567539,0.000234226245084,647.461015301,0.0041426926,4.76,34.4552286678,0.494,3823
7.0,1.00063967705,0.000234320687014,647.522313387,0.0041426926,4.76,34.4552286678,0.494,3823
7.0,0.999388575554,0.000234198523685,647.583611472,0.0041426926,4.76,34.4552286678,0.494,3823
7.0,0.999566614628,0.000234251303482,647.644909656,0.0041426926,4.76,34.4552286678,0.494,3823
7.0,0.999538064003,0.000234246239415,647.706207739,0.0041426926,4.76,34.4552286678,0.494,3823
7.0,0.999057352543,0.000234199964325,647.767505821,0.0041426926,4.76,34.4552286678,0.494,3823
7.0,0.998976290226,0.000234237275436,647.828804002,0.0041426926,4.76,34.4552286678,0.494,3823
7.0,0.999505519867,0.000234313527471,647.890102082,0.0041426926,4.76,34.4552286678,0.494,3823
7.0,0.999456703663,0.000234267514315,647.951400162,0.0041426926,4.76,34.4552286678,0.494,3823
7.0,0.999325454235,0.000234216160607,648.01269824,0.0041426926,4.76,34.4552286678,0.494,3823
7.0,0.99972987175,0.000234278908465,648.073996317,0.0041426926,4.76,34.4552286678,0.494,3823
7.0,1.00004088879,0.000234222286963,648.135294393,0.0041426926,4.76,34.4552286678,0.494,3823
7.0,0.999893844128,0.00023429178691,648.196592468,0.0041426926,4.76,34.4552286678,0.494,3823
7.0,0.99957036972,0.000234203442233,648.257890542,0.0041426926,4.76,34.4552286678,0.494,3823
7.0,0.999550461769,0.000234264254686,648.319188615,0.0041426926,4.76,34.4552286678,0.494,3823
7.0,1.00049090385,0.000234270235524,648.380486688,0.0041426926,4.76,34.4552286678,0.494,3823
7.0,1.00127887726,0.000234357066802,648.462217549,0.0041426926,4.76,34.4552286678,0.494,3823
7.0,1.00095033646,0.000234289982473,648.523515619,0.0041426926,4.76,34.4552286678,0.494,3823
7.0,0.999439477921,0.000234239952988,648.584813688,0.0041426926,4.76,34.4552286678,0.494,3823
7.0,0.999376475811,0.00023429004068,648.646111756,0.0041426926,4.76,34.4552286678,0.494,3823
7.0,1.00032925606,0.000234350838582,648.707409823,0.0041426926,4.76,34.4552286678,0.494,3823
7.0,0.999430596828,0.000234263308812,648.789140578,0.0041426926,4.76,34.4552286678,0.494,3823
7.0,1.00005817413,0.000234274528339,648.850438643,0.0041426926,4.76,34.4552286678,0.494,3823
7.0,1.00019979477,0.000234324732446,648.911736707,0.0041426926,4.76,34.4552286678,0.494,3823
7.0,1.00012564659,0.000234315462876,648.97303477,0.0041426926,4.76,34.4552286678,0.494,3823
7.0,1.00025451183,0.000234337188886,649.034332932,0.0041426926,4.76,34.4552286678,0.494,3823
7.0,1.00021481514,0.000234312770772,649.095630993,0.0041426926,4.76,34.4552286678,0.494,3823
7.0,1.00039768219,0.000234370541875,649.156929053,0.0041426926,4.76,34.4552286678,0.494,3823
7.0,1.0000320673,0.000234347200603,649.218227113,0.0041426926,4.76,34.4552286678,0.494,3823
7.0,1.0002528429,0.000234378501773,649.279525171,0.0041426926,4.76,34.4552286678,0.494,3823
7.0,1.00009429455,0.000234408027609,649.340823228,0.0041426926,4.76,34.4552286678,0.494,3823
7.0,1.00053811073,0.00023442748352,649.402121285,0.0041426926,4.76,34.4552286678,0.494,3823
7.0,1.00007915497,0.00023434391187,649.46341934,0.0041426926,4.76,34.4552286678,0.494,3823
7.0,1.0004901886,0.000234379636822,649.524717395,0.0041426926,4.76,34.4552286678,0.494,3823
7.0,1.00048935413,0.00023437976779,649.586015449,0.0041426926,4.76,34.4552286678,0.494,3823
7.0,1.00024473667,0.000234361068578,649.647313602,0.0041426926,4.76,34.4552286678,0.494,3823
7.0,0.999714970589,0.000234319173614,649.708611654,0.0041426926,4.76,34.4552286678,0.494,3823
7.0,1.00086927414,0.000234421298956,649.769909705,0.0041426926,4.76,34.4552286678,0.494,3823
7.0,1.00159716606,0.00023443083046,649.831207755,0.0041426926,4.76,34.4552286678,0.494,3823
7.0,1.00099551678,0.000234430335695,649.892505904,0.0041426926,4.76,34.4552286678,0.494,3823
7.0,1.00065076351,0.000234410006669,649.953803952,0.0041426926,4.76,34.4552286678,0.494,3823
7.0,1.00006580353,0.000234397186432,650.015102,0.0041426926,4.76,34.4552286678,0.494,3823
7.0,0.999876320362,0.000234368504607,650.076400046,0.0041426926,4.76,34.4552286678,0.494,3823
7.0,1.000628829,0.000234426639508,650.158130674,0.0041426926,4.76,34.4552286678,0.494,3823
7.0,1.00038468838,0.000234421226196,650.219428818,0.0041426926,4.76,34.4552286678,0.494,3823
7.0,1.00052964687,0.000234418534092,650.280726862,0.0041426926,4.76,34.4552286678,0.494,3823
7.0,1.00086438656,0.000234453633311,650.342024904,0.0041426926,4.76,34.4552286678,0.494,3823
7.0,1.00102853775,0.000234471794101,650.403322946,0.0041426926,4.76,34.4552286678,0.494,3823
7.0,1.00114512444,0.000234445760725,650.464621087,0.0041426926,4.76,34.4552286678,0.494,3823
7.0,1.00035583973,0.000234387873206,650.525919127,0.0041426926,4.76,34.4552286678,0.494,3823
7.0,1.00086963177,0.000234436098253,650.587217167,0.0041426926,4.76,34.4552286678,0.494,3823
7.0,1.00087976456,0.000234445105889,650.648515205,0.0041426926,4.76,34.4552286678,0.494,3823
7.0,1.00037825108,0.000234437087784,650.709813243,0.0041426926,4.76,34.4552286678,0.494,3823
7.0,1.00023436546,0.000234454288147,650.771111279,0.0041426926,4.76,34.4552286678,0.494,3823
7.0,1.00007343292,0.000234392355196,650.832409315,0.0041426926,4.76,34.4552286678,0.494,3823
7.0,1.00038731098,0.000234430583077,650.89370735,0.0041426926,4.76,34.4552286678,0.494,3823
7.0,1.00065100193,0.000234480525251,650.955005384,0.0041426926,4.76,34.4552286678,0.494,3823
7.0,1.00088083744,0.000234481427469,651.016303417,0.0041426926,4.76,34.4552286678,0.494,3823
7.0,1.00008153915,0.000234450693824,651.07760145,0.0041426926,4.76,34.4552286678,0.494,3823
7.0,1.00010693073,0.000234452498262,651.138899481,0.0041426926,4.76,34.4552286678,0.494,3823
7.0,1.00024271011,0.00023447170679,651.200197512,0.0041426926,4.76,34.4552286678,0.494,3823
7.0,0.999522686005,0.000234427250689,651.261495542,0.0041426926,4.76,34.4552286678,0.494,3823
7.0,1.00014460087,0.00023448508,651.322793571,0.0041426926,4.76,34.4552286678,0.494,3823
7.0,1.00011837482,0.000234472827287,651.384091799,0.0041426926,4.76,34.4552286678,0.494,3823
7.0,0.99993288517,0.000234467996052,651.445389827,0.0041426926,4.76,34.4552286678,0.494,3823
7.0,1.0003221035,0.00023446616251,651.506687854,0.0041426926,4.76,34.4552286678,0.494,3823
7.0,1.0005620718,0.000234502105741,651.567985879,0.0041426926,4.76,34.4552286678,0.494,3823
7.0,1.00047707558,0.000234465129324,651.629283904,0.0041426926,4.76,34.4552286678,0.494,3823
7.0,0.999735891819,0.00023440750374,651.690581928,0.0041426926,4.76,34.4552286678,0.494,3823
7.0,0.999790430069,0.000234485225519,651.751879952,0.0041426926,4.76,34.4552286678,0.494,3823
7.0,1.00086903572,0.0002344960958,651.813177974,0.0041426926,4.76,34.4552286678,0.494,3823
7.0,1.00115978718,0.000234478779021,651.874475996,0.0041426926,4.76,34.4552286678,0.494,3823
7.0,1.00030374527,0.000234451363212,651.935774017,0.0041426926,4.76,34.4552286678,0.494,3823
7.0,1.00033247471,0.000234483479289,651.997072037,0.0041426926,4.76,34.4552286678,0.494,3823
7.0,0.999831914902,0.000234458522755,652.058370057,0.0041426926,4.76,34.4552286678,0.494,3823
7.0,1.00006437302,0.000234440070926,652.119668075,0.0041426926,4.76,34.4552286678,0.494,3823
7.0,1.00039434433,0.000234529972658,652.180966093,0.0041426926,4.76,34.4552286678,0.494,3823
7.0,0.99977350235,0.000234471910517,652.24226421,0.0041426926,4.76,34.4552286678,0.494,3823
7.0,0.999925613403,0.000234466890106,652.303562226,0.0041426926,4.76,34.4552286678,0.494,3823
7.0,1.00005972385,0.000234433071455,652.364860342,0.0041426926,4.76,34.4552286678,0.494,3823
7.0,1.00039577484,0.000234436534811,652.426158356,0.0041426926,4.76,34.4552286678,0.494,3823
7.0,0.999747216702,0.000234386985539,652.48745637,0.0041426926,4.76,34.4552286678,0.494,3823
7.0,1.0002553463,0.000234498089412,652.548754283,0.0041426926,4.76,34.4552286678,0.494,3823
7.0,0.999669730663,0.00023442984093,652.610052296,0.0041426926,4.76,34.4552286678,0.494,3823
7.0,0.999804675579,0.000234420513152,652.671350307,0.0041426926,4.76,34.4552286678,0.494,3823
7.0,1.0006313324,0.000234462087974,652.732648418,0.0041426926,4.76,34.4552286678,0.494,3823
7.0,1.00058078766,0.000234435428865,652.793946428,0.0041426926,4.76,34.4552286678,0.494,3823
7.0,1.00068151951,0.000234462757362,652.855244437,0.0041426926,4.76,34.4552286678,0.494,3823
7.0,0.999762237072,0.000234450475546,652.916542446,0.0041426926,4.76,34.4552286678,0.494,3823
7.0,0.999920606613,0.00023441198573,652.977840454,0.0041426926,4.76,34.4552286678,0.494,3823
7.0,0.999789237976,0.000234423743677,653.039138461,0.0041426926,4.76,34.4552286678,0.494,3823
7.0,0.999956011772,0.000234414474107,653.100436467,0.0041426926,4.76,34.4552286678,0.494,3823
7.0,0.999475061893,0.000234441176872,653.182167141,0.0041426926,4.76,34.4552286678,0.494,3823
7.0,0.999528408051,0.000234387189266,653.243465146,0.0041426926,4.76,34.4552286678,0.494,3823
7.0,1.00006389618,0.00023441753001,653.304763249,0.0041426926,4.76,34.4552286678,0.494,3823
7.0,0.999428451061,0.000234361970797,653.366061253,0.0041426926,4.76,34.4552286678,0.494,3823
7.0,0.99925839901,0.000234349849052,653.427359255,0.0041426926,4.76,34.4552286678,0.494,3823
7.0,0.999521315098,0.000234371909755,653.488657257,0.0041426926,4.76,34.4552286678,0.494,3823
7.0,0.999319434166,0.000234368548263,653.549955258,0.0041426926,4.76,34.4552286678,0.494,3823
7.0,0.999276041985,0.000234401566559,653.611253258,0.0041426926,4.76,34.4552286678,0.494,3823
7.0,0.999361991882,0.000234338323935,653.672551257,0.0041426926,4.76,34.4552286678,0.494,3823
7.0,0.999221622944,0.000234352599364,653.733849356,0.0041426926,4.76,34.4552286678,0.494,3823
7.0,0.999366402626,0.000234369130339,653.795147354,0.0041426926,4.76,34.4552286678,0.494,3823
7.0,0.99890434742,0.000234324877965,653.856445352,0.0041426926,4.76,34.4552286678,0.494,3823
7.0,0.99857288599,0.000234310573433,653.917743348,0.0041426926,4.76,34.4552286678,0.494,3823
7.0,0.999040067196,0.000234325489146,653.979041344,0.0041426926,4.76,34.4552286678,0.494,3823
7.0,0.998285591602,0.000234316743445,654.04033934,0.0041426926,4.76,34.4552286678,0.494,3823
7.0,0.998373746872,0.00023437247728,654.101637334,0.0041426926,4.76,34.4552286678,0.494,3823
7.0,0.997929394245,0.000234341801843,654.162935328,0.0041426926,4.76,34.4552286678,0.494,3823
7.0,0.997379899025,0.000234307168284,654.224233321,0.0041426926,4.76,34.4552286678,0.494,3823
7.0,0.998162686825,0.000234271472436,654.285531414,0.0041426926,4.76,34.4552286678,0.494,3823
7.0,0.998341560364,0.000234333594562,654.346829406,0.0041426926,4.76,34.4552286678,0.494,3823
7.0,0.998039126396,0.000234350227402,654.408127397,0.0041426926,4.76,34.4552286678,0.494,3823
7.0,0.998359799385,0.000234429127886,654.469425387,0.0041426926,4.76,34.4552286678,0.494,3823
7.0,0.998358845711,0.000234302031458,654.530723377,0.0041426926,4.76,34.4552286678,0.494,3823
7.0,0.998537003994,0.00023428730492,654.592021466,0.0041426926,4.76,34.4552286678,0.494,3823
7.0,0.997807860374,0.000234247127082,654.653319455,0.0041426926,4.76,34.4552286678,0.494,3823
7.0,0.998781204224,0.000234324645135,654.714617442,0.0041426926,4.76,34.4552286678,0.494,3823
7.0,0.998256623745,0.000234288527281,654.77591543,0.0041426926,4.76,34.4552286678,0.494,3823
7.0,0.998346209526,0.000234310442465,654.837213416,0.0041426926,4.76,34.4552286678,0.494,3823
7.0,0.998765766621,0.000234292529058,654.898511402,0.0041426926,4.76,34.4552286678,0.494,3823
7.0,0.998521566391,0.000234299703152,654.959809387,0.0041426926,4.76,34.4552286678,0.494,3823
7.0,0.998002171516,0.000234198974795,655.041540033,0.0041426926,4.76,34.4552286678,0.494,3823
7.0,0.998183488846,0.000234232385992,655.102838017,0.0041426926,4.76,34.4552286678,0.494,3823
7.0,0.997920393944,0.000234219813137,655.1641361,0.0041426926,4.76,34.4552286678,0.494,3823
7.0,0.998128771782,0.000234184932197,655.225434082,0.0041426926,4.76,34.4552286678,0.494,3823
7.0,0.998495817184,0.000234172228375,655.286732064,0.0041426926,4.76,34.4552286678,0.494,3823
7.0,0.998552143574,0.000234198421822,655.348030045,0.0041426926,4.76,34.4552286678,0.494,3823
7.0,0.998291373253,0.000234141931287,655.409328025,0.0041426926,4.76,34.4552286678,0.494,3823
7.0,0.99816608429,0.000234149178141,655.470626005,0.0041426926,4.76,34.4552286678,0.494,3823
7.0,0.998731195927,0.000234165345319,655.531923985,0.0041426926,4.76,34.4552286678,0.494,3823
7.0,0.997892737389,0.000234121296671,655.593221963,0.0041426926,4.76,34.4552286678,0.494,3823
7.0,0.998842358589,0.000234265738982,655.654519941,0.0041426926,4.76,34.4552286678,0.494,3823
7.0,0.999211132526,0.000234181788983,655.715817919,0.0041426926,4.76,34.4552286678,0.494,3823
7.0,0.998700380325,0.00023419423087,655.777115995,0.0041426926,4.76,34.4552286678,0.494,3823
7.0,0.99864166975,0.000234130973695,655.838413971,0.0041426926,4.76,34.4552286678,0.494,3823
7.0,0.99836987257,0.000234131293837,655.899711847,0.0041426926,4.76,34.4552286678,0.494,3823
7.0,0.998172342777,0.000234162158449,655.961009822,0.0041426926,4.76,34.4552286678,0.494,3823
7.0,0.998193502426,0.000234146093135,656.022307796,0.0041426926,4.76,34.4552286678,0.494,3823
7.0,0.998482406139,0.000234108549193,656.08360597,0.0041426926,4.76,34.4552286678,0.494,3823
7.0,0.998571097851,0.000234147591982,656.165336501,0.0041426926,4.76,34.4552286678,0.494,3823
7.0,0.998423457146,0.000234105289564,656.226634473,0.0041426926,4.76,34.4552286678,0.494,3823
7.0,0.998622834682,0.000234121354879,656.287932545,0.0041426926,4.76,34.4552286678,0.494,3823
7.0,0.998406350613,0.000234129562159,656.349230516,0.0041426926,4.76,34.4552286678,0.494,3823
7.0,0.997983217239,0.000234066232224,656.410528487,0.0041426926,4.76,34.4552286678,0.494,3823
7.0,0.998107433319,0.000234077684581,656.471826457,0.0041426926,4.76,34.4552286678,0.494,3823
7.0,0.998296320438,0.000234101724345,656.533124326,0.0041426926,4.76,34.4552286678,0.494,3823
7.0,0.998254060745,0.000234083345276,656.594422295,0.0041426926,4.76,34.4552286678,0.494,3823
7.0,0.998424828053,0.000234146078583,656.655720464,0.0041426926,4.76,34.4552286678,0.494,3823
7.0,0.998558521271,0.000234158957028,656.717018431,0.0041426926,4.76,34.4552286678,0.494,3823
7.0,0.998690783978,0.000234234539676,656.778316399,0.0041426926,4.76,34.4552286678,0.494,3823
7.0,0.998589396477,0.000234186212765,656.839614365,0.0041426926,4.76,34.4552286678,0.494,3823
7.0,0.998757243156,0.000234108083532,656.900912331,0.0041426926,4.76,34.4552286678,0.494,3823
7.0,0.998832702637,0.000234245235333,656.962210297,0.0041426926,4.76,34.4552286678,0.494,3823
7.0,0.998313963413,0.000234193721553,657.023508262,0.0041426926,4.76,34.4552286678,0.494,3823
7.0,0.997732996941,0.000234255130636,657.084806226,0.0041426926,4.76,34.4552286678,0.494,3823
7.0,0.998273730278,0.00023422697268,657.14610419,0.0041426926,4.76,34.4552286678,0.494,3823
7.0,0.9985024333,0.000234215942328,657.207402154,0.0041426926,4.76,34.4552286678,0.494,3823
7.0,0.999008655548,0.000234269871726,657.268700117,0.0041426926,4.76,34.4552286678,0.494,3823
7.0,0.998719215393,0.000234255188843,657.329998079,0.0041426926,4.76,34.4552286678,0.494,3823
7.0,0.9994379282,0.000234277089476,657.391296041,0.0041426926,4.76,34.4552286678,0.494,3823
7.0,0.999972343445,0.000234313396504,657.452594002,0.0041426926,4.76,34.4552286678,0.494,3823
7.0,0.999061286449,0.000234239763813,657.513892163,0.0041426926,4.76,34.4552286678,0.494,3823
7.0,0.999447464943,0.000234305945924,657.575190123,0.0041426926,4.76,34.4552286678,0.494,3823
7.0,0.998970270157,0.000234265855397,657.636488082,0.0041426926,4.76,34.4552286678,0.494,3823
7.0,0.999187886715,0.000234317834838,657.697786042,0.0041426926,4.76,34.4552286678,0.494,3823
7.0,0.999385237694,0.000234361199546,657.759084,0.0041426926,4.76,34.4552286678,0.494,3823
7.0,0.998847544193,0.000234301303863,657.820381959,0.0041426926,4.76,34.4552286678,0.494,3823
7.0,0.99915009737,0.000234309671214,657.881679916,0.0041426926,4.76,34.4552286678,0.494,3823
7.0,0.998721063137,0.000234314298723,657.942977873,0.0041426926,4.76,34.4552286678,0.494,3823
7.0,0.998751819134,0.000234371473198,658.00427583,0.0041426926,4.76,34.4552286678,0.494,3823
7.0,0.999306559563,0.000234361679759,658.065573786,0.0041426926,4.76,34.4552286678,0.494,3823
7.0,0.998840272427,0.000234328093939,658.126871742,0.0041426926,4.76,34.4552286678,0.494,3823
7.0,0.999003112316,0.00023430971487,658.188169697,0.0041426926,4.76,34.4552286678,0.494,3823
7.0,0.999317407608,0.000234367791563,658.249467652,0.0041426926,4.76,34.4552286678,0.494,3823
7.0,0.99903857708,0.000234272330999,658.310765606,0.0041426926,4.76,34.4552286678,0.494,3823
7.0,0.998957812786,0.000234350125538,658.372063659,0.0041426926,4.76,34.4552286678,0.494,3823
7.0,0.998667240143,0.000234207269386,658.433361613,0.0041426926,4.76,34.4552286678,0.494,3823
7.0,0.99937915802,0.000234364779317,658.494659565,0.0041426926,4.76,34.4552286678,0.494,3823
7.0,0.998959422112,0.000234323291807,658.555957518,0.0041426926,4.76,34.4552286678,0.494,3823
7.0,0.998736977577,0.000234335166169,658.61725547,0.0041426926,4.76,34.4552286678,0.494,3823
7.0,0.998594462872,0.00023435089679,658.678553421,0.0041426926,4.76,34.4552286678,0.494,3823
7.0,0.999137401581,0.000234355175053,658.739851372,0.0041426926,4.76,34.4552286678,0.494,3823
7.0,0.998816847801,0.000234289851505,658.801149322,0.0041426926,4.76,34.4552286678,0.494,3823
7.0,0.99848741293,0.000234321603784,658.862447372,0.0041426926,4.76,34.4552286678,0.494,3823
7.0,0.998883068562,0.000234369319514,658.923745322,0.0041426926,4.76,34.4552286678,0.494,3823
7.0,0.998367130756,0.000234358434682,658.985043271,0.0041426926,4.76,34.4552286678,0.494,3823
7.0,0.998632490635,0.000234288207139,659.046341219,0.0041426926,4.76,34.4552286678,0.494,3823
7.0,0.999056339264,0.000234441409702,659.128071817,0.0041426926,4.76,34.4552286678,0.494,3823
7.0,0.99895375967,0.000234323626501,659.189369764,0.0041426926,4.76,34.4552286678,0.494,3823
7.0,0.999281644821,0.000234347171499,659.250667712,0.0041426926,4.76,34.4552286678,0.494,3823
7.0,0.999579370022,0.000234413382714,659.311965658,0.0041426926,4.76,34.4552286678,0.494,3823
7.0,0.9988296628,0.000234340142924,659.373263705,0.0041426926,4.76,34.4552286678,0.494,3823
7.0,0.998903572559,0.000234283390455,659.434561651,0.0041426926,4.76,34.4552286678,0.494,3823
7.0,0.999287605286,0.000234295730479,659.495859596,0.0041426926,4.76,34.4552286678,0.494,3823
7.0,0.999063253403,0.000234314851696,659.557157541,0.0041426926,4.76,34.4552286678,0.494,3823
7.0,0.998661339283,0.00023432605667,659.618455486,0.0041426926,4.76,34.4552286678,0.494,3823
7.0,0.998782157898,0.000234314618865,659.67975343,0.0041426926,4.76,34.4552286678,0.494,3823
7.0,0.999028503895,0.000234281789744,659.741051374,0.0041426926,4.76,34.4552286678,0.494,3823
7.0,0.999103069305,0.000234320497839,659.802349417,0.0041426926,4.76,34.4552286678,0.494,3823
7.0,0.998688459396,0.00023436624906,659.86364736,0.0041426926,4.76,34.4552286678,0.494,3823
7.0,0.998629510403,0.000234353530686,659.924945303,0.0041426926,4.76,34.4552286678,0.494,3823
7.0,0.998798429966,0.000234322433244,659.986243245,0.0041426926,4.76,34.4552286678,0.494,3823
7.0,0.998794674873,0.000234399703913,660.047541187,0.0041426926,4.76,34.4552286678,0.494,3823
7.0,0.998436033726,0.000234360675677,660.108839128,0.0041426926,4.76,34.4552286678,0.494,3823
7.0,0.998222708702,0.000234390827245,660.170137069,0.0041426926,4.76,34.4552286678,0.494,3823
7.0,0.999710977077,0.000234474122408,660.23143501,0.0041426926,4.76,34.4552286678,0.494,3823
7.0,0.998621284962,0.000234388295212,661.089606339,0.0041426926,4.76,34.4552286678,0.494,3823
7.0,0.99794113636,0.000234478400671,661.150904274,0.0041426926,4.76,34.4552286678,0.494,3823
7.0,0.998726963997,0.000234532475588,661.212202209,0.0041426926,4.76,34.4552286678,0.494,3823
7.0,0.998617470264,0.000234329869272,661.273500144,0.0041426926,4.76,34.4552286678,0.494,3823
7.0,0.998771190643,0.000234432620346,661.334798078,0.0041426926,4.76,34.4552286678,0.494,3823
7.0,0.999220967293,0.000234469393035,661.396096012,0.0041426926,4.76,34.4552286678,0.494,3823
7.0,0.998763263226,0.000234379112953,661.457394046,0.0041426926,4.76,34.4552286678,0.494,3823
7.0,0.998531758785,0.000234423903748,661.518692079,0.0041426926,4.76,34.4552286678,0.494,3823
7.0,0.998643040657,0.000234406907111,661.579990012,0.0041426926,4.76,34.4552286678,0.494,3823
7.0,0.998986363411,0.000234322520555,661.641287944,0.0041426926,4.76,34.4552286678,0.494,3823
7.0,0.998670697212,0.000234429302509,661.702585877,0.0041426926,4.76,34.4552286678,0.494,3823
7.0,0.999080598354,0.000234439867199,661.763883809,0.0041426926,4.76,34.4552286678,0.494,3823
7.0,0.999155282974,0.000234537103097,661.82518164,0.0041426926,4.76,34.4552286678,0.494,3823
7.0,0.998734951019,0.000234514198382,661.886479572,0.0041426926,4.76,34.4552286678,0.494,3823
7.0,0.999142587185,0.00023452428286,661.947777603,0.0041426926,4.76,34.4552286678,0.494,3823
7.0,0.999333620071,0.000234522347455,662.009075534,0.0041426926,4.76,34.4552286678,0.494,3823
7.0,0.99955278635,0.00023452390451,662.070373464,0.0041426926,4.76,34.4552286678,0.494,3823
7.0,0.999456524849,0.000234527484281,662.131671394,0.0041426926,4.76,34.4552286678,0.494,3823
7.0,0.999889850616,0.000234553794144,662.192969324,0.0041426926,4.76,34.4552286678,0.494,3823
7.0,0.999242663383,0.000234628896578,662.254267354,0.0041426926,4.76,34.4552286678,0.494,3823
7.0,0.998912155628,0.000234564417042,662.315565283,0.0041426926,4.76,34.4552286678,0.494,3823
7.0,0.999254345894,0.000234574865317,662.376863212,0.0041426926,4.76,34.4552286678,0.494,3823
7.0,0.999376237392,0.000234606370213,662.438161141,0.0041426926,4.76,34.4552286678,0.494,3823
7.0,0.99941021204,0.000234671184444,662.49945907,0.0041426926,4.76,34.4552286678,0.494,3823
7.0,0.999728679657,0.000234703213209,662.560756998,0.0041426926,4.76,34.4552286678,0.494,3823
7.0,0.999161243439,0.000234706691117,662.622054926,0.0041426926,4.76,34.4552286678,0.494,3823
7.0,1.00002229214,0.0002347886184,662.683352854,0.0041426926,4.76,34.4552286678,0.494,3823
7.0,0.999176502228,0.000234797771554,662.744650781,0.0041426926,4.76,34.4552286678,0.494,3823
7.0,0.999409735203,0.000234734223341,662.805948709,0.0041426926,4.76,34.4552286678,0.494,3823
7.0,0.99990427494,0.000234757055296,662.867246636,0.0041426926,4.76,34.4552286678,0.494,3823
7.0,0.999931097031,0.000234799925238,662.928544662,0.0041426926,4.76,34.4552286678,0.494,3823
7.0,0.999612927437,0.000234928389546,662.989842589,0.0041426926,4.76,34.4552286678,0.494,3823
7.0,0.999923110008,0.00023491079628,663.051140615,0.0041426926,4.76,34.4552286678,0.494,3823
7.0,1.00005078316,0.000234890088905,663.112438541,0.0041426926,4.76,34.4552286678,0.494,3823
7.0,1.00020170212,0.000234945051488,663.173736467,0.0041426926,4.76,34.4552286678,0.494,3823
7.0,1.00007152557,0.000235017578234,663.255466935,0.0041426926,4.76,34.4552286678,0.494,3823
7.0,0.999823451042,0.000235031562624,663.31676486,0.0041426926,4.76,34.4552286678,0.494,3823
7.0,0.999182105064,0.000235052488279,663.378062785,0.0041426926,4.76,34.4552286678,0.494,3823
7.0,0.998382389545,0.000235055093071,663.43936081,0.0041426926,4.76,34.4552286678,0.494,3823
7.0,0.998884260654,0.000235045241425,663.500658734,0.0041426926,4.76,34.4552286678,0.494,3823
7.0,0.999474465847,0.000235041647102,663.561956659,0.0041426926,4.76,34.4552286678,0.494,3823
7.0,0.998771965504,0.000235088678892,663.623254683,0.0041426926,4.76,34.4552286678,0.494,3823
7.0,0.998796105385,0.000235058789258,663.684552607,0.0041426926,4.76,34.4552286678,0.494,3823
7.0,0.999194264412,0.000235167783103,663.745850531,0.0041426926,4.76,34.4552286678,0.494,3823
7.0,0.99924904108,0.000235167666688,663.807148454,0.0041426926,4.76,34.4552286678,0.494,3823
7.0,0.999538421631,0.00023522216361,663.868446378,0.0041426926,4.76,34.4552286678,0.494,3823
7.0,0.998911082745,0.000235263229115,663.929744301,0.0041426926,4.76,34.4552286678,0.494,3823
7.0,0.998990952969,0.000235265411902,663.991042224,0.0041426926,4.76,34.4552286678,0.494,3823
7.0,0.999275684357,0.000235277868342,664.052340147,0.0041426926,4.76,34.4552286678,0.494,3823
7.0,0.99942523241,0.000235331215663,664.11363807,0.0041426926,4.76,34.4552286678,0.494,3823
7.0,0.99939507246,0.000235363433603,664.174935992,0.0041426926,4.76,34.4552286678,0.494,3823
7.0,0.999398350716,0.000235361527302,664.236233914,0.0041426926,4.76,34.4552286678,0.494,3823
7.0,0.999315261841,0.000235368832364,664.297531836,0.0041426926,4.76,34.4552286678,0.494,3823
7.0,0.999313950539,0.000235397659708,664.358829758,0.0041426926,4.76,34.4552286678,0.494,3823
7.0,0.999461948872,0.000235426719883,664.42012778,0.0041426926,4.76,34.4552286678,0.494,3823
7.0,0.999872267246,0.000235455183429,664.481425702,0.0041426926,4.76,34.4552286678,0.494,3823
7.0,0.999973058701,0.000235437561059,664.542723623,0.0041426926,4.76,34.4552286678,0.494,3823
7.0,0.999954462051,0.000235432977206,664.604021645,0.0041426926,4.76,34.4552286678,0.494,3823
7.0,1.00008654594,0.000235450308537,664.665319566,0.0041426926,4.76,34.4552286678,0.494,3823
7.0,1.00074756145,0.000235450890614,664.726617487,0.0041426926,4.76,34.4552286678,0.494,3823
7.0,1.00006508827,0.000235399493249,664.787915408,0.0041426926,4.76,34.4552286678,0.494,3823
7.0,1.00019168854,0.000235418148804,664.849213328,0.0041426926,4.76,34.4552286678,0.494,3823
7.0,1.00019550323,0.000235460654949,664.910511249,0.0041426926,4.76,34.4552286678,0.494,3823
7.0,1.00037360191,0.000235425657593,664.971809169,0.0041426926,4.76,34.4552286678,0.494,3823
7.0,1.00028550625,0.000235449857428,665.033107089,0.0041426926,4.76,34.4552286678,0.494,3823
7.0,1.00062787533,0.000235493833316,665.09440501,0.0041426926,4.76,34.4552286678,0.494,3823
7.0,1.00029778481,0.00023547487217,665.15570293,0.0041426926,4.76,34.4552286678,0.494,3823
7.0,1.00043153763,0.000235478946706,665.217000949,0.0041426926,4.76,34.4552286678,0.494,3823
7.0,1.00057697296,0.000235447296291,665.278298869,0.0041426926,4.76,34.4552286678,0.494,3823
7.0,1.00047063828,0.000235462663113,665.339596789,0.0041426926,4.76,34.4552286678,0.494,3823
7.0,0.999684333801,0.000235436527873,665.400894708,0.0041426926,4.76,34.4552286678,0.494,3823
7.0,0.999630510807,0.000235448867898,665.462192628,0.0041426926,4.76,34.4552286678,0.494,3823
7.0,0.999727964401,0.000235435101786,665.523490547,0.0041426926,4.76,34.4552286678,0.494,3823
7.0,0.999563157558,0.00023544668511,665.584788466,0.0041426926,4.76,34.4552286678,0.494,3823
7.0,1.00000178814,0.000235446539591,665.646086485,0.0041426926,4.76,34.4552286678,0.494,3823
7.0,1.00020885468,0.000235441650148,665.707384304,0.0041426926,4.76,34.4552286678,0.494,3823
7.0,1.00021851063,0.000235418163356,665.768682323,0.0041426926,4.76,34.4552286678,0.494,3823
7.0,0.999884605408,0.00023545352451,665.829980142,0.0041426926,4.76,34.4552286678,0.494,3823
7.0,0.999527513981,0.000235392246395,665.891278061,0.0041426926,4.76,34.4552286678,0.494,3823
7.0,1.00001549721,0.000235488943872,665.952575979,0.0041426926,4.76,34.4552286678,0.494,3823
7.0,0.999888300896,0.000235449464526,666.013874098,0.0041426926,4.76,34.4552286678,0.494,3823
7.0,1.00006246567,0.000235449857428,666.075172016,0.0041426926,4.76,34.4552286678,0.494,3823
7.0,0.999218761921,0.000235431245528,666.136469935,0.0041426926,4.76,34.4552286678,0.494,3823
7.0,0.999646306038,0.000235465820879,666.218200493,0.0041426926,4.76,34.4552286678,0.494,3823
7.0,0.999521255493,0.000235418352531,666.279498411,0.0041426926,4.76,34.4552286678,0.494,3823
7.0,0.999755501747,0.000235434403294,666.340796329,0.0041426926,4.76,34.4552286678,0.494,3823
7.0,0.999894976616,0.000235502040596,666.402094247,0.0041426926,4.76,34.4552286678,0.494,3823
7.0,0.999767482281,0.000235531711951,666.463392165,0.0041426926,4.76,34.4552286678,0.494,3823
7.0,0.999533474445,0.000235451021581,666.524690183,0.0041426926,4.76,34.4552286678,0.494,3823
7.0,0.999474823475,0.000235415616771,666.585988101,0.0041426926,4.76,34.4552286678,0.494,3823
7.0,1.00065779686,0.000235523417359,666.647286019,0.0041426926,4.76,34.4552286678,0.494,3823
7.0,1.00020456314,0.000235474057263,666.708583937,0.0041426926,4.76,34.4552286678,0.494,3823
7.0,1.00000548363,0.000235469997278,666.769881854,0.0041426926,4.76,34.4552286678,0.494,3823
7.0,0.999334216118,0.000235464452999,666.831179772,0.0041426926,4.76,34.4552286678,0.494,3823
7.0,1.00096201897,0.000235602696193,666.89247769,0.0041426926,4.76,34.4552286678,0.494,3823
7.0,1.00098502636,0.000235647181398,666.953775607,0.0041426926,4.76,34.4552286678,0.494,3823
7.0,1.00048243999,0.000235545201576,667.015073525,0.0041426926,4.76,34.4552286678,0.494,3823
7.0,1.00075984001,0.000235551633523,667.076371443,0.0041426926,4.76,34.4552286678,0.494,3823
7.0,1.00111436844,0.000235623301705,667.13766936,0.0041426926,4.76,34.4552286678,0.494,3823
7.0,1.00097298622,0.000235668121604,667.198967278,0.0041426926,4.76,34.4552286678,0.494,3823
7.0,1.00108551979,0.000235683546634,667.260265195,0.0041426926,4.76,34.4552286678,0.494,3823
7.0,1.00104486942,0.000235662810155,667.321563313,0.0041426926,4.76,34.4552286678,0.494,3823
7.0,1.00118410587,0.000235675586737,667.38286123,0.0041426926,4.76,34.4552286678,0.494,3823
7.0,1.00072181225,0.000235675295698,667.444159148,0.0041426926,4.76,34.4552286678,0.494,3823
7.0,1.00116372108,0.000235784798861,667.505457065,0.0041426926,4.76,34.4552286678,0.494,3823
7.0,1.00113546848,0.000235751824221,667.566754983,0.0041426926,4.76,34.4552286678,0.494,3823
7.0,1.00128674507,0.000235756160691,667.6280529,0.0041426926,4.76,34.4552286678,0.494,3823
7.0,1.00080788136,0.000235736297327,667.689350818,0.0041426926,4.76,34.4552286678,0.494,3823
7.0,1.00147485733,0.000235810977756,667.750648735,0.0041426926,4.76,34.4552286678,0.494,3823
7.0,1.00156259537,0.00023577635875,667.811946653,0.0041426926,4.76,34.4552286678,0.494,3823
7.0,1.0012114048,0.000235759376665,667.87324457,0.0041426926,4.76,34.4552286678,0.494,3823
7.0,1.0020853281,0.000235796964262,667.934542488,0.0041426926,4.76,34.4552286678,0.494,3823
7.0,1.00147950649,0.000235760919168,667.995840406,0.0041426926,4.76,34.4552286678,0.494,3823
7.0,1.00145196915,0.000235791070736,668.057138323,0.0041426926,4.76,34.4552286678,0.494,3823
7.0,1.00134301186,0.000235820785747,668.118436341,0.0041426926,4.76,34.4552286678,0.494,3823
7.0,1.00152134895,0.00023581305868,668.179734258,0.0041426926,4.76,34.4552286678,0.494,3823
7.0,1.00130343437,0.000235838975641,668.241032176,0.0041426926,4.76,34.4552286678,0.494,3823
7.0,1.00133979321,0.000235862476984,668.302330094,0.0041426926,4.76,34.4552286678,0.494,3823
7.0,1.00070273876,0.000235840067035,668.363628012,0.0041426926,4.76,34.4552286678,0.494,3823
7.0,1.00099241734,0.000235831626924,668.424925929,0.0041426926,4.76,34.4552286678,0.494,3823
7.0,1.00092709064,0.000235820130911,668.486223847,0.0041426926,4.76,34.4552286678,0.494,3823
7.0,1.00162601471,0.000235867104493,668.547521765,0.0041426926,4.76,34.4552286678,0.494,3823
7.0,1.00179839134,0.000235866667936,668.608819683,0.0041426926,4.76,34.4552286678,0.494,3823
7.0,1.00153410435,0.000235858882661,668.670117601,0.0041426926,4.76,34.4552286678,0.494,3823
7.0,1.00148701668,0.000235852639889,668.731415619,0.0041426926,4.76,34.4552286678,0.494,3823
7.0,1.00213205814,0.000235884886933,668.792713537,0.0041426926,4.76,34.4552286678,0.494,3823
7.0,1.00144767761,0.000235845858697,668.854011556,0.0041426926,4.76,34.4552286678,0.494,3823
7.0,1.00164699554,0.00023585393501,668.915309474,0.0041426926,4.76,34.4552286678,0.494,3823
7.0,1.00173604488,0.000235871979385,668.976607392,0.0041426926,4.76,34.4552286678,0.494,3823
7.0,1.00186705589,0.000235888903262,669.037905311,0.0041426926,4.76,34.4552286678,0.494,3823
7.0,1.00178694725,0.000235853352933,669.099203229,0.0041426926,4.76,34.4552286678,0.494,3823
7.0,1.00172507763,0.000235878454987,669.160501147,0.0041426926,4.76,34.4552286678,0.494,3823
7.0,1.00311517715,0.000235903236899,669.242231705,0.0041426926,4.76,34.4552286678,0.494,3823
7.0,1.00276243687,0.000235863873968,669.303529624,0.0041426926,4.76,34.4552286678,0.494,3823
7.0,1.0026652813,0.000235860075918,669.364827643,0.0041426926,4.76,34.4552286678,0.494,3823
7.0,1.00254511833,0.000235859362874,669.426125562,0.0041426926,4.76,34.4552286678,0.494,3823
7.0,1.0026884079,0.0002358652564,669.487423481,0.0041426926,4.76,34.4552286678,0.494,3823
7.0,1.0033301115,0.000235906292801,669.56915404,0.0041426926,4.76,34.4552286678,0.494,3823
7.0,1.00258278847,0.000235890038311,669.630451959,0.0041426926,4.76,34.4552286678,0.494,3823
7.0,1.00214838982,0.000235821818933,669.691749879,0.0041426926,4.76,34.4552286678,0.494,3823
7.0,1.0028989315,0.000235906089074,669.753047798,0.0041426926,4.76,34.4552286678,0.494,3823
7.0,1.00337815285,0.00023590605997,669.814345718,0.0041426926,4.76,34.4552286678,0.494,3823
7.0,1.00254642963,0.000235878309468,669.875643738,0.0041426926,4.76,34.4552286678,0.494,3823
7.0,1.00266420841,0.00023590157798,669.936941658,0.0041426926,4.76,34.4552286678,0.494,3823
7.0,1.0026268959,0.000235877407249,669.998239578,0.0041426926,4.76,34.4552286678,0.494,3823
7.0,1.0022726059,0.000235869272728,670.059537498,0.0041426926,4.76,34.4552286678,0.494,3823
7.0,1.00201177597,0.000235843646806,670.120835418,0.0041426926,4.76,34.4552286678,0.494,3823
7.0,1.00225532055,0.000235832849285,670.182133339,0.0041426926,4.76,34.4552286678,0.494,3823
7.0,1.00219738483,0.000235867802985,670.243431259,0.0041426926,4.76,34.4552286678,0.494,3823
7.0,1.00177693367,0.000235876985244,670.30472918,0.0041426926,4.76,34.4552286678,0.494,3823
7.0,1.001729846,0.000235846222495,670.366027101,0.0041426926,4.76,34.4552286678,0.494,3823
7.0,1.0020942688,0.000235859639361,670.427325022,0.0041426926,4.76,34.4552286678,0.494,3823
7.0,1.0027538538,0.000235948216869,670.488622943,0.0041426926,4.76,34.4552286678,0.494,3823
7.0,1.00274860859,0.000235922299908,670.549920865,0.0041426926,4.76,34.4552286678,0.494,3823
7.0,1.00258517265,0.000235944244196,670.611218786,0.0041426926,4.76,34.4552286678,0.494,3823
7.0,1.00289237499,0.000235917585087,670.672516908,0.0041426926,4.76,34.4552286678,0.494,3823
7.0,1.00252270699,0.000235902989516,670.73381483,0.0041426926,4.76,34.4552286678,0.494,3823
7.0,1.00183725357,0.000235898507526,670.795112752,0.0041426926,4.76,34.4552286678,0.494,3823
7.0,1.00146555901,0.00023588690965,670.856410674,0.0041426926,4.76,34.4552286678,0.494,3823
7.0,1.00168597698,0.000235917919781,670.917708596,0.0041426926,4.76,34.4552286678,0.494,3823
7.0,1.00138413906,0.000235918021644,670.979006519,0.0041426926,4.76,34.4552286678,0.494,3823
7.0,1.00133156776,0.000235897008679,671.040304442,0.0041426926,4.76,34.4552286678,0.494,3823
7.0,1.0013769865,0.000235881263507,671.101602365,0.0041426926,4.76,34.4552286678,0.494,3823
7.0,1.0021417141,0.000235950239585,671.162900288,0.0041426926,4.76,34.4552286678,0.494,3823
7.0,1.00231444836,0.000235966494074,671.224198211,0.0041426926,4.76,34.4552286678,0.494,3823
7.0,1.00151479244,0.000235969011555,671.285496135,0.0041426926,4.76,34.4552286678,0.494,3823
7.0,1.00172042847,0.000235995117691,671.346794058,0.0041426926,4.76,34.4552286678,0.494,3823
7.0,1.00160837173,0.000235962274019,671.408092082,0.0041426926,4.76,34.4552286678,0.494,3823
7.0,1.00175321102,0.000235973740928,671.469390007,0.0041426926,4.76,34.4552286678,0.494,3823
7.0,1.00179767609,0.000235989005887,671.530687931,0.0041426926,4.76,34.4552286678,0.494,3823
7.0,1.00199639797,0.000235965198954,671.591985955,0.0041426926,4.76,34.4552286678,0.494,3823
7.0,1.00239431858,0.000235988321947,671.65328378,0.0041426926,4.76,34.4552286678,0.494,3823
7.0,1.00214588642,0.000236010571825,671.714581705,0.0041426926,4.76,34.4552286678,0.494,3823
7.0,1.00198161602,0.000235968691413,671.77587963,0.0041426926,4.76,34.4552286678,0.494,3823
7.0,1.00206029415,0.000236010251683,671.837177556,0.0041426926,4.76,34.4552286678,0.494,3823
7.0,1.00172841549,0.000236005755141,671.898475482,0.0041426926,4.76,34.4552286678,0.494,3823
7.0,1.0014398098,0.00023598781263,671.959773507,0.0041426926,4.76,34.4552286678,0.494,3823
7.0,1.00229847431,0.000236020365264,672.021071434,0.0041426926,4.76,34.4552286678,0.494,3823
7.0,1.00258111954,0.000236068750382,672.08236936,0.0041426926,4.76,34.4552286678,0.494,3823
7.0,1.00179314613,0.000235999556025,672.143667387,0.0041426926,4.76,34.4552286678,0.494,3823
7.0,1.00211167336,0.00023605239403,672.225397956,0.0041426926,4.76,34.4552286678,0.494,3823
7.0,1.00232374668,0.000235995772528,672.286695883,0.0041426926,4.76,34.4552286678,0.494,3823
7.0,1.00182878971,0.000235985658946,672.34799371,0.0041426926,4.76,34.4552286678,0.494,3823
7.0,1.00208282471,0.000236007224885,672.409291638,0.0041426926,4.76,34.4552286678,0.494,3823
7.0,1.001937747,0.000236026811763,672.470589666,0.0041426926,4.76,34.4552286678,0.494,3823
7.0,1.00129163265,0.000235970859649,672.531887594,0.0041426926,4.76,34.4552286678,0.494,3823
7.0,1.00230407715,0.000235968560446,672.593185523,0.0041426926,4.76,34.4552286678,0.494,3823
7.0,1.0013846159,0.000235921979765,672.654483552,0.0041426926,4.76,34.4552286678,0.494,3823
7.0,1.00178480148,0.00023595476523,672.715781481,0.0041426926,4.76,34.4552286678,0.494,3823
7.0,1.00165200233,0.000235977917328,672.77707941,0.0041426926,4.76,34.4552286678,0.494,3823
7.0,1.00165331364,0.000235979852732,672.83837734,0.0041426926,4.76,34.4552286678,0.494,3823
7.0,1.00163018703,0.000235997795244,672.89967527,0.0041426926,4.76,34.4552286678,0.494,3823
7.0,1.00213861465,0.00023605300521,672.9609732,0.0041426926,4.76,34.4552286678,0.494,3823
7.0,1.00248098373,0.000236017163843,673.02227113,0.0041426926,4.76,34.4552286678,0.494,3823
7.0,1.0023598671,0.00023601797875,673.083569061,0.0041426926,4.76,34.4552286678,0.494,3823
7.0,1.00243353844,0.000236049061641,673.144866992,0.0041426926,4.76,34.4552286678,0.494,3823
7.0,1.0018684864,0.000236026578932,673.206164923,0.0041426926,4.76,34.4552286678,0.494,3823
7.0,1.00271129608,0.000236051157117,673.267462855,0.0041426926,4.76,34.4552286678,0.494,3823
7.0,1.00266563892,0.000236080464674,673.328760787,0.0041426926,4.76,34.4552286678,0.494,3823
7.0,1.00217938423,0.000236035863054,673.390058919,0.0041426926,4.76,34.4552286678,0.494,3823
7.0,1.00238752365,0.00023604236776,673.451356852,0.0041426926,4.76,34.4552286678,0.494,3823
7.0,1.00250339508,0.000236091131228,673.512654785,0.0041426926,4.76,34.4552286678,0.494,3823
7.0,1.00261318684,0.000236102277995,673.573952718,0.0041426926,4.76,34.4552286678,0.494,3823
7.0,1.00212562084,0.000236139312619,673.635250652,0.0041426926,4.76,34.4552286678,0.494,3823
7.0,1.00184488297,0.000236095744185,673.696548586,0.0041426926,4.76,34.4552286678,0.494,3823
7.0,1.00175631046,0.000236093896092,673.75784652,0.0041426926,4.76,34.4552286678,0.494,3823
7.0,1.00226104259,0.000236116044107,673.819144454,0.0041426926,4.76,34.4552286678,0.494,3823
7.0,1.00176179409,0.000236145948293,673.880442389,0.0041426926,4.76,34.4552286678,0.494,3823
7.0,1.00103366375,0.000236036372371,673.941740325,0.0041426926,4.76,34.4552286678,0.494,3823
7.0,1.00164318085,0.000236153384321,674.00303826,0.0041426926,4.76,34.4552286678,0.494,3823
7.0,1.00183939934,0.000236114909058,674.064336196,0.0041426926,4.76,34.4552286678,0.494,3823
7.0,1.0020326376,0.000236119143665,674.125634232,0.0041426926,4.76,34.4552286678,0.494,3823
7.0,1.00191903114,0.000236170628341,674.186932169,0.0041426926,4.76,34.4552286678,0.494,3823
7.0,1.00086462498,0.000236099309404,674.248230106,0.0041426926,4.76,34.4552286678,0.494,3823
7.0,1.00188088417,0.000236129097175,674.309528043,0.0041426926,4.76,34.4552286678,0.494,3823
7.0,1.00109422207,0.000236089734244,674.370825981,0.0041426926,4.76,34.4552286678,0.494,3823
7.0,1.00075018406,0.000236118285102,674.432123919,0.0041426926,4.76,34.4552286678,0.494,3823
7.0,1.00148177147,0.000236081963521,674.493421857,0.0041426926,4.76,34.4552286678,0.494,3823
7.0,1.00111329556,0.000236092018895,674.554719796,0.0041426926,4.76,34.4552286678,0.494,3823
7.0,1.00106728077,0.000236113017309,674.616017735,0.0041426926,4.76,34.4552286678,0.494,3823
7.0,1.0008392334,0.000236098101595,674.677315775,0.0041426926,4.76,34.4552286678,0.494,3823
7.0,1.00060725212,0.000236080246395,674.738613715,0.0041426926,4.76,34.4552286678,0.494,3823
7.0,1.00111103058,0.000236084393691,674.799911655,0.0041426926,4.76,34.4552286678,0.494,3823
7.0,1.00093388557,0.000236028557993,674.861209696,0.0041426926,4.76,34.4552286678,0.494,3823
7.0,1.00066566467,0.000236072024563,674.922507637,0.0041426926,4.76,34.4552286678,0.494,3823
7.0,1.00091266632,0.000236088424572,674.983805579,0.0041426926,4.76,34.4552286678,0.494,3823
7.0,1.0010985136,0.000236085033976,675.045103521,0.0041426926,4.76,34.4552286678,0.494,3823
7.0,1.00049138069,0.00023606340983,675.106401463,0.0041426926,4.76,34.4552286678,0.494,3823
7.0,1.00068676472,0.000236070016399,675.188132053,0.0041426926,4.76,34.4552286678,0.494,3823
7.0,1.00062727928,0.000236050036619,675.249429997,0.0041426926,4.76,34.4552286678,0.494,3823
7.0,1.00128364563,0.00023613779922,675.31072804,0.0041426926,4.76,34.4552286678,0.494,3823
7.0,1.00081765652,0.000236117266468,675.372025984,0.0041426926,4.76,34.4552286678,0.494,3823
7.0,1.00033462048,0.000236075153225,675.433323929,0.0041426926,4.76,34.4552286678,0.494,3823
7.0,1.00042784214,0.000236089428654,675.494621874,0.0041426926,4.76,34.4552286678,0.494,3823
7.0,1.00080108643,0.000236100968323,675.555919819,0.0041426926,4.76,34.4552286678,0.494,3823
7.0,1.00061321259,0.0002360931976,675.617217765,0.0041426926,4.76,34.4552286678,0.494,3823
7.0,1.0007160902,0.000236125066294,675.678515711,0.0041426926,4.76,34.4552286678,0.494,3823
7.0,1.00088143349,0.00023609425989,675.739813658,0.0041426926,4.76,34.4552286678,0.494,3823
7.0,1.00110888481,0.000236118008615,675.801111605,0.0041426926,4.76,34.4552286678,0.494,3823
7.0,1.00085508823,0.000236096806475,675.862409553,0.0041426926,4.76,34.4552286678,0.494,3823
7.0,1.0009393692,0.000236096966546,675.923707501,0.0041426926,4.76,34.4552286678,0.494,3823
7.0,1.00124001503,0.000236145569943,675.985005449,0.0041426926,4.76,34.4552286678,0.494,3823
7.0,1.00068235397,0.00023612586665,676.046303598,0.0041426926,4.76,34.4552286678,0.494,3823
7.0,1.00109696388,0.000236132516875,676.107601547,0.0041426926,4.76,34.4552286678,0.494,3823
7.0,1.00068867207,0.00023613171652,676.168899497,0.0041426926,4.76,34.4552286678,0.494,3823
7.0,1.00104427338,0.000236144434894,676.230197347,0.0041426926,4.76,34.4552286678,0.494,3823
7.0,1.00113844872,0.000236170249991,676.291495298,0.0041426926,4.76,34.4552286678,0.494,3823
7.0,1.00096690655,0.000236140680499,676.352793349,0.0041426926,4.76,34.4552286678,0.494,3823
7.0,1.00039899349,0.000236140898778,676.414091301,0.0041426926,4.76,34.4552286678,0.494,3823
7.0,1.00068736076,0.000236170541029,676.475389253,0.0041426926,4.76,34.4552286678,0.494,3823
7.0,1.00064408779,0.000236162275542,676.536687206,0.0041426926,4.76,34.4552286678,0.494,3823
7.0,1.00058329105,0.000236113628489,676.597985159,0.0041426926,4.76,34.4552286678,0.494,3823
7.0,1.00106775761,0.00023616256658,676.659283113,0.0041426926,4.76,34.4552286678,0.494,3823
7.0,1.00117707253,0.000236165738897,676.720581067,0.0041426926,4.76,34.4552286678,0.494,3823
7.0,1.00098633766,0.00023614669044,676.781879121,0.0041426926,4.76,34.4552286678,0.494,3823
7.0,1.00099253654,0.000236180654611,676.843177077,0.0041426926,4.76,34.4552286678,0.494,3823
7.0,1.00034964085,0.000236139298067,676.904475032,0.0041426926,4.76,34.4552286678,0.494,3823
7.0,1.00078606606,0.000236184045207,676.965772988,0.0041426926,4.76,34.4552286678,0.494,3823
7.0,1.00075519085,0.000236178006162,677.027070945,0.0041426926,4.76,34.4552286678,0.494,3823
7.0,1.00122988224,0.000236221065279,677.088368902,0.0041426926,4.76,34.4552286678,0.494,3823
7.0,1.00054359436,0.000236183521338,677.14966686,0.0041426926,4.76,34.4552286678,0.494,3823
7.0,1.00042271614,0.000236231571762,677.210964818,0.0041426926,4.76,34.4552286678,0.494,3823
7.0,0.99988168478,0.00023615801183,677.272262776,0.0041426926,4.76,34.4552286678,0.494,3823
7.0,1.00027632713,0.000236266758293,677.333560836,0.0041426926,4.76,34.4552286678,0.494,3823
7.0,1.00033211708,0.000236250620219,677.394858795,0.0041426926,4.76,34.4552286678,0.494,3823
7.0,1.00045633316,0.000236218184,677.456156756,0.0041426926,4.76,34.4552286678,0.494,3823
7.0,1.0008430481,0.00023629750649,677.517454816,0.0041426926,4.76,34.4552286678,0.494,3823
7.0,1.0002310276,0.000236249747104,677.578752778,0.0041426926,4.76,34.4552286678,0.494,3823
7.0,1.00108861923,0.000236340958509,677.64005074,0.0041426926,4.76,34.4552286678,0.494,3823
7.0,1.00102889538,0.000236308507738,677.701348702,0.0041426926,4.76,34.4552286678,0.494,3823
7.0,1.00019550323,0.000236280247918,677.762646665,0.0041426926,4.76,34.4552286678,0.494,3823
7.0,1.00054812431,0.00023630943906,677.823944628,0.0041426926,4.76,34.4552286678,0.494,3823
7.0,1.00075292587,0.000236325882724,677.885242593,0.0041426926,4.76,34.4552286678,0.494,3823
7.0,1.00098657608,0.000236401087022,677.946540557,0.0041426926,4.76,34.4552286678,0.494,3823
7.0,1.00039768219,0.000236317922827,678.007838522,0.0041426926,4.76,34.4552286678,0.494,3823
7.0,1.00065100193,0.000236366991885,678.069136488,0.0041426926,4.76,34.4552286678,0.494,3823
7.0,0.9998909235,0.00023628748022,678.15086721,0.0041426926,4.76,34.4552286678,0.494,3823
7.0,1.00007307529,0.00023633010278,678.212165177,0.0041426926,4.76,34.4552286678,0.494,3823
7.0,0.99978017807,0.000236309235333,678.273463145,0.0041426926,4.76,34.4552286678,0.494,3823
7.0,1.00033080578,0.000236315230723,678.334761113,0.0041426926,4.76,34.4552286678,0.494,3823
7.0,1.00046098232,0.000236351494095,678.396059082,0.0041426926,4.76,34.4552286678,0.494,3823
7.0,1.00111079216,0.000236370280618,678.457357051,0.0041426926,4.76,34.4552286678,0.494,3823
7.0,1.00084614754,0.000236361767747,678.518655021,0.0041426926,4.76,34.4552286678,0.494,3823
7.0,1.00008130074,0.000236340536503,678.579952991,0.0041426926,4.76,34.4552286678,0.494,3823
7.0,0.999953985214,0.000236329404288,678.641251063,0.0041426926,4.76,34.4552286678,0.494,3823
7.0,1.00013995171,0.0002363465901,678.702549134,0.0041426926,4.76,34.4552286678,0.494,3823
7.0,1.00015985966,0.000236364328885,678.763847107,0.0041426926,4.76,34.4552286678,0.494,3823
7.0,1.000192523,0.000236306150327,678.82514498,0.0041426926,4.76,34.4552286678,0.494,3823
7.0,0.999825179577,0.000236320032855,678.886442953,0.0041426926,4.76,34.4552286678,0.494,3823
7.0,1.00032949448,0.000236368694459,678.947740927,0.0041426926,4.76,34.4552286678,0.494,3823
7.0,1.0003567934,0.000236369596678,679.009038902,0.0041426926,4.76,34.4552286678,0.494,3823
7.0,1.00021135807,0.000236339343246,679.070336978,0.0041426926,4.76,34.4552286678,0.494,3823
7.0,1.00025415421,0.000236321910052,679.131634954,0.0041426926,4.76,34.4552286678,0.494,3823
7.0,1.00056922436,0.000236364357988,679.19293293,0.0041426926,4.76,34.4552286678,0.494,3823
7.0,1.00025689602,0.000236333493376,679.254230907,0.0041426926,4.76,34.4552286678,0.494,3823
7.0,1.00054335594,0.000236335778027,679.315528885,0.0041426926,4.76,34.4552286678,0.494,3823
7.0,0.999818384647,0.000236298030359,679.376826964,0.0041426926,4.76,34.4552286678,0.494,3823
7.0,0.999755382538,0.000236281848629,679.438124943,0.0041426926,4.76,34.4552286678,0.494,3823
7.0,1.00064146519,0.000236398278503,679.499422923,0.0041426926,4.76,34.4552286678,0.494,3823
7.0,0.999902546406,0.000236304113059,679.560720903,0.0041426926,4.76,34.4552286678,0.494,3823
7.0,0.999921441078,0.000236332198256,679.622018884,0.0041426926,4.76,34.4552286678,0.494,3823
7.0,0.999913334846,0.000236316132941,679.683316866,0.0041426926,4.76,34.4552286678,0.494,3823
7.0,0.999670863152,0.000236268693698,679.744614849,0.0041426926,4.76,34.4552286678,0.494,3823
7.0,0.999626278877,0.000236298845266,679.805912832,0.0041426926,4.76,34.4552286678,0.494,3823
7.0,0.999478280544,0.000236293984926,679.867210815,0.0041426926,4.76,34.4552286678,0.494,3823
7.0,0.999582052231,0.00023627684277,679.9285088,0.0041426926,4.76,34.4552286678,0.494,3823
7.0,0.999813377857,0.000236338280956,679.989806785,0.0041426926,4.76,34.4552286678,0.494,3823
7.0,1.00010299683,0.000236345440499,680.05110487,0.0041426926,4.76,34.4552286678,0.494,3823
7.0,1.00073492527,0.000236329593463,680.112402857,0.0041426926,4.76,34.4552286678,0.494,3823
7.0,1.0003682375,0.000236360501731,680.173700844,0.0041426926,4.76,34.4552286678,0.494,3823
7.0,1.00051736832,0.000236363281147,680.234998932,0.0041426926,4.76,34.4552286678,0.494,3823
7.0,1.00020766258,0.000236304302234,680.29629692,0.0041426926,4.76,34.4552286678,0.494,3823
7.0,1.00034987926,0.000236333376961,680.357594909,0.0041426926,4.76,34.4552286678,0.494,3823
7.0,0.999753832817,0.000236294930801,680.418892899,0.0041426926,4.76,34.4552286678,0.494,3823
7.0,0.999409735203,0.000236289051827,680.480190889,0.0041426926,4.76,34.4552286678,0.494,3823
7.0,0.999555289745,0.000236240419326,680.541488881,0.0041426926,4.76,34.4552286678,0.494,3823
7.0,0.999489724636,0.000236247215071,680.602786873,0.0041426926,4.76,34.4552286678,0.494,3823
7.0,0.999180018902,0.000236301886616,680.664084865,0.0041426926,4.76,34.4552286678,0.494,3823
7.0,1.00041270256,0.000236363179283,680.725382958,0.0041426926,4.76,34.4552286678,0.494,3823
7.0,1.00007021427,0.000236342471908,680.786680952,0.0041426926,4.76,34.4552286678,0.494,3823
7.0,0.999833285809,0.000236329942709,680.847978947,0.0041426926,4.76,34.4552286678,0.494,3823
7.0,1.00057780743,0.000236411186052,680.909276943,0.0041426926,4.76,34.4552286678,0.494,3823
7.0,1.00010693073,0.000236356776441,680.970574939,0.0041426926,4.76,34.4552286678,0.494,3823
7.0,1.00003027916,0.000236359599512,681.031872936,0.0041426926,4.76,34.4552286678,0.494,3823
7.0,0.999897897243,0.000236329025938,681.093170933,0.0041426926,4.76,34.4552286678,0.494,3823
7.0,1.00000107288,0.000236304593273,681.174901698,0.0041426926,4.76,34.4552286678,0.494,3823
7.0,1.00040447712,0.000236343592405,681.236199697,0.0041426926,4.76,34.4552286678,0.494,3823
7.0,1.00043010712,0.000236378720729,681.297497697,0.0041426926,4.76,34.4552286678,0.494,3823
7.0,1.00046718121,0.000236396765104,681.358795698,0.0041426926,4.76,34.4552286678,0.494,3823
7.0,1.00063180923,0.000236422056332,681.4200937,0.0041426926,4.76,34.4552286678,0.494,3823
7.0,1.00021922588,0.000236394655076,681.481391702,0.0041426926,4.76,34.4552286678,0.494,3823
7.0,1.0003131628,0.000236389925703,681.542689705,0.0041426926,4.76,34.4552286678,0.494,3823
7.0,1.00072872639,0.00023640152358,681.603987709,0.0041426926,4.76,34.4552286678,0.494,3823
7.0,1.00020396709,0.00023634720128,681.665285713,0.0041426926,4.76,34.4552286678,0.494,3823
7.0,1.00068247318,0.000236378691625,681.726583718,0.0041426926,4.76,34.4552286678,0.494,3823
7.0,1.0003579855,0.000236346750171,681.787881825,0.0041426926,4.76,34.4552286678,0.494,3823
7.0,1.00104939938,0.000236417763517,681.849179931,0.0041426926,4.76,34.4552286678,0.494,3823
7.0,1.0002322197,0.000236368607148,681.910477939,0.0041426926,4.76,34.4552286678,0.494,3823
7.0,1.00036799908,0.000236374078668,681.971775947,0.0041426926,4.76,34.4552286678,0.494,3823
7.0,1.00018143654,0.000236365201999,682.033073956,0.0041426926,4.76,34.4552286678,0.494,3823
7.0,1.00053489208,0.000236369625782,682.094371966,0.0041426926,4.76,34.4552286678,0.494,3823
7.0,1.00070893764,0.000236392283114,682.155669977,0.0041426926,4.76,34.4552286678,0.494,3823
7.0,1.00018167496,0.000236385516473,682.216967989,0.0041426926,4.76,34.4552286678,0.494,3823
7.0,1.00033855438,0.000236406718614,682.278266001,0.0041426926,4.76,34.4552286678,0.494,3823
7.0,0.999925255775,0.000236347084865,682.339564014,0.0041426926,4.76,34.4552286678,0.494,3823
7.0,1.00072932243,0.000236337655224,682.400862028,0.0041426926,4.76,34.4552286678,0.494,3823
7.0,1.00049316883,0.000236375344684,682.462160043,0.0041426926,4.76,34.4552286678,0.494,3823
7.0,0.999973058701,0.000236340580159,682.523458158,0.0041426926,4.76,34.4552286678,0.494,3823
7.0,1.00015079975,0.000236356485402,682.584756174,0.0041426926,4.76,34.4552286678,0.494,3823
7.0,1.00115346909,0.000236400112044,682.646054191,0.0041426926,4.76,34.4552286678,0.494,3823
7.0,1.00062799454,0.00023640760628,682.707352209,0.0041426926,4.76,34.4552286678,0.494,3823
7.0,1.00105679035,0.000236385312746,682.768650228,0.0041426926,4.76,34.4552286678,0.494,3823
7.0,1.00053656101,0.000236410851358,682.829948248,0.0041426926,4.76,34.4552286678,0.494,3823
7.0,1.00053453445,0.000236401116126,682.891246268,0.0041426926,4.76,34.4552286678,0.494,3823
7.0,1.00004124641,0.000236361956922,682.952544389,0.0041426926,4.76,34.4552286678,0.494,3823
7.0,1.00052571297,0.000236390638747,683.013842411,0.0041426926,4.76,34.4552286678,0.494,3823
7.0,1.00114488602,0.000236402600422,683.075140434,0.0041426926,4.76,34.4552286678,0.494,3823
7.0,1.00140285492,0.00023642583983,683.136438558,0.0041426926,4.76,34.4552286678,0.494,3823
7.0,1.00115346909,0.000236396852415,683.197736582,0.0041426926,4.76,34.4552286678,0.494,3823
7.0,1.0011395216,0.000236427469645,683.259034607,0.0041426926,4.76,34.4552286678,0.494,3823
7.0,1.00100159645,0.000236400504946,683.320332634,0.0041426926,4.76,34.4552286678,0.494,3823
7.0,1.00056672096,0.000236425781623,683.381630661,0.0041426926,4.76,34.4552286678,0.494,3823
7.0,1.00079286098,0.000236439242144,683.442928689,0.0041426926,4.76,34.4552286678,0.494,3823
7.0,1.00052452087,0.000236426785705,683.504226717,0.0041426926,4.76,34.4552286678,0.494,3823
7.0,1.00044906139,0.000236444713664,683.565524747,0.0041426926,4.76,34.4552286678,0.494,3823
7.0,0.999297499657,0.000236337902606,683.626822778,0.0041426926,4.76,34.4552286678,0.494,3823
7.0,1.00034177303,0.000236400213907,683.688120809,0.0041426926,4.76,34.4552286678,0.494,3823
7.0,1.00054657459,0.000236418112763,683.749418841,0.0041426926,4.76,34.4552286678,0.494,3823
7.0,1.00019299984,0.0002363891399,683.810717074,0.0041426926,4.76,34.4552286678,0.494,3823
7.0,1.00078010559,0.000236436084379,683.872015108,0.0041426926,4.76,34.4552286678,0.494,3823
7.0,0.999984145164,0.000236357067479,683.933313043,0.0041426926,4.76,34.4552286678,0.494,3823
7.0,1.00047671795,0.000236424079048,683.994611079,0.0041426926,4.76,34.4552286678,0.494,3823
7.0,1.00020599365,0.000236369203776,684.055909115,0.0041426926,4.76,34.4552286678,0.494,3823
7.0,1.00028991699,0.000236350271734,684.137639832,0.0041426926,4.76,34.4552286678,0.494,3823
7.0,1.00036847591,0.000236371575738,684.198937971,0.0041426926,4.76,34.4552286678,0.494,3823
7.0,0.999544322491,0.000236332809436,684.260236111,0.0041426926,4.76,34.4552286678,0.494,3823
7.0,0.999354183674,0.000236322492128,684.321534151,0.0041426926,4.76,34.4552286678,0.494,3823
7.0,1.00006878376,0.000236380321439,684.382832192,0.0041426926,4.76,34.4552286678,0.494,3823
7.0,0.999164760113,0.000236284511629,684.444130235,0.0041426926,4.76,34.4552286678,0.494,3823
7.0,0.999209105968,0.000236312451307,684.505428278,0.0041426926,4.76,34.4552286678,0.494,3823
7.0,0.998809993267,0.000236281470279,684.566726222,0.0041426926,4.76,34.4552286678,0.494,3823
7.0,0.999172329903,0.000236313338974,684.628024367,0.0041426926,4.76,34.4552286678,0.494,3823
7.0,0.999087393284,0.000236288324231,684.689322413,0.0041426926,4.76,34.4552286678,0.494,3823
7.0,0.999313533306,0.000236308973399,684.75062046,0.0041426926,4.76,34.4552286678,0.494,3823
7.0,0.999053418636,0.000236239109654,684.811918508,0.0041426926,4.76,34.4552286678,0.494,3823
7.0,0.99934887886,0.000236288993619,684.873216656,0.0041426926,4.76,34.4552286678,0.494,3823
7.0,0.999708712101,0.000236305248109,684.934514706,0.0041426926,4.76,34.4552286678,0.494,3823
7.0,0.998896002769,0.000236314343056,684.995812757,0.0041426926,4.76,34.4552286678,0.494,3823
7.0,0.999556601048,0.000236323088757,685.057110808,0.0041426926,4.76,34.4552286678,0.494,3823
7.0,0.999632179737,0.000236299747485,685.118408861,0.0041426926,4.76,34.4552286678,0.494,3823
7.0,0.99964094162,0.000236295309151,685.179706914,0.0041426926,4.76,34.4552286678,0.494,3823
7.0,0.999742805958,0.000236318286625,685.241004968,0.0041426926,4.76,34.4552286678,0.494,3823
7.0,0.999759614468,0.000236277235672,685.302303024,0.0041426926,4.76,34.4552286678,0.494,3823
7.0,0.999939680099,0.000236287392909,685.36360108,0.0041426926,4.76,34.4552286678,0.494,3823
7.0,1.00001621246,0.0002362888481,685.424899137,0.0041426926,4.76,34.4552286678,0.494,3823
7.0,1.00038790703,0.000236302716075,685.486197395,0.0041426926,4.76,34.4552286678,0.494,3823
7.0,1.00051176548,0.00023631809745,685.547495454,0.0041426926,4.76,34.4552286678,0.494,3823
7.0,1.00063502789,0.000236329447944,685.608793515,0.0041426926,4.76,34.4552286678,0.494,3823
7.0,0.99975669384,0.000236257517827,685.670091576,0.0041426926,4.76,34.4552286678,0.494,3823
7.0,1.00046133995,0.000236289037275,685.731389638,0.0041426926,4.76,34.4552286678,0.494,3823
7.0,0.999797224998,0.000236217631027,685.792687701,0.0041426926,4.76,34.4552286678,0.494,3823
7.0,0.999407112598,0.000236222942476,685.853985765,0.0041426926,4.76,34.4552286678,0.494,3823
7.0,0.999882042408,0.000236237799982,685.91528383,0.0041426926,4.76,34.4552286678,0.494,3823
7.0,1.00017178059,0.000236242281971,685.976581896,0.0041426926,4.76,34.4552286678,0.494,3823
7.0,0.999527812004,0.000236246036366,686.037879963,0.0041426926,4.76,34.4552286678,0.494,3823
7.0,0.999471664429,0.00023624797177,686.099178031,0.0041426926,4.76,34.4552286678,0.494,3823
7.0,0.999279618263,0.000236236795899,686.1604762,0.0041426926,4.76,34.4552286678,0.494,3823
7.0,0.999411165714,0.000236216175836,686.22177427,0.0041426926,4.76,34.4552286678,0.494,3823
7.0,0.999563694,0.000236201478401,686.283072341,0.0041426926,4.76,34.4552286678,0.494,3823
7.0,0.99909055233,0.000236164327362,686.344370413,0.0041426926,4.76,34.4552286678,0.494,3823
7.0,0.998654663563,0.000236126157688,686.405668486,0.0041426926,4.76,34.4552286678,0.494,3823
7.0,0.999037802219,0.000236134248553,686.46696666,0.0041426926,4.76,34.4552286678,0.494,3823
7.0,0.999103784561,0.000236124600633,686.528264635,0.0041426926,4.76,34.4552286678,0.494,3823
7.0,0.999396443367,0.000236146035604,686.589562711,0.0041426926,4.76,34.4552286678,0.494,3823
7.0,0.999058127403,0.00023612617224,686.650860788,0.0041426926,4.76,34.4552286678,0.494,3823
7.0,0.999241411686,0.000236166801187,686.712158866,0.0041426926,4.76,34.4552286678,0.494,3823
7.0,0.999120235443,0.000236123101786,686.773457145,0.0041426926,4.76,34.4552286678,0.494,3823
7.0,0.999919295311,0.000236112697166,686.834755225,0.0041426926,4.76,34.4552286678,0.494,3823
7.0,0.998957514763,0.00023607298499,686.896053306,0.0041426926,4.76,34.4552286678,0.494,3823
7.0,0.999107658863,0.000236117717577,686.957351389,0.0041426926,4.76,34.4552286678,0.494,3823
7.0,0.998982787132,0.000236096340814,687.018649472,0.0041426926,4.76,34.4552286678,0.494,3823
7.0,0.998633384705,0.000236094027059,687.100380251,0.0041426926,4.76,34.4552286678,0.494,3823
7.0,0.998179852962,0.000236117906752,687.161678337,0.0041426926,4.76,34.4552286678,0.494,3823
7.0,0.998995006084,0.000236172985751,687.222976524,0.0041426926,4.76,34.4552286678,0.494,3823
7.0,0.998774051666,0.00023612852965,687.284274612,0.0041426926,4.76,34.4552286678,0.494,3823
7.0,0.998501896858,0.000236073305132,687.3455727,0.0041426926,4.76,34.4552286678,0.494,3823
7.0,0.998698592186,0.000236093605054,687.40687079,0.0041426926,4.76,34.4552286678,0.494,3823
7.0,0.99829351902,0.000236115040025,687.468168881,0.0041426926,4.76,34.4552286678,0.494,3823
7.0,0.997784376144,0.000236061619944,687.529466974,0.0041426926,4.76,34.4552286678,0.494,3823
7.0,0.998374700546,0.000236106905504,687.590765067,0.0041426926,4.76,34.4552286678,0.494,3823
7.0,0.99792432785,0.000236095482251,687.652063161,0.0041426926,4.76,34.4552286678,0.494,3823
7.0,0.998482763767,0.000236094027059,687.713361256,0.0041426926,4.76,34.4552286678,0.494,3823
7.0,0.99761903286,0.000236060179304,687.774659353,0.0041426926,4.76,34.4552286678,0.494,3823
7.0,0.997525632381,0.000236045249039,687.83595755,0.0041426926,4.76,34.4552286678,0.494,3823
7.0,0.998164832592,0.000236098334426,687.897255649,0.0041426926,4.76,34.4552286678,0.494,3823
7.0,0.99781870842,0.000236107123783,687.958553748,0.0041426926,4.76,34.4552286678,0.494,3823
7.0,0.997978746891,0.000236099120229,688.019851849,0.0041426926,4.76,34.4552286678,0.494,3823
7.0,0.998448967934,0.000236138512264,688.081149951,0.0041426926,4.76,34.4552286678,0.494,3823
7.0,0.998809635639,0.000236163570662,688.142448054,0.0041426926,4.76,34.4552286678,0.494,3823
7.0,0.998531699181,0.00023614303791,688.203746258,0.0041426926,4.76,34.4552286678,0.494,3823
7.0,0.9986307621,0.000236132415012,688.265044363,0.0041426926,4.76,34.4552286678,0.494,3823
7.0,0.997902572155,0.000236102670897,688.326342469,0.0041426926,4.76,34.4552286678,0.494,3823
7.0,0.998237967491,0.000236113119172,688.387640577,0.0041426926,4.76,34.4552286678,0.494,3823
7.0,0.998607635498,0.000236122999922,688.448938785,0.0041426926,4.76,34.4552286678,0.494,3823
7.0,0.998299241066,0.000236064559431,688.510236895,0.0041426926,4.76,34.4552286678,0.494,3823
7.0,0.998749911785,0.000236111794948,688.571535006,0.0041426926,4.76,34.4552286678,0.494,3823
7.0,0.997940421104,0.000236057065194,688.632833118,0.0041426926,4.76,34.4552286678,0.494,3823
7.0,0.998306393623,0.000236085048527,688.694131231,0.0041426926,4.76,34.4552286678,0.494,3823
7.0,0.998528242111,0.000236091538682,688.755429345,0.0041426926,4.76,34.4552286678,0.494,3823
7.0,0.998168408871,0.00023607473122,688.81672746,0.0041426926,4.76,34.4552286678,0.494,3823
7.0,0.997688829899,0.000236032516113,688.898458382,0.0041426926,4.76,34.4552286678,0.494,3823
7.0,0.998558521271,0.000236066465732,688.9597565,0.0041426926,4.76,34.4552286678,0.494,3823
7.0,0.998187601566,0.000236086605582,689.021054619,0.0041426926,4.76,34.4552286678,0.494,3823
7.0,0.997893095016,0.00023605437309,689.08235274,0.0041426926,4.76,34.4552286678,0.494,3823
7.0,0.997611820698,0.000236053296248,689.143650861,0.0041426926,4.76,34.4552286678,0.494,3823
7.0,0.998068153858,0.000236033796682,689.204948984,0.0041426926,4.76,34.4552286678,0.494,3823
7.0,0.998071551323,0.000236054838751,689.266247107,0.0041426926,4.76,34.4552286678,0.494,3823
7.0,0.997840106487,0.000236063846387,689.327545232,0.0041426926,4.76,34.4552286678,0.494,3823
7.0,0.99790430069,0.000236011968809,689.388843358,0.0041426926,4.76,34.4552286678,0.494,3823
7.0,0.997160732746,0.000235961168073,689.450141486,0.0041426926,4.76,34.4552286678,0.494,3823
7.0,0.997476816177,0.000236056061112,689.511439714,0.0041426926,4.76,34.4552286678,0.494,3823
7.0,0.99694776535,0.000236029838561,689.572737943,0.0041426926,4.76,34.4552286678,0.494,3823
7.0,0.997535288334,0.000236011081142,689.634036074,0.0041426926,4.76,34.4552286678,0.494,3823
7.0,0.997098982334,0.00023602215515,689.695334206,0.0041426926,4.76,34.4552286678,0.494,3823
7.0,0.998043477535,0.000236085834331,689.756632239,0.0041426926,4.76,34.4552286678,0.494,3823
7.0,0.997842907906,0.000236081410549,689.817930374,0.0041426926,4.76,34.4552286678,0.494,3823
7.0,0.997620940208,0.000236064122873,689.879228509,0.0041426926,4.76,34.4552286678,0.494,3823
7.0,0.997511446476,0.00023604821763,689.940526746,0.0041426926,4.76,34.4552286678,0.494,3823
7.0,0.99727666378,0.00023602975125,690.001824884,0.0041426926,4.76,34.4552286678,0.494,3823
7.0,0.997202754021,0.00023604753369,690.083555836,0.0041426926,4.76,34.4552286678,0.494,3823
7.0,0.996806561947,0.000236031293753,690.144853977,0.0041426926,4.76,34.4552286678,0.494,3823
7.0,0.997122704983,0.000236000865698,690.206152119,0.0041426926,4.76,34.4552286678,0.494,3823
7.0,0.99522870779,0.00023601319117,691.575144577,0.0041426926,4.76,34.4552286678,0.494,3823
7.0,0.995165765285,0.000236004212638,691.636442749,0.0041426926,4.76,34.4552286678,0.494,3823
7.0,0.99498462677,0.000235981045989,691.697740921,0.0041426926,4.76,34.4552286678,0.494,3823
7.0,0.994896888733,0.000235965126194,691.759039095,0.0041426926,4.76,34.4552286678,0.494,3823
7.0,0.995448231697,0.000236008490901,691.820337369,0.0041426926,4.76,34.4552286678,0.494,3823
7.0,0.996165752411,0.000236014981056,691.881635546,0.0041426926,4.76,34.4552286678,0.494,3823
7.0,0.996221005917,0.000236025254708,691.942933723,0.0041426926,4.76,34.4552286678,0.494,3823
7.0,0.995018005371,0.000235969127971,692.004231902,0.0041426926,4.76,34.4552286678,0.494,3823
7.0,0.995411932468,0.000235991596128,692.065530082,0.0041426926,4.76,34.4552286678,0.494,3823
7.0,0.995115637779,0.000235932238866,692.126828264,0.0041426926,4.76,34.4552286678,0.494,3823
7.0,0.995522975922,0.000235972795053,692.188126446,0.0041426926,4.76,34.4552286678,0.494,3823
7.0,0.996188879013,0.000236027481151,692.249424631,0.0041426926,4.76,34.4552286678,0.494,3823
7.0,0.996208250523,0.000236013031099,692.310722916,0.0041426926,4.76,34.4552286678,0.494,3823
7.0,0.995999932289,0.000236008112552,692.372021103,0.0041426926,4.76,34.4552286678,0.494,3823
7.0,0.996500790119,0.000236045423662,692.433319291,0.0041426926,4.76,34.4552286678,0.494,3823
7.0,0.996562480927,0.000236039064475,692.49461748,0.0041426926,4.76,34.4552286678,0.494,3823
7.0,0.997290849686,0.000236082400079,692.555915671,0.0041426926,4.76,34.4552286678,0.494,3823
7.0,0.996662259102,0.000236043008044,692.617213863,0.0041426926,4.76,34.4552286678,0.494,3823
7.0,0.996980309486,0.000236058127484,692.678512056,0.0041426926,4.76,34.4552286678,0.494,3823
7.0,0.997102677822,0.000236064748606,692.739810351,0.0041426926,4.76,34.4552286678,0.494,3823
7.0,0.997088253498,0.000236076040892,692.801108547,0.0041426926,4.76,34.4552286678,0.494,3823
7.0,0.997202754021,0.000236111853155,692.862406745,0.0041426926,4.76,34.4552286678,0.494,3823
7.0,0.996842265129,0.000236072461121,692.923704943,0.0041426926,4.76,34.4552286678,0.494,3823
7.0,0.996777236462,0.000236069769016,692.985003243,0.0041426926,4.76,34.4552286678,0.494,3823
7.0,0.997418880463,0.000236090418184,693.066734079,0.0041426926,4.76,34.4552286678,0.494,3823
7.0,0.996902763844,0.000236043924815,693.128032282,0.0041426926,4.76,34.4552286678,0.494,3823
7.0,0.996861100197,0.000236066480284,693.189330487,0.0041426926,4.76,34.4552286678,0.494,3823
7.0,0.996572852135,0.000236060062889,693.250628793,0.0041426926,4.76,34.4552286678,0.494,3823
7.0,0.99673974514,0.000236072461121,693.311927,0.0041426926,4.76,34.4552286678,0.494,3823
7.0,0.99647963047,0.000236089850659,693.373225309,0.0041426926,4.76,34.4552286678,0.494,3823
7.0,0.996573626995,0.000236060936004,693.434523519,0.0041426926,4.76,34.4552286678,0.494,3823
7.0,0.996648550034,0.000236022999161,693.495821731,0.0041426926,4.76,34.4552286678,0.494,3823
7.0,0.996862828732,0.000236043386394,693.557119944,0.0041426926,4.76,34.4552286678,0.494,3823
7.0,0.99711984396,0.000236074105487,693.618418158,0.0041426926,4.76,34.4552286678,0.494,3823
7.0,0.996963202953,0.000235999774304,693.679716374,0.0041426926,4.76,34.4552286678,0.494,3823
7.0,0.997410476208,0.000236032385146,693.741014591,0.0041426926,4.76,34.4552286678,0.494,3823
7.0,0.997274935246,0.00023608088668,693.802312809,0.0041426926,4.76,34.4552286678,0.494,3823
7.0,0.996976494789,0.000236004067119,693.863611029,0.0041426926,4.76,34.4552286678,0.494,3823
7.0,0.997721195221,0.000236022824538,693.924909251,0.0041426926,4.76,34.4552286678,0.494,3823
7.0,0.99676579237,0.000235994521063,693.986207473,0.0041426926,4.76,34.4552286678,0.494,3823
7.0,0.996930003166,0.000235983767197,694.047505797,0.0041426926,4.76,34.4552286678,0.494,3823
7.0,0.997116982937,0.000235995132243,694.108804123,0.0041426926,4.76,34.4552286678,0.494,3823
7.0,0.997073769569,0.000235979183344,694.17010225,0.0041426926,4.76,34.4552286678,0.494,3823
7.0,0.997821748257,0.000236037594732,694.231400478,0.0041426926,4.76,34.4552286678,0.494,3823
7.0,0.997865974903,0.000236039923038,694.292698708,0.0041426926,4.76,34.4552286678,0.494,3823
7.0,0.99729770422,0.000236015839619,694.353996939,0.0041426926,4.76,34.4552286678,0.494,3823
7.0,0.998017609119,0.000236054605921,694.415295172,0.0041426926,4.76,34.4552286678,0.494,3823
7.0,0.997478485107,0.000236019201111,694.476593506,0.0041426926,4.76,34.4552286678,0.494,3823
7.0,0.997520387173,0.000236029023654,694.537891741,0.0041426926,4.76,34.4552286678,0.494,3823
7.0,0.998373329639,0.000236071995459,694.599189978,0.0041426926,4.76,34.4552286678,0.494,3823
7.0,0.998514056206,0.000236093183048,694.660488316,0.0041426926,4.76,34.4552286678,0.494,3823
7.0,0.998096287251,0.000236059000599,694.721786556,0.0041426926,4.76,34.4552286678,0.494,3823
7.0,0.99794024229,0.000236078631133,694.783084797,0.0041426926,4.76,34.4552286678,0.494,3823
7.0,0.998136460781,0.000236068080994,694.84438304,0.0041426926,4.76,34.4552286678,0.494,3823
7.0,0.998481988907,0.000236110572587,694.905681284,0.0041426926,4.76,34.4552286678,0.494,3823
7.0,0.99813914299,0.000236103820498,694.96697953,0.0041426926,4.76,34.4552286678,0.494,3823
7.0,0.998667240143,0.00023611895449,695.028277777,0.0041426926,4.76,34.4552286678,0.494,3823
7.0,0.998438417912,0.00023609524942,695.089576025,0.0041426926,4.76,34.4552286678,0.494,3823
7.0,0.999048292637,0.000236137319007,695.150874275,0.0041426926,4.76,34.4552286678,0.494,3823
7.0,0.999224603176,0.000236157051404,695.212172527,0.0041426926,4.76,34.4552286678,0.494,3823
7.0,0.998529672623,0.000236132415012,695.27347078,0.0041426926,4.76,34.4552286678,0.494,3823
7.0,0.998275399208,0.000236123276409,695.334769234,0.0041426926,4.76,34.4552286678,0.494,3823
7.0,0.999299407005,0.000236142514041,695.39606749,0.0041426926,4.76,34.4552286678,0.494,3823
7.0,0.9990478158,0.000236139909248,695.457365747,0.0041426926,4.76,34.4552286678,0.494,3823
7.0,0.999245941639,0.000236170206335,695.518663906,0.0041426926,4.76,34.4552286678,0.494,3823
7.0,0.999002277851,0.000236143125221,695.579962166,0.0041426926,4.76,34.4552286678,0.494,3823
7.0,0.999491810799,0.000236186606344,695.641260428,0.0041426926,4.76,34.4552286678,0.494,3823
7.0,0.999647140503,0.000236187494011,695.702558791,0.0041426926,4.76,34.4552286678,0.494,3823
7.0,0.999135613441,0.000236162057263,695.763857056,0.0041426926,4.76,34.4552286678,0.494,3823
7.0,0.99975246191,0.000236227293499,695.825155322,0.0041426926,4.76,34.4552286678,0.494,3823
7.0,0.999284148216,0.000236149149714,695.88645359,0.0041426926,4.76,34.4552286678,0.494,3823
7.0,0.99959141016,0.000236233841861,695.947751959,0.0041426926,4.76,34.4552286678,0.494,3823
7.0,1.00038480759,0.000236328269239,696.029482988,0.0041426926,4.76,34.4552286678,0.494,3823
7.0,0.999157786369,0.000236258943914,696.09078126,0.0041426926,4.76,34.4552286678,0.494,3823
7.0,0.999760806561,0.000236316933297,696.152079435,0.0041426926,4.76,34.4552286678,0.494,3823
7.0,0.999463796616,0.000236279389355,696.21337781,0.0041426926,4.76,34.4552286678,0.494,3823
7.0,1.00003516674,0.000236310370383,696.274676088,0.0041426926,4.76,34.4552286678,0.494,3823
7.0,0.99966943264,0.00023629979114,696.335974367,0.0041426926,4.76,34.4552286678,0.494,3823
7.0,0.999763071537,0.000236299893004,696.397272747,0.0041426926,4.76,34.4552286678,0.494,3823
7.0,0.999920248985,0.000236305568251,696.458571029,0.0041426926,4.76,34.4552286678,0.494,3823
7.0,1.00022053719,0.000236290754401,696.519869313,0.0041426926,4.76,34.4552286678,0.494,3823
7.0,1.00015091896,0.000236306383158,696.581167598,0.0041426926,4.76,34.4552286678,0.494,3823
7.0,1.00025165081,0.000236350359046,696.642465884,0.0041426926,4.76,34.4552286678,0.494,3823
7.0,0.999951839447,0.000236285690335,696.703764172,0.0041426926,4.76,34.4552286678,0.494,3823
7.0,1.00003886223,0.000236317195231,696.765062462,0.0041426926,4.76,34.4552286678,0.494,3823
7.0,0.999623179436,0.000236237319768,696.826360753,0.0041426926,4.76,34.4552286678,0.494,3823
7.0,0.999776422977,0.000236280437093,696.887659046,0.0041426926,4.76,34.4552286678,0.494,3823
7.0,1.00078940392,0.000236339765252,696.94895734,0.0041426926,4.76,34.4552286678,0.494,3823
7.0,1.0007237196,0.000236300285906,697.010255836,0.0041426926,4.76,34.4552286678,0.494,3823
7.0,1.00041210651,0.000236322593992,697.071554133,0.0041426926,4.76,34.4552286678,0.494,3823
7.0,1.00064992905,0.000236344247242,697.132852432,0.0041426926,4.76,34.4552286678,0.494,3823
7.0,1.00071895123,0.000236369931372,697.194150733,0.0041426926,4.76,34.4552286678,0.494,3823
7.0,1.00099289417,0.00023635168327,697.255449035,0.0041426926,4.76,34.4552286678,0.494,3823
7.0,1.0007288456,0.000236336039961,697.316747339,0.0041426926,4.76,34.4552286678,0.494,3823
7.0,1.00122988224,0.000236400359427,697.378045644,0.0041426926,4.76,34.4552286678,0.494,3823
7.0,1.00079774857,0.000236369392951,697.439343951,0.0041426926,4.76,34.4552286678,0.494,3823
7.0,1.00194716454,0.000236560110352,697.500642259,0.0041426926,4.76,34.4552286678,0.494,3823
7.0,1.00177490711,0.00023639840947,697.561940569,0.0041426926,4.76,34.4552286678,0.494,3823
7.0,1.00131523609,0.000236383159063,697.623238881,0.0041426926,4.76,34.4552286678,0.494,3823
7.0,1.00123786926,0.000236419102293,697.684537294,0.0041426926,4.76,34.4552286678,0.494,3823
7.0,1.00148975849,0.000236416366533,697.745835609,0.0041426926,4.76,34.4552286678,0.494,3823
7.0,1.00189745426,0.000236423293245,697.807133925,0.0041426926,4.76,34.4552286678,0.494,3823
7.0,1.0007789135,0.000236361287534,697.868432243,0.0041426926,4.76,34.4552286678,0.494,3823
7.0,1.00185143948,0.00023641284497,697.929730562,0.0041426926,4.76,34.4552286678,0.494,3823
7.0,1.00169825554,0.000236392108491,697.991028984,0.0041426926,4.76,34.4552286678,0.494,3823
7.0,1.00162398815,0.000236419276916,698.052327206,0.0041426926,4.76,34.4552286678,0.494,3823
7.0,1.0018748045,0.000236433901591,698.113625531,0.0041426926,4.76,34.4552286678,0.494,3823
7.0,1.00199270248,0.000236460502492,698.174923857,0.0041426926,4.76,34.4552286678,0.494,3823
7.0,1.00248837471,0.000236497347942,698.236222184,0.0041426926,4.76,34.4552286678,0.494,3823
7.0,1.00188815594,0.000236445936025,698.297520514,0.0041426926,4.76,34.4552286678,0.494,3823
7.0,1.00199973583,0.00023644551402,698.379251722,0.0041426926,4.76,34.4552286678,0.494,3823
7.0,1.00208675861,0.000236481690081,698.440550055,0.0041426926,4.76,34.4552286678,0.494,3823
7.0,1.00268721581,0.000236503256019,698.501848389,0.0041426926,4.76,34.4552286678,0.494,3823
7.0,1.00200605392,0.000236493957345,698.563146826,0.0041426926,4.76,34.4552286678,0.494,3823
7.0,1.0023368597,0.000236506341025,698.644878043,0.0041426926,4.76,34.4552286678,0.494,3823
7.0,1.00235426426,0.000236492996919,698.706176284,0.0041426926,4.76,34.4552286678,0.494,3823
7.0,1.00225412846,0.000236459702137,698.767474625,0.0041426926,4.76,34.4552286678,0.494,3823
7.0,1.00257897377,0.000236541047343,698.828772969,0.0041426926,4.76,34.4552286678,0.494,3823
7.0,1.00275826454,0.000236532505369,698.890071314,0.0041426926,4.76,34.4552286678,0.494,3823
7.0,1.002835989,0.000236498002778,698.95136966,0.0041426926,4.76,34.4552286678,0.494,3823
7.0,1.00275373459,0.000236519801547,699.033100892,0.0041426926,4.76,34.4552286678,0.494,3823
7.0,1.00284051895,0.000236547537497,699.094399243,0.0041426926,4.76,34.4552286678,0.494,3823
7.0,1.0032351017,0.000236631720327,699.155697695,0.0041426926,4.76,34.4552286678,0.494,3823
7.0,1.00320160389,0.00023658722057,699.216996049,0.0041426926,4.76,34.4552286678,0.494,3823
7.0,1.00245809555,0.00023657627753,699.278294404,0.0041426926,4.76,34.4552286678,0.494,3823
7.0,1.00270056725,0.000236606560065,699.339592762,0.0041426926,4.76,34.4552286678,0.494,3823
7.0,1.00324821472,0.000236629639403,699.400891021,0.0041426926,4.76,34.4552286678,0.494,3823
7.0,1.00326788425,0.000236630789004,699.462189381,0.0041426926,4.76,34.4552286678,0.494,3823
7.0,1.00318360329,0.000236601204961,699.523487743,0.0041426926,4.76,34.4552286678,0.494,3823
7.0,1.00328743458,0.000236615291215,699.584786207,0.0041426926,4.76,34.4552286678,0.494,3823
7.0,1.00380313396,0.000236674779444,699.646084673,0.0041426926,4.76,34.4552286678,0.494,3823
7.0,1.003454566,0.000236633510212,699.70738304,0.0041426926,4.76,34.4552286678,0.494,3823
7.0,1.00368881226,0.000236631574808,699.768681409,0.0041426926,4.76,34.4552286678,0.494,3823
7.0,1.00323545933,0.000236590116401,699.82997978,0.0041426926,4.76,34.4552286678,0.494,3823
7.0,1.00444960594,0.00023680497543,699.891278153,0.0041426926,4.76,34.4552286678,0.494,3823
7.0,1.00303733349,0.000236617866904,699.952576527,0.0041426926,4.76,34.4552286678,0.494,3823
7.0,1.00326013565,0.000236623367527,700.013874903,0.0041426926,4.76,34.4552286678,0.494,3823
7.0,1.00365483761,0.000236625186517,700.07517328,0.0041426926,4.76,34.4552286678,0.494,3823
7.0,1.00398039818,0.000236607025727,700.136471659,0.0041426926,4.76,34.4552286678,0.494,3823
7.0,1.00396478176,0.000236668827711,700.19777004,0.0041426926,4.76,34.4552286678,0.494,3823
7.0,1.00289022923,0.00023659724684,700.259068423,0.0041426926,4.76,34.4552286678,0.494,3823
7.0,1.00289201736,0.00023658075952,700.320366908,0.0041426926,4.76,34.4552286678,0.494,3823
7.0,1.00260829926,0.000236555424635,700.381665394,0.0041426926,4.76,34.4552286678,0.494,3823
7.0,1.00375247002,0.000236618245253,700.442963781,0.0041426926,4.76,34.4552286678,0.494,3823
7.0,1.00390040874,0.00023663432512,700.504262171,0.0041426926,4.76,34.4552286678,0.494,3823
7.0,1.00354099274,0.000236607404076,700.565560462,0.0041426926,4.76,34.4552286678,0.494,3823
7.0,1.00295448303,0.000236610838328,700.626858955,0.0041426926,4.76,34.4552286678,0.494,3823
7.0,1.00327515602,0.000236555424635,700.68815725,0.0041426926,4.76,34.4552286678,0.494,3823
7.0,1.00293707848,0.00023655523546,700.749455647,0.0041426926,4.76,34.4552286678,0.494,3823
7.0,1.00320160389,0.000236641615629,700.810754145,0.0041426926,4.76,34.4552286678,0.494,3823
7.0,1.00368154049,0.000236603504163,700.872052545,0.0041426926,4.76,34.4552286678,0.494,3823
7.0,1.00377309322,0.00023660469742,700.933350947,0.0041426926,4.76,34.4552286678,0.494,3823
7.0,1.00347447395,0.000236598978518,700.99464945,0.0041426926,4.76,34.4552286678,0.494,3823
7.0,1.00355768204,0.000236563559156,701.055947856,0.0041426926,4.76,34.4552286678,0.494,3823
7.0,1.00393652916,0.000236602179939,701.117246256,0.0041426926,4.76,34.4552286678,0.494,3823
7.0,1.00317203999,0.000236544190557,701.178544664,0.0041426926,4.76,34.4552286678,0.494,3823
7.0,1.00337684155,0.000236607171246,701.239843075,0.0041426926,4.76,34.4552286678,0.494,3823
7.0,1.0037150383,0.000236572639551,701.301141487,0.0041426926,4.76,34.4552286678,0.494,3823
7.0,1.00315749645,0.000236570340348,701.362439901,0.0041426926,4.76,34.4552286678,0.494,3823
7.0,1.00343608856,0.000236609426793,701.423738317,0.0041426926,4.76,34.4552286678,0.494,3823
7.0,1.00320994854,0.000236619380303,701.485036735,0.0041426926,4.76,34.4552286678,0.494,3823
7.0,1.00341808796,0.000236578314798,701.546335154,0.0041426926,4.76,34.4552286678,0.494,3823
7.0,1.00315499306,0.000236584281083,701.607633776,0.0041426926,4.76,34.4552286678,0.494,3823
7.0,1.00328123569,0.000236603649682,701.668932199,0.0041426926,4.76,34.4552286678,0.494,3823
7.0,1.00362920761,0.000236605730606,701.730230623,0.0041426926,4.76,34.4552286678,0.494,3823
7.0,1.00304532051,0.000236559601035,701.79152905,0.0041426926,4.76,34.4552286678,0.494,3823
7.0,1.00322580338,0.000236586391111,701.852827478,0.0041426926,4.76,34.4552286678,0.494,3823
7.0,1.00322055817,0.000236612468143,701.914125809,0.0041426926,4.76,34.4552286678,0.494,3823
7.0,1.00328731537,0.000236645719269,701.995857052,0.0041426926,4.76,34.4552286678,0.494,3823
7.0,1.00337839127,0.000236666717683,702.057155586,0.0041426926,4.76,34.4552286678,0.494,3823
7.0,1.00348412991,0.000236668274738,702.118454122,0.0041426926,4.76,34.4552286678,0.494,3823
7.0,1.00276446342,0.000236625302932,702.17975256,0.0041426926,4.76,34.4552286678,0.494,3823
7.0,1.00280117989,0.000236616033362,702.261483714,0.0041426926,4.76,34.4552286678,0.494,3823
7.0,1.00242400169,0.000236582345678,702.322782156,0.0041426926,4.76,34.4552286678,0.494,3823
7.0,1.00251758099,0.000236596533796,702.3840806,0.0041426926,4.76,34.4552286678,0.494,3823
7.0,1.00282561779,0.000236614258029,702.445379146,0.0041426926,4.76,34.4552286678,0.494,3823
7.0,1.00312042236,0.000236634878092,702.506677593,0.0041426926,4.76,34.4552286678,0.494,3823
7.0,1.00243449211,0.000236580744968,702.567976043,0.0041426926,4.76,34.4552286678,0.494,3823
7.0,1.0023252964,0.000236570398556,702.629274594,0.0041426926,4.76,34.4552286678,0.494,3823
7.0,1.00265157223,0.00023658858845,702.690573047,0.0041426926,4.76,34.4552286678,0.494,3823
7.0,1.00279247761,0.000236569816479,702.751871502,0.0041426926,4.76,34.4552286678,0.494,3823
7.0,1.0022726059,0.000236549414694,702.813169959,0.0041426926,4.76,34.4552286678,0.494,3823
7.0,1.00215125084,0.000236539286561,702.874468418,0.0041426926,4.76,34.4552286678,0.494,3823
7.0,1.00240266323,0.000236547493841,702.935766878,0.0041426926,4.76,34.4552286678,0.494,3823
7.0,1.00302183628,0.000236576932366,702.997065341,0.0041426926,4.76,34.4552286678,0.494,3823
7.0,1.00202357769,0.000236523861531,703.058363805,0.0041426926,4.76,34.4552286678,0.494,3823
7.0,1.00246405602,0.000236573730945,703.119662271,0.0041426926,4.76,34.4552286678,0.494,3823
7.0,1.00211119652,0.000236521023908,703.180960839,0.0041426926,4.76,34.4552286678,0.494,3823
7.0,1.00231015682,0.000236557447352,703.242259309,0.0041426926,4.76,34.4552286678,0.494,3823
7.0,1.00220537186,0.000236522872001,703.30355778,0.0041426926,4.76,34.4552286678,0.494,3823
7.0,1.00241708755,0.000236563661019,703.364856254,0.0041426926,4.76,34.4552286678,0.494,3823
7.0,1.00172507763,0.000236476262216,703.446587555,0.0041426926,4.76,34.4552286678,0.494,3823
7.0,1.00140154362,0.000236454608967,703.507886033,0.0041426926,4.76,34.4552286678,0.494,3823
7.0,1.00212132931,0.000236543623032,703.569184512,0.0041426926,4.76,34.4552286678,0.494,3823
7.0,1.00242638588,0.000236522435443,703.630483094,0.0041426926,4.76,34.4552286678,0.494,3823
7.0,1.00225758553,0.000236504813074,703.691781577,0.0041426926,4.76,34.4552286678,0.494,3823
7.0,1.00128877163,0.000236431253143,703.753080163,0.0041426926,4.76,34.4552286678,0.494,3823
7.0,1.00185120106,0.000236465770286,703.81437855,0.0041426926,4.76,34.4552286678,0.494,3823
7.0,1.00108528137,0.000236308929743,703.875677039,0.0041426926,4.76,34.4552286678,0.494,3823
7.0,1.00132262707,0.000236365667661,703.93697553,0.0041426926,4.76,34.4552286678,0.494,3823
7.0,1.00063633919,0.000236306950683,703.998274023,0.0041426926,4.76,34.4552286678,0.494,3823
7.0,1.0015141964,0.000236369014601,704.059572518,0.0041426926,4.76,34.4552286678,0.494,3823
7.0,1.00188612938,0.000236383435549,704.120871115,0.0041426926,4.76,34.4552286678,0.494,3823
7.0,1.0009021759,0.000236334701185,704.182169613,0.0041426926,4.76,34.4552286678,0.494,3823
7.0,1.00155639648,0.00023641626467,704.243468114,0.0041426926,4.76,34.4552286678,0.494,3823
7.0,1.00154197216,0.000236391904764,704.304766716,0.0041426926,4.76,34.4552286678,0.494,3823
7.0,1.00139129162,0.000236368330661,704.366065221,0.0041426926,4.76,34.4552286678,0.494,3823
7.0,1.00111699104,0.000236344814766,704.427363727,0.0041426926,4.76,34.4552286678,0.494,3823
7.0,1.00160908699,0.000236378589761,704.488662235,0.0041426926,4.76,34.4552286678,0.494,3823
7.0,1.00171017647,0.000236370236962,704.549960745,0.0041426926,4.76,34.4552286678,0.494,3823
7.0,1.00053203106,0.000236300722463,704.611259257,0.0041426926,4.76,34.4552286678,0.494,3823
7.0,1.00092923641,0.000236344567384,704.672557771,0.0041426926,4.76,34.4552286678,0.494,3823
7.0,1.00059688091,0.00023632432567,704.733856287,0.0041426926,4.76,34.4552286678,0.494,3823
7.0,1.00124657154,0.000236362160649,704.795154805,0.0041426926,4.76,34.4552286678,0.494,3823
7.0,1.00122690201,0.000236336854869,704.856453324,0.0041426926,4.76,34.4552286678,0.494,3823
7.0,1.00153958797,0.000236399500864,704.917751846,0.0041426926,4.76,34.4552286678,0.494,3823
7.0,1.001111269,0.000236395775573,704.999483311,0.0041426926,4.76,34.4552286678,0.494,3823
7.0,1.00099861622,0.000236361491261,705.060781837,0.0041426926,4.76,34.4552286678,0.494,3823
7.0,1.00094509125,0.000236337989918,705.122080366,0.0041426926,4.76,34.4552286678,0.494,3823
7.0,1.00106179714,0.000236360836425,705.183378896,0.0041426926,4.76,34.4552286678,0.494,3823
7.0,1.00047004223,0.000236362480791,705.244677428,0.0041426926,4.76,34.4552286678,0.494,3823
7.0,1.00098788738,0.000236388746998,705.305975962,0.0041426926,4.76,34.4552286678,0.494,3823
7.0,1.00097036362,0.000236387786572,705.367274498,0.0041426926,4.76,34.4552286678,0.494,3823
7.0,1.00102090836,0.000236395630054,705.428573135,0.0041426926,4.76,34.4552286678,0.494,3823
7.0,1.00085997581,0.000236386229517,705.489871775,0.0041426926,4.76,34.4552286678,0.494,3823
7.0,1.00070619583,0.000236373321968,705.551170317,0.0041426926,4.76,34.4552286678,0.494,3823
7.0,1.0011395216,0.000236392661463,705.612468861,0.0041426926,4.76,34.4552286678,0.494,3823
7.0,1.00022089481,0.000236348714679,705.673767407,0.0041426926,4.76,34.4552286678,0.494,3823
7.0,1.00103902817,0.000236395644606,705.735065954,0.0041426926,4.76,34.4552286678,0.494,3823
7.0,1.00079572201,0.000236369596678,705.796364404,0.0041426926,4.76,34.4552286678,0.494,3823
7.0,1.00037097931,0.000236355568632,705.857663056,0.0041426926,4.76,34.4552286678,0.494,3823
7.0,1.00024306774,0.000236306805164,705.918961609,0.0041426926,4.76,34.4552286678,0.494,3823
7.0,1.00096201897,0.000236387786572,705.980260165,0.0041426926,4.76,34.4552286678,0.494,3823
7.0,1.00040495396,0.000236342559219,706.041558723,0.0041426926,4.76,34.4552286678,0.494,3823
7.0,1.00012624264,0.000236300576944,706.102857382,0.0041426926,4.76,34.4552286678,0.494,3823
7.0,1.00007212162,0.000236323510762,706.164155944,0.0041426926,4.76,34.4552286678,0.494,3823
7.0,0.999946951866,0.000236320978729,706.225454508,0.0041426926,4.76,34.4552286678,0.494,3823
7.0,1.00010454655,0.00023634613899,706.286753073,0.0041426926,4.76,34.4552286678,0.494,3823
7.0,1.00041234493,0.000236378677073,706.348051641,0.0041426926,4.76,34.4552286678,0.494,3823
7.0,0.999826729298,0.000236317398958,706.40935021,0.0041426926,4.76,34.4552286678,0.494,3823
7.0,1.0000513792,0.000236322681303,706.470648782,0.0041426926,4.76,34.4552286678,0.494,3823
7.0,0.999594807625,0.000236291292822,706.531947356,0.0041426926,4.76,34.4552286678,0.494,3823
7.0,0.999428510666,0.000236284191487,706.593245931,0.0041426926,4.76,34.4552286678,0.494,3823
7.0,0.999558508396,0.000236297753872,706.654544509,0.0041426926,4.76,34.4552286678,0.494,3823
7.0,0.999714791775,0.000236268591834,706.715843088,0.0041426926,4.76,34.4552286678,0.494,3823
7.0,0.999913394451,0.00023630047508,706.77714187,0.0041426926,4.76,34.4552286678,0.494,3823
7.0,0.999330103397,0.00023629097268,706.838440454,0.0041426926,4.76,34.4552286678,0.494,3823
7.0,0.999338626862,0.00023628436611,706.89973904,0.0041426926,4.76,34.4552286678,0.494,3823
7.0,0.998946547508,0.000236242980463,706.961037627,0.0041426926,4.76,34.4552286678,0.494,3823
7.0,0.999609649181,0.000236306528677,707.022336217,0.0041426926,4.76,34.4552286678,0.494,3823
7.0,1.00023651123,0.000236330626649,707.083634809,0.0041426926,4.76,34.4552286678,0.494,3823
7.0,0.99977350235,0.000236270818277,707.144933403,0.0041426926,4.76,34.4552286678,0.494,3823
7.0,0.99961066246,0.000236284628045,707.206231999,0.0041426926,4.76,34.4552286678,0.494,3823
7.0,0.998858571053,0.000236259846133,707.267530597,0.0041426926,4.76,34.4552286678,0.494,3823
7.0,0.99825656414,0.00023620990396,707.328829197,0.0041426926,4.76,34.4552286678,0.494,3823
7.0,0.999092578888,0.000236280466197,707.390127799,0.0041426926,4.76,34.4552286678,0.494,3823
7.0,0.998933792114,0.000236263076658,707.451426503,0.0041426926,4.76,34.4552286678,0.494,3823
7.0,0.998545229435,0.000236249514273,707.512725109,0.0041426926,4.76,34.4552286678,0.494,3823
7.0,0.998236954212,0.000236218809732,707.574023717,0.0041426926,4.76,34.4552286678,0.494,3823
7.0,0.99836575985,0.000236227060668,707.635322427,0.0041426926,4.76,34.4552286678,0.494,3823
7.0,0.998794317245,0.000236270818277,707.696620939,0.0041426926,4.76,34.4552286678,0.494,3823
7.0,0.998377919197,0.000236231018789,707.757919554,0.0041426926,4.76,34.4552286678,0.494,3823
7.0,0.99892860651,0.000236266147112,707.81921817,0.0041426926,4.76,34.4552286678,0.494,3823
7.0,0.999496400356,0.000236279418459,707.880516789,0.0041426926,4.76,34.4552286678,0.494,3823
7.0,0.999479293823,0.000236273262999,707.962248383,0.0041426926,4.76,34.4552286678,0.494,3823
7.0,0.998944222927,0.000236236388446,708.023547007,0.0041426926,4.76,34.4552286678,0.494,3823
7.0,0.999103784561,0.000236280553509,708.084845632,0.0041426926,4.76,34.4552286678,0.494,3823
7.0,0.998854577541,0.000236252817558,708.146144359,0.0041426926,4.76,34.4552286678,0.494,3823
7.0,0.999078691006,0.000236249718,708.207442989,0.0041426926,4.76,34.4552286678,0.494,3823
7.0,0.999417066574,0.000236238120124,708.268741621,0.0041426926,4.76,34.4552286678,0.494,3823
7.0,0.999213397503,0.000236238833168,708.330040254,0.0041426926,4.76,34.4552286678,0.494,3823
7.0,0.998818695545,0.000236216088524,708.39133879,0.0041426926,4.76,34.4552286678,0.494,3823
7.0,0.99867361784,0.000236215841142,708.452637428,0.0041426926,4.76,34.4552286678,0.494,3823
7.0,0.99896389246,0.000236258900259,708.513936068,0.0041426926,4.76,34.4552286678,0.494,3823
7.0,0.998536407948,0.000236195075558,708.57523491,0.0041426926,4.76,34.4552286678,0.494,3823
7.0,0.998809576035,0.000236195322941,708.636533554,0.0041426926,4.76,34.4552286678,0.494,3823
7.0,0.998195648193,0.000236171385041,708.697832201,0.0041426926,4.76,34.4552286678,0.494,3823
7.0,0.997764766216,0.000236131396377,708.759130849,0.0041426926,4.76,34.4552286678,0.494,3823
7.0,0.998767912388,0.000236211897573,708.8204295,0.0041426926,4.76,34.4552286678,0.494,3823
7.0,0.998069703579,0.000236148378463,708.881728152,0.0041426926,4.76,34.4552286678,0.494,3823
7.0,0.998435258865,0.000236174426391,708.943026807,0.0041426926,4.76,34.4552286678,0.494,3823
7.0,0.99876075983,0.000236191350268,709.004325464,0.0041426926,4.76,34.4552286678,0.494,3823
7.0,0.997777402401,0.00023615291866,709.065624123,0.0041426926,4.76,34.4552286678,0.494,3823
7.0,0.998096644878,0.000236168474657,709.126922784,0.0041426926,4.76,34.4552286678,0.494,3823
7.0,0.998494505882,0.000236181993387,709.188221547,0.0041426926,4.76,34.4552286678,0.494,3823
7.0,0.998052239418,0.000236154388404,709.249520212,0.0041426926,4.76,34.4552286678,0.494,3823
7.0,0.998350203037,0.00023617768602,709.31081888,0.0041426926,4.76,34.4552286678,0.494,3823
7.0,0.998269319534,0.000236170657445,709.37211765,0.0041426926,4.76,34.4552286678,0.494,3823
7.0,0.998231887817,0.000236171574215,709.433416321,0.0041426926,4.76,34.4552286678,0.494,3823
7.0,0.997366070747,0.000236099454924,709.494714995,0.0041426926,4.76,34.4552286678,0.494,3823
7.0,0.998176813126,0.000236132415012,709.556013671,0.0041426926,4.76,34.4552286678,0.494,3823
7.0,0.997887670994,0.00023612647783,709.617312349,0.0041426926,4.76,34.4552286678,0.494,3823
7.0,0.997521936893,0.00023614957172,709.67861093,0.0041426926,4.76,34.4552286678,0.494,3823
7.0,0.997545659542,0.000236139152548,709.739909612,0.0041426926,4.76,34.4552286678,0.494,3823
7.0,0.997963309288,0.000236242456594,709.801208397,0.0041426926,4.76,34.4552286678,0.494,3823
7.0,0.998241186142,0.000236250547459,709.862507184,0.0041426926,4.76,34.4552286678,0.494,3823
7.0,0.998003840446,0.000236238498474,709.923805872,0.0041426926,4.76,34.4552286678,0.494,3823
7.0,0.997851848602,0.000236212552409,709.985104564,0.0041426926,4.76,34.4552286678,0.494,3823
7.0,0.996924757957,0.000236173931626,710.046403257,0.0041426926,4.76,34.4552286678,0.494,3823
7.0,0.996782779694,0.000236184248934,710.107701952,0.0041426926,4.76,34.4552286678,0.494,3823
7.0,0.997354328632,0.000236205582041,710.16900065,0.0041426926,4.76,34.4552286678,0.494,3823
7.0,0.997479319572,0.000236218213104,710.25073225,0.0041426926,4.76,34.4552286678,0.494,3823
7.0,0.997354090214,0.000236211562878,710.312031053,0.0041426926,4.76,34.4552286678,0.494,3823
7.0,0.997307538986,0.000236199033679,710.373329757,0.0041426926,4.76,34.4552286678,0.494,3823
7.0,0.99712318182,0.000236210762523,710.434628464,0.0041426926,4.76,34.4552286678,0.494,3823
7.0,0.997174620628,0.000236192106968,710.495927174,0.0041426926,4.76,34.4552286678,0.494,3823
7.0,0.997029781342,0.000236189313,710.557225885,0.0041426926,4.76,34.4552286678,0.494,3823
7.0,0.996711611748,0.00023618353589,710.618524598,0.0041426926,4.76,34.4552286678,0.494,3823
7.0,0.996904730797,0.000236176711041,710.679823314,0.0041426926,4.76,34.4552286678,0.494,3823
7.0,0.997138023376,0.000236205160036,710.741122032,0.0041426926,4.76,34.4552286678,0.494,3823
7.0,0.996205866337,0.000236144202063,710.802420752,0.0041426926,4.76,34.4552286678,0.494,3823
7.0,0.996701598167,0.000236153617152,710.863719575,0.0041426926,4.76,34.4552286678,0.494,3823
7.0,0.997334599495,0.000236158812186,711.435841289,0.0041426926,4.76,34.4552286678,0.494,3823
7.0,0.997543871403,0.000236135339946,711.497139934,0.0041426926,4.76,34.4552286678,0.494,3823
7.0,0.997647583485,0.000236163512454,711.558438681,0.0041426926,4.76,34.4552286678,0.494,3823
7.0,0.998112738132,0.000236229825532,711.619737531,0.0041426926,4.76,34.4552286678,0.494,3823
7.0,0.997887730598,0.000236184205278,711.681036283,0.0041426926,4.76,34.4552286678,0.494,3823
7.0,0.997377932072,0.000236130072153,711.742335037,0.0041426926,4.76,34.4552286678,0.494,3823
7.0,0.997355282307,0.000236137610045,711.803633793,0.0041426926,4.76,34.4552286678,0.494,3823
7.0,0.997848212719,0.000236192994635,711.864932552,0.0041426926,4.76,34.4552286678,0.494,3823
7.0,0.997329592705,0.000236140185734,711.926231313,0.0041426926,4.76,34.4552286678,0.494,3823
7.0,0.99805945158,0.000236186184338,711.987530076,0.0041426926,4.76,34.4552286678,0.494,3823
7.0,0.998555481434,0.000236201856751,712.048828941,0.0041426926,4.76,34.4552286678,0.494,3823
7.0,0.99806368351,0.000236144755036,712.110127708,0.0041426926,4.76,34.4552286678,0.494,3823
7.0,0.99804443121,0.000236167412368,712.171426478,0.0041426926,4.76,34.4552286678,0.494,3823
7.0,0.998106956482,0.000236172738369,712.23272525,0.0041426926,4.76,34.4552286678,0.494,3823
7.0,0.997755944729,0.000236154810409,712.294024024,0.0041426926,4.76,34.4552286678,0.494,3823
7.0,0.998109579086,0.000236192296143,712.355322801,0.0041426926,4.76,34.4552286678,0.494,3823
7.0,0.998233437538,0.000236146748648,712.41662158,0.0041426926,4.76,34.4552286678,0.494,3823
7.0,0.998671293259,0.000236165360548,712.477920361,0.0041426926,4.76,34.4552286678,0.494,3823
7.0,0.998799681664,0.000236189313,712.539219144,0.0041426926,4.76,34.4552286678,0.494,3823
7.0,0.998894453049,0.000236196065089,712.600518029,0.0041426926,4.76,34.4552286678,0.494,3823
7.0,0.998698830605,0.000236177264014,712.661816817,0.0041426926,4.76,34.4552286678,0.494,3823
7.0,0.998348236084,0.00023617115221,712.723115707,0.0041426926,4.76,34.4552286678,0.494,3823
7.0,0.99913585186,0.00023617084662,712.7844145,0.0041426926,4.76,34.4552286678,0.494,3823
7.0,0.999111652374,0.0002361858933,712.845713294,0.0041426926,4.76,34.4552286678,0.494,3823
7.0,0.998703837395,0.000236160121858,712.907012091,0.0041426926,4.76,34.4552286678,0.494,3823
7.0,0.998612225056,0.000236112362472,712.968310891,0.0041426926,4.76,34.4552286678,0.494,3823
7.0,0.998982310295,0.000236146923271,713.029609692,0.0041426926,4.76,34.4552286678,0.494,3823
7.0,0.999964475632,0.000236196705373,713.090908496,0.0041426926,4.76,34.4552286678,0.494,3823
7.0,0.999455153942,0.000236147607211,713.152207302,0.0041426926,4.76,34.4552286678,0.494,3823
7.0,0.999442338943,0.000236167150433,713.21350611,0.0041426926,4.76,34.4552286678,0.494,3823
7.0,0.999341905117,0.000236160558416,713.274804921,0.0041426926,4.76,34.4552286678,0.494,3823
7.0,0.999377250671,0.000236160834902,713.336103834,0.0041426926,4.76,34.4552286678,0.494,3823
7.0,0.99943703413,0.00023615975806,713.397402649,0.0041426926,4.76,34.4552286678,0.494,3823
7.0,0.999429047108,0.000236146748648,713.458701467,0.0041426926,4.76,34.4552286678,0.494,3823
7.0,0.999187290668,0.00023614471138,713.520000286,0.0041426926,4.76,34.4552286678,0.494,3823
7.0,0.999586880207,0.000236187668634,713.581299109,0.0041426926,4.76,34.4552286678,0.494,3823
7.0,0.999415159225,0.000236163308728,713.642597933,0.0041426926,4.76,34.4552286678,0.494,3823
7.0,0.999657332897,0.000236129359109,713.70389676,0.0041426926,4.76,34.4552286678,0.494,3823
7.0,0.999293446541,0.000236132284044,713.765195589,0.0041426926,4.76,34.4552286678,0.494,3823
7.0,0.999120175838,0.000236143416259,713.82649452,0.0041426926,4.76,34.4552286678,0.494,3823
7.0,0.99832379818,0.000236071762629,713.887793354,0.0041426926,4.76,34.4552286678,0.494,3823
7.0,0.999079167843,0.000236101303017,713.94909219,0.0041426926,4.76,34.4552286678,0.494,3823
7.0,0.999144256115,0.000236100269831,714.010391128,0.0041426926,4.76,34.4552286678,0.494,3823
7.0,0.998898684978,0.000236098334426,714.071689969,0.0041426926,4.76,34.4552286678,0.494,3823
7.0,0.99884814024,0.000236085848883,714.194287658,0.0041426926,4.76,34.4552286678,0.494,3823
7.0,0.998843967915,0.000236095118453,714.255586505,0.0041426926,4.76,34.4552286678,0.494,3823
7.0,0.999163746834,0.000236110849073,714.316885355,0.0041426926,4.76,34.4552286678,0.494,3823
7.0,0.999584615231,0.000236127205426,714.378184208,0.0041426926,4.76,34.4552286678,0.494,3823
7.0,0.999168097973,0.000236100153415,714.439483062,0.0041426926,4.76,34.4552286678,0.494,3823
7.0,0.999425470829,0.000236126448726,714.500781919,0.0041426926,4.76,34.4552286678,0.494,3823
7.0,0.999113440514,0.000236094114371,714.562080779,0.0041426926,4.76,34.4552286678,0.494,3823
7.0,0.998838126659,0.000236092353589,714.623379841,0.0041426926,4.76,34.4552286678,0.494,3823
7.0,0.999285161495,0.000236113002757,714.684678705,0.0041426926,4.76,34.4552286678,0.494,3823
7.0,0.99921298027,0.00023609008349,714.745977471,0.0041426926,4.76,34.4552286678,0.494,3823
7.0,0.999387562275,0.00023606022296,714.80727634,0.0041426926,4.76,34.4552286678,0.494,3823
7.0,0.999397397041,0.00023606371542,714.868575211,0.0041426926,4.76,34.4552286678,0.494,3823
7.0,0.999235391617,0.000236040898017,714.929874084,0.0041426926,4.76,34.4552286678,0.494,3823
7.0,0.999401450157,0.00023605262686,714.99117306,0.0041426926,4.76,34.4552286678,0.494,3823
7.0,0.999585151672,0.000236049396335,715.052471939,0.0041426926,4.76,34.4552286678,0.494,3823
7.0,0.999384939671,0.000236041698372,715.113770819,0.0041426926,4.76,34.4552286678,0.494,3823
7.0,0.999639749527,0.000236016261624,715.175069702,0.0041426926,4.76,34.4552286678,0.494,3823
7.0,0.999302744865,0.000235995394178,715.236368588,0.0041426926,4.76,34.4552286678,0.494,3823
7.0,0.999405741692,0.000236016727285,715.297667575,0.0041426926,4.76,34.4552286678,0.494,3823
7.0,0.999131023884,0.000235979474382,715.358966465,0.0041426926,4.76,34.4552286678,0.494,3823
7.0,0.999371409416,0.000236022300669,715.420265358,0.0041426926,4.76,34.4552286678,0.494,3823
7.0,0.999788343906,0.000236019521253,715.481564253,0.0041426926,4.76,34.4552286678,0.494,3823
7.0,0.999719202518,0.000236022286117,715.54286315,0.0041426926,4.76,34.4552286678,0.494,3823
7.0,0.99963092804,0.000236007981584,715.604162049,0.0041426926,4.76,34.4552286678,0.494,3823
7.0,0.999586939812,0.000236007501371,715.665460951,0.0041426926,4.76,34.4552286678,0.494,3823
7.0,0.999678134918,0.0002360115177,715.726759856,0.0041426926,4.76,34.4552286678,0.494,3823
7.0,0.999980330467,0.000235998260905,715.788058763,0.0041426926,4.76,34.4552286678,0.494,3823
7.0,0.999173104763,0.000235962841543,715.849357672,0.0041426926,4.76,34.4552286678,0.494,3823
7.0,0.999119222164,0.000235963190789,715.910656783,0.0041426926,4.76,34.4552286678,0.494,3823
7.0,0.999354958534,0.000235939485719,715.971955697,0.0041426926,4.76,34.4552286678,0.494,3823
7.0,0.999920725822,0.000235967279878,716.033254514,0.0041426926,4.76,34.4552286678,0.494,3823
7.0,0.999377608299,0.000235922896536,716.094553432,0.0041426926,4.76,34.4552286678,0.494,3823
7.0,1.00025618076,0.000235997678828,716.155852454,0.0041426926,4.76,34.4552286678,0.494,3823
7.0,1.00003278255,0.000235951883951,716.217151377,0.0041426926,4.76,34.4552286678,0.494,3823
7.0,0.999644219875,0.000235924177105,716.278450303,0.0041426926,4.76,34.4552286678,0.494,3823
7.0,1.00008034706,0.000235956293182,716.339749232,0.0041426926,4.76,34.4552286678,0.494,3823
7.0,1.00046551228,0.000235970961512,716.401048163,0.0041426926,4.76,34.4552286678,0.494,3823
7.0,1.00077784061,0.000235963743762,716.462347096,0.0041426926,4.76,34.4552286678,0.494,3823
7.0,1.00054740906,0.000235969724599,716.523646031,0.0041426926,4.76,34.4552286678,0.494,3823
7.0,1.00019931793,0.000235967279878,716.584945069,0.0041426926,4.76,34.4552286678,0.494,3823
7.0,1.00018143654,0.00023596304527,716.64624401,0.0041426926,4.76,34.4552286678,0.494,3823
7.0,0.999850034714,0.000235901112319,716.707542953,0.0041426926,4.76,34.4552286678,0.494,3823
7.0,1.00033986568,0.000235947372857,716.768841898,0.0041426926,4.76,34.4552286678,0.494,3823
7.0,1.0005505085,0.000235942890868,716.830140846,0.0041426926,4.76,34.4552286678,0.494,3823
7.0,1.00025308132,0.000235917628743,716.891439796,0.0041426926,4.76,34.4552286678,0.494,3823
7.0,1.00087654591,0.00023597125255,716.952738749,0.0041426926,4.76,34.4552286678,0.494,3823
7.0,1.0009251833,0.000235926767346,717.014037704,0.0041426926,4.76,34.4552286678,0.494,3823
7.0,1.00112891197,0.000235930594499,717.075336662,0.0041426926,4.76,34.4552286678,0.494,3823
7.0,1.0007070303,0.000235894884099,717.136635722,0.0041426926,4.76,34.4552286678,0.494,3823
7.0,1.00078475475,0.000235916886595,717.197934784,0.0041426926,4.76,34.4552286678,0.494,3823
7.0,1.0005863905,0.000235879560933,717.279666638,0.0041426926,4.76,34.4552286678,0.494,3823
7.0,1.00138342381,0.00023590233468,717.340965606,0.0041426926,4.76,34.4552286678,0.494,3823
7.0,1.00115895271,0.000235911080381,717.402264576,0.0041426926,4.76,34.4552286678,0.494,3823
7.0,1.00100409985,0.000235904924921,717.463563549,0.0041426926,4.76,34.4552286678,0.494,3823
7.0,1.00117468834,0.000235893414356,717.524862525,0.0041426926,4.76,34.4552286678,0.494,3823
7.0,1.0011497736,0.000235876592342,717.586161503,0.0041426926,4.76,34.4552286678,0.494,3823
7.0,1.00066149235,0.000235853847698,717.647460683,0.0041426926,4.76,34.4552286678,0.494,3823
7.0,1.00068604946,0.000235853090999,717.708759666,0.0041426926,4.76,34.4552286678,0.494,3823
7.0,1.00059723854,0.000235861720284,717.770058652,0.0041426926,4.76,34.4552286678,0.494,3823
7.0,1.00031149387,0.000235833125771,717.831357639,0.0041426926,4.76,34.4552286678,0.494,3823
7.0,1.00063025951,0.000235846513533,717.89265663,0.0041426926,4.76,34.4552286678,0.494,3823
7.0,1.00082373619,0.000235824831179,717.953955622,0.0041426926,4.76,34.4552286678,0.494,3823
7.0,1.00137460232,0.000235809027799,718.015254618,0.0041426926,4.76,34.4552286678,0.494,3823
7.0,1.00116598606,0.000235812127357,718.076553615,0.0041426926,4.76,34.4552286678,0.494,3823
7.0,1.00115466118,0.000235822721152,718.137852616,0.0041426926,4.76,34.4552286678,0.494,3823
7.0,1.00108659267,0.000235826169956,718.199151618,0.0041426926,4.76,34.4552286678,0.494,3823
7.0,1.00083816051,0.000235757237533,718.260450723,0.0041426926,4.76,34.4552286678,0.494,3823
7.0,1.00101494789,0.000235771251027,718.321749731,0.0041426926,4.76,34.4552286678,0.494,3823
7.0,1.00081813335,0.000235747022089,718.383048741,0.0041426926,4.76,34.4552286678,0.494,3823
7.0,1.00097370148,0.000235746192629,718.444347754,0.0041426926,4.76,34.4552286678,0.494,3823
7.0,1.00062835217,0.000235764848185,718.505646869,0.0041426926,4.76,34.4552286678,0.494,3823
7.0,1.00089597702,0.000235769315623,718.566945887,0.0041426926,4.76,34.4552286678,0.494,3823
7.0,1.00115680695,0.000235748593695,718.628244807,0.0041426926,4.76,34.4552286678,0.494,3823
7.0,1.00142037868,0.000235785337281,718.689543829,0.0041426926,4.76,34.4552286678,0.494,3823
7.0,1.0008212328,0.000235742933,718.750842854,0.0041426926,4.76,34.4552286678,0.494,3823
7.0,1.00112378597,0.000235757528571,718.812141882,0.0041426926,4.76,34.4552286678,0.494,3823
7.0,1.0005941391,0.000235710394918,718.873441112,0.0041426926,4.76,34.4552286678,0.494,3823
7.0,1.00126969814,0.000235721076024,718.934740145,0.0041426926,4.76,34.4552286678,0.494,3823
7.0,1.00089514256,0.000235736602917,718.99603918,0.0041426926,4.76,34.4552286678,0.494,3823
7.0,1.0006415844,0.000235714236624,719.057338217,0.0041426926,4.76,34.4552286678,0.494,3823
7.0,1.00109374523,0.000235735307797,719.118637258,0.0041426926,4.76,34.4552286678,0.494,3823
7.0,1.0005184412,0.000235642612097,719.1799363,0.0041426926,4.76,34.4552286678,0.494,3823
7.0,1.00051939487,0.000235624756897,719.241235345,0.0041426926,4.76,34.4552286678,0.494,3823
7.0,1.00113904476,0.00023567189055,719.302534393,0.0041426926,4.76,34.4552286678,0.494,3823
7.0,1.00128996372,0.000235670799157,719.363833443,0.0041426926,4.76,34.4552286678,0.494,3823
7.0,1.00100851059,0.000235699160839,719.425132496,0.0041426926,4.76,34.4552286678,0.494,3823
7.0,1.0007776022,0.000235636092839,719.486431551,0.0041426926,4.76,34.4552286678,0.494,3823
8.0,0.996634066105,0.000256076687947,735.383373792,0.0041426926,4.76,34.4552286678,0.494,3823
8.0,0.996599435806,0.000256126688328,735.444673568,0.0041426926,4.76,34.4552286678,0.494,3823
8.0,0.99692851305,0.000256765342783,735.505973346,0.0041426926,4.76,34.4552286678,0.494,3823
8.0,0.997222423553,0.000256849307334,735.567273228,0.0041426926,4.76,34.4552286678,0.494,3823
8.0,0.997680306435,0.000257251871517,735.628573012,0.0041426926,4.76,34.4552286678,0.494,3823
8.0,0.998386740685,0.000257302453974,735.689872799,0.0041426926,4.76,34.4552286678,0.494,3823
8.0,0.99790263176,0.000257448729826,735.75117259,0.0041426926,4.76,34.4552286678,0.494,3823
8.0,0.997962474823,0.000257623119978,735.812472383,0.0041426926,4.76,34.4552286678,0.494,3823
8.0,0.997738182545,0.000257850304479,735.87377208,0.0041426926,4.76,34.4552286678,0.494,3823
8.0,0.998519897461,0.000257931882516,735.935071979,0.0041426926,4.76,34.4552286678,0.494,3823
8.0,0.998020708561,0.000258026324445,735.996371781,0.0041426926,4.76,34.4552286678,0.494,3823
8.0,0.998607218266,0.000258049636614,736.057671687,0.0041426926,4.76,34.4552286678,0.494,3823
8.0,0.998165547848,0.000258174346527,736.118971495,0.0041426926,4.76,34.4552286678,0.494,3823
8.0,0.999008357525,0.000258308806224,736.180271306,0.0041426926,4.76,34.4552286678,0.494,3823
8.0,0.998327434063,0.000258243089775,736.24157112,0.0041426926,4.76,34.4552286678,0.494,3823
8.0,0.998641729355,0.000258445274085,736.302870937,0.0041426926,4.76,34.4552286678,0.494,3823
8.0,0.998304545879,0.00025832967367,736.364170758,0.0041426926,4.76,34.4552286678,0.494,3823
8.0,0.999392151833,0.000258466781816,736.425470581,0.0041426926,4.76,34.4552286678,0.494,3823
8.0,0.998786866665,0.000258289161138,736.486770407,0.0041426926,4.76,34.4552286678,0.494,3823
8.0,0.998412907124,0.000258357642451,736.548070236,0.0041426926,4.76,34.4552286678,0.494,3823
8.0,0.998542785645,0.000258471089182,736.609370068,0.0041426926,4.76,34.4552286678,0.494,3823
8.0,0.998572587967,0.000258482381469,736.670669903,0.0041426926,4.76,34.4552286678,0.494,3823
8.0,0.998469948769,0.000258577027125,736.731969941,0.0041426926,4.76,34.4552286678,0.494,3823
8.0,0.99830019474,0.00025848596124,736.793269782,0.0041426926,4.76,34.4552286678,0.494,3823
8.0,0.998625099659,0.000258574436884,736.854569626,0.0041426926,4.76,34.4552286678,0.494,3823
8.0,0.998192310333,0.000258493237197,736.915869473,0.0041426926,4.76,34.4552286678,0.494,3823
8.0,0.998330950737,0.000258522544755,736.977169323,0.0041426926,4.76,34.4552286678,0.494,3823
8.0,0.998142957687,0.0002585304901,737.038469176,0.0041426926,4.76,34.4552286678,0.494,3823
8.0,0.998178958893,0.000258553947788,737.099769033,0.0041426926,4.76,34.4552286678,0.494,3823
8.0,0.998303234577,0.000258631189354,737.161068892,0.0041426926,4.76,34.4552286678,0.494,3823
8.0,0.998665511608,0.000258571264567,737.222368754,0.0041426926,4.76,34.4552286678,0.494,3823
8.0,0.99843108654,0.000258581654634,737.283668619,0.0041426926,4.76,34.4552286678,0.494,3823
8.0,0.998643696308,0.000258616753854,737.365401877,0.0041426926,4.76,34.4552286678,0.494,3823
8.0,0.998530626297,0.000258664425928,737.426701749,0.0041426926,4.76,34.4552286678,0.494,3823
8.0,0.998533248901,0.00025862941402,737.488001624,0.0041426926,4.76,34.4552286678,0.494,3823
8.0,0.99856698513,0.000258686981397,737.549301502,0.0041426926,4.76,34.4552286678,0.494,3823
8.0,0.999239861965,0.000258690182818,737.610601383,0.0041426926,4.76,34.4552286678,0.494,3823
8.0,0.998804092407,0.000258668325841,737.671901267,0.0041426926,4.76,34.4552286678,0.494,3823
8.0,0.999250650406,0.00025869050296,737.733201154,0.0041426926,4.76,34.4552286678,0.494,3823
8.0,0.999676465988,0.000258760963334,737.794501144,0.0041426926,4.76,34.4552286678,0.494,3823
8.0,0.998712301254,0.000258707237663,737.855801037,0.0041426926,4.76,34.4552286678,0.494,3823
8.0,0.998814404011,0.000258713989751,737.917100933,0.0041426926,4.76,34.4552286678,0.494,3823
8.0,0.999269604683,0.000258723244769,737.978400832,0.0041426926,4.76,34.4552286678,0.494,3823
8.0,0.999069869518,0.000258777203271,738.039700734,0.0041426926,4.76,34.4552286678,0.494,3823
8.0,0.998896300793,0.000258710439084,738.101000639,0.0041426926,4.76,34.4552286678,0.494,3823
8.0,0.998678922653,0.000258703221334,738.162300547,0.0041426926,4.76,34.4552286678,0.494,3823
8.0,0.999448418617,0.000258741609287,738.223600558,0.0041426926,4.76,34.4552286678,0.494,3823
8.0,0.999401807785,0.00025876032305,738.284900473,0.0041426926,4.76,34.4552286678,0.494,3823
8.0,0.999192595482,0.000258757761912,738.34620039,0.0041426926,4.76,34.4552286678,0.494,3823
8.0,0.999499797821,0.000258783751633,738.40750041,0.0041426926,4.76,34.4552286678,0.494,3823
8.0,0.998572349548,0.000258750922512,738.468800333,0.0041426926,4.76,34.4552286678,0.494,3823
8.0,0.999344885349,0.000258737883996,738.530100259,0.0041426926,4.76,34.4552286678,0.494,3823
8.0,0.999546945095,0.000258787884377,738.591400188,0.0041426926,4.76,34.4552286678,0.494,3823
8.0,0.999267160892,0.000258777785348,738.652700121,0.0041426926,4.76,34.4552286678,0.494,3823
8.0,0.999681293964,0.000258827523794,738.714000056,0.0041426926,4.76,34.4552286678,0.494,3823
8.0,0.999323964119,0.000258773943642,738.775299994,0.0041426926,4.76,34.4552286678,0.494,3823
8.0,0.99988591671,0.000258800515439,738.836599936,0.0041426926,4.76,34.4552286678,0.494,3823
8.0,0.999536454678,0.000258798740106,738.89789988,0.0041426926,4.76,34.4552286678,0.494,3823
8.0,0.999608635902,0.000258783431491,738.959199827,0.0041426926,4.76,34.4552286678,0.494,3823
8.0,0.999021947384,0.000258768704953,739.020499778,0.0041426926,4.76,34.4552286678,0.494,3823
8.0,1.00016105175,0.000258807296632,739.081799831,0.0041426926,4.76,34.4552286678,0.494,3823
8.0,1.00005125999,0.000258809974184,739.143099788,0.0041426926,4.76,34.4552286678,0.494,3823
8.0,0.999731183052,0.000258796062553,739.204399747,0.0041426926,4.76,34.4552286678,0.494,3823
8.0,0.999740600586,0.000258773769019,739.265699709,0.0041426926,4.76,34.4552286678,0.494,3823
8.0,0.998982012272,0.000258771993686,739.326999675,0.0041426926,4.76,34.4552286678,0.494,3823
8.0,0.999480009079,0.000258824060438,739.388299644,0.0041426926,4.76,34.4552286678,0.494,3823
8.0,0.999441385269,0.000258816202404,739.449599715,0.0041426926,4.76,34.4552286678,0.494,3823
8.0,0.999653279781,0.00025880971225,739.51089969,0.0041426926,4.76,34.4552286678,0.494,3823
8.0,0.999648749828,0.000258805870544,739.572199667,0.0041426926,4.76,34.4552286678,0.494,3823
8.0,0.999856472015,0.000258818705333,739.633499648,0.0041426926,4.76,34.4552286678,0.494,3823
8.0,0.99939250946,0.000258733954979,739.694799732,0.0041426926,4.76,34.4552286678,0.494,3823
8.0,0.99952340126,0.000258744490566,739.756099719,0.0041426926,4.76,34.4552286678,0.494,3823
8.0,0.999552845955,0.000258748739725,739.817399709,0.0041426926,4.76,34.4552286678,0.494,3823
8.0,0.999354600906,0.000258776504779,739.878699701,0.0041426926,4.76,34.4552286678,0.494,3823
8.0,0.999129474163,0.000258692889474,739.939999697,0.0041426926,4.76,34.4552286678,0.494,3823
8.0,0.999694943428,0.000258748972556,740.001299696,0.0041426926,4.76,34.4552286678,0.494,3823
8.0,0.999803304672,0.000258747546468,740.062599698,0.0041426926,4.76,34.4552286678,0.494,3823
8.0,0.999899029732,0.000258748099441,740.123899703,0.0041426926,4.76,34.4552286678,0.494,3823
8.0,0.999686956406,0.000258780695731,740.185199711,0.0041426926,4.76,34.4552286678,0.494,3823
8.0,1.00093305111,0.00025890712277,740.246499722,0.0041426926,4.76,34.4552286678,0.494,3823
8.0,0.998951494694,0.000258801941527,740.328233175,0.0041426926,4.76,34.4552286678,0.494,3823
8.0,0.999012172222,0.000258764717728,740.389533193,0.0041426926,4.76,34.4552286678,0.494,3823
8.0,0.999085247517,0.000258847459918,740.450833215,0.0041426926,4.76,34.4552286678,0.494,3823
8.0,0.999332845211,0.0002588382049,740.532566681,0.0041426926,4.76,34.4552286678,0.494,3823
8.0,0.999018192291,0.000258809683146,740.59386671,0.0041426926,4.76,34.4552286678,0.494,3823
8.0,0.999314129353,0.000258833693806,740.655166741,0.0041426926,4.76,34.4552286678,0.494,3823
8.0,0.999511122704,0.000258812360698,740.716466776,0.0041426926,4.76,34.4552286678,0.494,3823
8.0,0.999490857124,0.000258813757682,740.777766813,0.0041426926,4.76,34.4552286678,0.494,3823
8.0,0.999924659729,0.000258750165813,740.839066854,0.0041426926,4.76,34.4552286678,0.494,3823
8.0,0.999561369419,0.000258820829913,740.900366897,0.0041426926,4.76,34.4552286678,0.494,3823
8.0,0.998942732811,0.000258760381257,740.961666944,0.0041426926,4.76,34.4552286678,0.494,3823
8.0,0.99907630682,0.000258808518993,741.022966994,0.0041426926,4.76,34.4552286678,0.494,3823
8.0,0.998824357986,0.000258776854025,741.084267146,0.0041426926,4.76,34.4552286678,0.494,3823
8.0,0.999421596527,0.000258782325545,741.145567202,0.0041426926,4.76,34.4552286678,0.494,3823
8.0,0.998924970627,0.000258783868048,741.206867261,0.0041426926,4.76,34.4552286678,0.494,3823
8.0,0.999283432961,0.00025874376297,741.268167423,0.0041426926,4.76,34.4552286678,0.494,3823
8.0,0.998999536037,0.000258793559624,741.329467488,0.0041426926,4.76,34.4552286678,0.494,3823
8.0,0.999241948128,0.000258776388364,741.390767556,0.0041426926,4.76,34.4552286678,0.494,3823
8.0,0.999184787273,0.000258744694293,741.452067628,0.0041426926,4.76,34.4552286678,0.494,3823
8.0,0.998772799969,0.00025871465914,741.513367702,0.0041426926,4.76,34.4552286678,0.494,3823
8.0,0.999031126499,0.000258740910795,741.574667679,0.0041426926,4.76,34.4552286678,0.494,3823
8.0,0.999231517315,0.000258797750575,741.635967759,0.0041426926,4.76,34.4552286678,0.494,3823
8.0,0.998533964157,0.000258684740402,741.697268043,0.0041426926,4.76,34.4552286678,0.494,3823
8.0,0.998737990856,0.000258786225459,741.758568129,0.0041426926,4.76,34.4552286678,0.494,3823
8.0,0.998572587967,0.000258751912042,741.819868219,0.0041426926,4.76,34.4552286678,0.494,3823
8.0,0.998604118824,0.000258785381448,741.881168312,0.0041426926,4.76,34.4552286678,0.494,3823
8.0,0.99907875061,0.000258795305854,741.942468407,0.0041426926,4.76,34.4552286678,0.494,3823
8.0,0.998753011227,0.000258755258983,742.003768506,0.0041426926,4.76,34.4552286678,0.494,3823
8.0,0.998856842518,0.000258715794189,742.065068608,0.0041426926,4.76,34.4552286678,0.494,3823
8.0,0.998795747757,0.000258711428614,742.126368713,0.0041426926,4.76,34.4552286678,0.494,3823
8.0,0.999225199223,0.000258734449744,742.187668821,0.0041426926,4.76,34.4552286678,0.494,3823
8.0,0.999245941639,0.000258767337073,742.248968932,0.0041426926,4.76,34.4552286678,0.494,3823
8.0,0.998056352139,0.00025867097429,742.310269146,0.0041426926,4.76,34.4552286678,0.494,3823
8.0,0.998281359673,0.000258682499407,742.371569263,0.0041426926,4.76,34.4552286678,0.494,3823
8.0,0.998665928841,0.000258712796494,742.432869383,0.0041426926,4.76,34.4552286678,0.494,3823
8.0,0.998768031597,0.00025864559575,742.494169607,0.0041426926,4.76,34.4552286678,0.494,3823
8.0,0.998662233353,0.000258712650975,742.555469733,0.0041426926,4.76,34.4552286678,0.494,3823
8.0,0.999134004116,0.000258718297118,742.616769863,0.0041426926,4.76,34.4552286678,0.494,3823
8.0,0.998843193054,0.000258724758169,742.678069995,0.0041426926,4.76,34.4552286678,0.494,3823
8.0,0.999025583267,0.000258740124991,742.739370131,0.0041426926,4.76,34.4552286678,0.494,3823
8.0,0.998957872391,0.000258689600741,742.800670269,0.0041426926,4.76,34.4552286678,0.494,3823
8.0,0.998517632484,0.000258689251496,742.861970411,0.0041426926,4.76,34.4552286678,0.494,3823
8.0,0.998079776764,0.00025864187046,742.923270656,0.0041426926,4.76,34.4552286678,0.494,3823
8.0,0.999001502991,0.000258760526776,742.984570804,0.0041426926,4.76,34.4552286678,0.494,3823
8.0,0.998853623867,0.000258682412095,743.045870955,0.0041426926,4.76,34.4552286678,0.494,3823
8.0,0.998339951038,0.000258613814367,743.107171109,0.0041426926,4.76,34.4552286678,0.494,3823
8.0,0.99850487709,0.000258653657511,743.168471266,0.0041426926,4.76,34.4552286678,0.494,3823
8.0,0.998817741871,0.000258679501712,743.229771427,0.0041426926,4.76,34.4552286678,0.494,3823
8.0,0.998884499073,0.000258661195403,743.311505078,0.0041426926,4.76,34.4552286678,0.494,3823
8.0,0.998283445835,0.000258563173702,743.372805246,0.0041426926,4.76,34.4552286678,0.494,3823
8.0,0.99866437912,0.000258558779024,743.434105416,0.0041426926,4.76,34.4552286678,0.494,3823
8.0,0.998727798462,0.000258546002442,743.49540559,0.0041426926,4.76,34.4552286678,0.494,3823
8.0,0.99815261364,0.000258577434579,743.556705767,0.0041426926,4.76,34.4552286678,0.494,3823
8.0,0.99869787693,0.000258646090515,743.618005947,0.0041426926,4.76,34.4552286678,0.494,3823
8.0,0.999110817909,0.000258631102042,743.67930613,0.0041426926,4.76,34.4552286678,0.494,3823
8.0,0.998999834061,0.000258609186858,743.740606316,0.0041426926,4.76,34.4552286678,0.494,3823
8.0,0.999129295349,0.00025859309244,743.801906505,0.0041426926,4.76,34.4552286678,0.494,3823
8.0,0.998856186867,0.000258612300968,743.863206697,0.0041426926,4.76,34.4552286678,0.494,3823
8.0,0.998764455318,0.00025861733593,743.924507092,0.0041426926,4.76,34.4552286678,0.494,3823
8.0,0.99961322546,0.000258715852397,743.98580729,0.0041426926,4.76,34.4552286678,0.494,3823
8.0,0.998715519905,0.000258579908404,744.047107392,0.0041426926,4.76,34.4552286678,0.494,3823
8.0,0.998725891113,0.000258611165918,744.108407696,0.0041426926,4.76,34.4552286678,0.494,3823
8.0,0.998362839222,0.000258639483945,744.169707904,0.0041426926,4.76,34.4552286678,0.494,3823
8.0,0.998590826988,0.000258623476839,744.231008115,0.0041426926,4.76,34.4552286678,0.494,3823
8.0,0.998448252678,0.000258589570876,744.292308329,0.0041426926,4.76,34.4552286678,0.494,3823
8.0,0.998417794704,0.00025860738242,744.353608545,0.0041426926,4.76,34.4552286678,0.494,3823
8.0,0.998454928398,0.000258647254668,744.414908765,0.0041426926,4.76,34.4552286678,0.494,3823
8.0,0.999090790749,0.000258620304521,744.476208988,0.0041426926,4.76,34.4552286678,0.494,3823
8.0,0.999040126801,0.000258623622358,744.537509315,0.0041426926,4.76,34.4552286678,0.494,3823
8.0,0.998657822609,0.000258691521594,744.598809544,0.0041426926,4.76,34.4552286678,0.494,3823
8.0,0.998558163643,0.000258647109149,744.660109776,0.0041426926,4.76,34.4552286678,0.494,3823
8.0,0.999339640141,0.000258634565398,744.721410012,0.0041426926,4.76,34.4552286678,0.494,3823
8.0,0.999042928219,0.00025866026408,744.78271025,0.0041426926,4.76,34.4552286678,0.494,3823
8.0,0.9987834692,0.000258744868916,744.844010492,0.0041426926,4.76,34.4552286678,0.494,3823
8.0,0.998754620552,0.000258696672972,744.905310737,0.0041426926,4.76,34.4552286678,0.494,3823
8.0,0.998249173164,0.000258634099737,744.966610985,0.0041426926,4.76,34.4552286678,0.494,3823
8.0,0.999012291431,0.000258716347162,745.027911236,0.0041426926,4.76,34.4552286678,0.494,3823
8.0,0.998631417751,0.000258713029325,745.08921149,0.0041426926,4.76,34.4552286678,0.494,3823
8.0,0.998490452766,0.000258589658188,745.150511947,0.0041426926,4.76,34.4552286678,0.494,3823
8.0,0.99901163578,0.000258736312389,745.211812207,0.0041426926,4.76,34.4552286678,0.494,3823
8.0,0.999050438404,0.000258679268882,745.273112471,0.0041426926,4.76,34.4552286678,0.494,3823
8.0,0.999082028866,0.000258716230746,745.334412737,0.0041426926,4.76,34.4552286678,0.494,3823
8.0,0.999251961708,0.000258751038928,745.395713007,0.0041426926,4.76,34.4552286678,0.494,3823
8.0,0.998633444309,0.000258702290012,745.457013279,0.0041426926,4.76,34.4552286678,0.494,3823
8.0,0.998678565025,0.00025867021759,745.518313555,0.0041426926,4.76,34.4552286678,0.494,3823
8.0,0.999059796333,0.000258894142462,745.579613834,0.0041426926,4.76,34.4552286678,0.494,3823
8.0,0.998898327351,0.000258815707639,745.640914116,0.0041426926,4.76,34.4552286678,0.494,3823
8.0,0.998928546906,0.000258832558757,745.702214401,0.0041426926,4.76,34.4552286678,0.494,3823
8.0,0.998723685741,0.000258814980043,745.76351479,0.0041426926,4.76,34.4552286678,0.494,3823
8.0,0.998954236507,0.000258911139099,745.824815081,0.0041426926,4.76,34.4552286678,0.494,3823
8.0,0.999282538891,0.000258856540313,745.886115375,0.0041426926,4.76,34.4552286678,0.494,3823
8.0,0.999265730381,0.0002589157084,745.947415673,0.0041426926,4.76,34.4552286678,0.494,3823
8.0,0.999363601208,0.000258830492385,746.008715974,0.0041426926,4.76,34.4552286678,0.494,3823
8.0,1.00154280663,0.000259185646428,746.070016277,0.0041426926,4.76,34.4552286678,0.494,3823
8.0,0.998797655106,0.000258825719357,746.131316584,0.0041426926,4.76,34.4552286678,0.494,3823
8.0,0.99919885397,0.000258794665569,746.192616894,0.0041426926,4.76,34.4552286678,0.494,3823
8.0,0.999522745609,0.000258841144387,746.274350746,0.0041426926,4.76,34.4552286678,0.494,3823
8.0,0.999685049057,0.000258891232079,746.335651063,0.0041426926,4.76,34.4552286678,0.494,3823
8.0,0.999154627323,0.000258864543866,746.396951383,0.0041426926,4.76,34.4552286678,0.494,3823
8.0,0.999266862869,0.000258843938354,746.458251707,0.0041426926,4.76,34.4552286678,0.494,3823
8.0,0.998481810093,0.000258839048911,746.519552133,0.0041426926,4.76,34.4552286678,0.494,3823
8.0,0.999876856804,0.000258944608504,746.580852463,0.0041426926,4.76,34.4552286678,0.494,3823
8.0,0.999877691269,0.000258942483924,746.642152696,0.0041426926,4.76,34.4552286678,0.494,3823
8.0,0.99920207262,0.000258866639342,746.703453032,0.0041426926,4.76,34.4552286678,0.494,3823
8.0,0.999697685242,0.000258919346379,746.764753571,0.0041426926,4.76,34.4552286678,0.494,3823
8.0,0.999556064606,0.000258931744611,746.826053913,0.0041426926,4.76,34.4552286678,0.494,3823
8.0,0.999629437923,0.000258911779383,746.887354258,0.0041426926,4.76,34.4552286678,0.494,3823
8.0,0.999605536461,0.000258899119217,746.948654607,0.0041426926,4.76,34.4552286678,0.494,3823
8.0,0.999427556992,0.000258899497567,747.009954958,0.0041426926,4.76,34.4552286678,0.494,3823
8.0,1.00009071827,0.000258946034592,747.071255313,0.0041426926,4.76,34.4552286678,0.494,3823
8.0,0.999445199966,0.000258884741925,747.132555671,0.0041426926,4.76,34.4552286678,0.494,3823
8.0,0.999746799469,0.000258919229964,747.193856032,0.0041426926,4.76,34.4552286678,0.494,3823
8.0,0.999815821648,0.000258909509284,747.255156395,0.0041426926,4.76,34.4552286678,0.494,3823
8.0,0.999626994133,0.000258893240243,747.316456863,0.0041426926,4.76,34.4552286678,0.494,3823
8.0,0.999794125557,0.000258940650383,747.377757233,0.0041426926,4.76,34.4552286678,0.494,3823
8.0,1.00025701523,0.000258944288362,747.439057606,0.0041426926,4.76,34.4552286678,0.494,3823
8.0,1.0003156662,0.000258967571426,747.500357983,0.0041426926,4.76,34.4552286678,0.494,3823
8.0,0.999690413475,0.000258911575656,747.561658362,0.0041426926,4.76,34.4552286678,0.494,3823
8.0,1.00014710426,0.000258938875049,747.622958745,0.0041426926,4.76,34.4552286678,0.494,3823
8.0,0.999639034271,0.000258922198555,747.684259131,0.0041426926,4.76,34.4552286678,0.494,3823
8.0,0.999952435493,0.000258954503806,747.74555962,0.0041426926,4.76,34.4552286678,0.494,3823
8.0,0.999365508556,0.000258868094534,747.806860012,0.0041426926,4.76,34.4552286678,0.494,3823
8.0,1.00000560284,0.000258969783317,747.868160407,0.0041426926,4.76,34.4552286678,0.494,3823
8.0,1.00066685677,0.000258976680925,747.929460905,0.0041426926,4.76,34.4552286678,0.494,3823
8.0,1.00025629997,0.000258986779954,747.990761307,0.0041426926,4.76,34.4552286678,0.494,3823
8.0,0.999754548073,0.000258935207967,748.052061711,0.0041426926,4.76,34.4552286678,0.494,3823
8.0,0.999868988991,0.000258941377979,748.113362119,0.0041426926,4.76,34.4552286678,0.494,3823
8.0,0.999297142029,0.000258957123151,748.17466253,0.0041426926,4.76,34.4552286678,0.494,3823
8.0,0.999824166298,0.000258941610809,748.235962944,0.0041426926,4.76,34.4552286678,0.494,3823
8.0,0.99928432703,0.0002589027863,748.297263361,0.0041426926,4.76,34.4552286678,0.494,3823
8.0,0.999412596226,0.000258955871686,748.358563781,0.0041426926,4.76,34.4552286678,0.494,3823
8.0,0.999573647976,0.000258985412074,748.419864204,0.0041426926,4.76,34.4552286678,0.494,3823
8.0,0.999828457832,0.000258949701674,748.481164631,0.0041426926,4.76,34.4552286678,0.494,3823
8.0,0.999736785889,0.000258954300079,748.54246516,0.0041426926,4.76,34.4552286678,0.494,3823
8.0,1.00015032291,0.000258991116425,748.603765593,0.0041426926,4.76,34.4552286678,0.494,3823
8.0,1.00031328201,0.000258986459812,748.665066029,0.0041426926,4.76,34.4552286678,0.494,3823
8.0,1.00069642067,0.000259054853814,748.726366467,0.0041426926,4.76,34.4552286678,0.494,3823
8.0,0.999803543091,0.000258976710029,748.787666909,0.0041426926,4.76,34.4552286678,0.494,3823
8.0,0.999478876591,0.000258981366642,748.848967355,0.0041426926,4.76,34.4552286678,0.494,3823
8.0,1.00011944771,0.000259006948909,748.910267903,0.0041426926,4.76,34.4552286678,0.494,3823
8.0,1.00031197071,0.000259029591689,748.971568354,0.0041426926,4.76,34.4552286678,0.494,3823
8.0,1.00030386448,0.000259037798969,749.032868809,0.0041426926,4.76,34.4552286678,0.494,3823
8.0,1.00085902214,0.000259060878307,749.094169267,0.0041426926,4.76,34.4552286678,0.494,3823
8.0,1.00045251846,0.000259028951405,749.155469827,0.0041426926,4.76,34.4552286678,0.494,3823
8.0,1.00015330315,0.000258946034592,749.216770291,0.0041426926,4.76,34.4552286678,0.494,3823
8.0,1.0003452301,0.000258999411017,749.298504148,0.0041426926,4.76,34.4552286678,0.494,3823
8.0,1.00034141541,0.000259009830188,749.359804619,0.0041426926,4.76,34.4552286678,0.494,3823
8.0,1.00009906292,0.000258995452896,749.421105194,0.0041426926,4.76,34.4552286678,0.494,3823
8.0,1.00071418285,0.000259045424173,749.482405671,0.0041426926,4.76,34.4552286678,0.494,3823
8.0,1.00022888184,0.000259022082901,749.543706252,0.0041426926,4.76,34.4552286678,0.494,3823
8.0,1.00061690807,0.000259015418123,749.605006736,0.0041426926,4.76,34.4552286678,0.494,3823
8.0,1.00018262863,0.00025900406763,749.666307223,0.0041426926,4.76,34.4552286678,0.494,3823
8.0,1.00037908554,0.000259009277215,749.727607713,0.0041426926,4.76,34.4552286678,0.494,3823
8.0,1.00038957596,0.000258957297774,749.788908206,0.0041426926,4.76,34.4552286678,0.494,3823
8.0,1.00064575672,0.000259002845269,749.850208702,0.0041426926,4.76,34.4552286678,0.494,3823
8.0,1.00008022785,0.000258940417552,749.911509202,0.0041426926,4.76,34.4552286678,0.494,3823
8.0,1.00035238266,0.000259030581219,749.972809704,0.0041426926,4.76,34.4552286678,0.494,3823
8.0,1.00008547306,0.000259005639236,750.03411021,0.0041426926,4.76,34.4552286678,0.494,3823
8.0,0.999975800514,0.000258974323515,750.095410719,0.0041426926,4.76,34.4552286678,0.494,3823
8.0,1.00003409386,0.000258898071479,750.156711331,0.0041426926,4.76,34.4552286678,0.494,3823
8.0,1.00039422512,0.00025899198954,750.238445352,0.0041426926,4.76,34.4552286678,0.494,3823
8.0,1.00020432472,0.000258992513409,750.299745871,0.0041426926,4.76,34.4552286678,0.494,3823
8.0,1.00005221367,0.000258942571236,750.361046393,0.0041426926,4.76,34.4552286678,0.494,3823
8.0,1.00048387051,0.000259005551925,750.422346919,0.0041426926,4.76,34.4552286678,0.494,3823
8.0,1.00028586388,0.000258970452705,750.483647447,0.0041426926,4.76,34.4552286678,0.494,3823
8.0,1.00028336048,0.000258960179053,750.544948079,0.0041426926,4.76,34.4552286678,0.494,3823
8.0,1.000243783,0.000258906366071,750.606248614,0.0041426926,4.76,34.4552286678,0.494,3823
8.0,0.999899864197,0.000258963584201,750.667549152,0.0041426926,4.76,34.4552286678,0.494,3823
8.0,0.999420464039,0.000258910818957,750.728849693,0.0041426926,4.76,34.4552286678,0.494,3823
8.0,1.00103580952,0.000258987740381,750.790150338,0.0041426926,4.76,34.4552286678,0.494,3823
8.0,1.0003156662,0.000258981744992,750.851450885,0.0041426926,4.76,34.4552286678,0.494,3823
8.0,1.00052690506,0.000258980900981,750.912751436,0.0041426926,4.76,34.4552286678,0.494,3823
8.0,1.00058376789,0.000259010732407,750.97405199,0.0041426926,4.76,34.4552286678,0.494,3823
8.0,1.0007648468,0.000258972722804,751.035352546,0.0041426926,4.76,34.4552286678,0.494,3823
8.0,1.0006865263,0.000259023800027,751.096653006,0.0041426926,4.76,34.4552286678,0.494,3823
8.0,1.00076460838,0.000259013060713,751.15795377,0.0041426926,4.76,34.4552286678,0.494,3823
8.0,1.00004303455,0.000258960702922,751.219254336,0.0041426926,4.76,34.4552286678,0.494,3823
8.0,1.00028347969,0.000258890941041,751.280554905,0.0041426926,4.76,34.4552286678,0.494,3823
8.0,1.00078010559,0.000259026855929,751.341855478,0.0041426926,4.76,34.4552286678,0.494,3823
8.0,1.00094771385,0.000259027641732,751.403156054,0.0041426926,4.76,34.4552286678,0.494,3823
8.0,1.00044023991,0.000258997606579,751.464456632,0.0041426926,4.76,34.4552286678,0.494,3823
8.0,1.0005865097,0.000259022024693,751.525757214,0.0041426926,4.76,34.4552286678,0.494,3823
8.0,1.00131511688,0.000259021500824,751.5870578,0.0041426926,4.76,34.4552286678,0.494,3823
8.0,0.999840497971,0.000259002437815,751.648358388,0.0041426926,4.76,34.4552286678,0.494,3823
8.0,1.00057649612,0.000258913496509,751.709658979,0.0041426926,4.76,34.4552286678,0.494,3823
8.0,1.00121998787,0.000259023014223,751.770959674,0.0041426926,4.76,34.4552286678,0.494,3823
8.0,1.00112855434,0.000259020831436,751.832260271,0.0041426926,4.76,34.4552286678,0.494,3823
8.0,1.00128853321,0.000259059102973,751.893560872,0.0041426926,4.76,34.4552286678,0.494,3823
8.0,1.00068879128,0.000258988438873,751.954861576,0.0041426926,4.76,34.4552286678,0.494,3823
8.0,1.00098371506,0.000258978659986,752.016162183,0.0041426926,4.76,34.4552286678,0.494,3823
8.0,1.00073587894,0.000258991494775,752.077462793,0.0041426926,4.76,34.4552286678,0.494,3823
8.0,1.00103998184,0.000258993211901,752.138763407,0.0041426926,4.76,34.4552286678,0.494,3823
8.0,1.00036776066,0.000258949847193,752.200064023,0.0041426926,4.76,34.4552286678,0.494,3823
8.0,1.00000524521,0.000258984713582,752.281798283,0.0041426926,4.76,34.4552286678,0.494,3823
8.0,1.00051093102,0.000258969230345,752.343098907,0.0041426926,4.76,34.4552286678,0.494,3823
8.0,1.0009162426,0.0002588731586,752.404399434,0.0041426926,4.76,34.4552286678,0.494,3823
8.0,1.00077581406,0.000258915271843,752.465700164,0.0041426926,4.76,34.4552286678,0.494,3823
8.0,1.00096774101,0.000258922576904,752.527000797,0.0041426926,4.76,34.4552286678,0.494,3823
8.0,1.00127434731,0.000258972577285,752.588301434,0.0041426926,4.76,34.4552286678,0.494,3823
8.0,1.00138950348,0.000258971558651,752.649602073,0.0041426926,4.76,34.4552286678,0.494,3823
8.0,1.00109446049,0.000258937216131,752.710902816,0.0041426926,4.76,34.4552286678,0.494,3823
8.0,1.00095629692,0.000258881016634,752.772203462,0.0041426926,4.76,34.4552286678,0.494,3823
8.0,1.00078773499,0.000258925836533,752.83350411,0.0041426926,4.76,34.4552286678,0.494,3823
8.0,1.00142431259,0.000258998974459,752.894804762,0.0041426926,4.76,34.4552286678,0.494,3823
8.0,1.00231003761,0.000259016174823,752.956105418,0.0041426926,4.76,34.4552286678,0.494,3823
8.0,1.00191855431,0.000258967076661,753.017406076,0.0041426926,4.76,34.4552286678,0.494,3823
8.0,1.00033140182,0.00025892231497,753.140007402,0.0041426926,4.76,34.4552286678,0.494,3823
8.0,1.00102829933,0.000258979824139,753.20130807,0.0041426926,4.76,34.4552286678,0.494,3823
8.0,1.00159788132,0.00025896038278,753.262608741,0.0041426926,4.76,34.4552286678,0.494,3823
8.0,1.00082194805,0.000258953863522,753.323909615,0.0041426926,4.76,34.4552286678,0.494,3823
8.0,1.00155568123,0.000258987536654,753.385210292,0.0041426926,4.76,34.4552286678,0.494,3823
8.0,1.00143837929,0.000258954067249,753.446510972,0.0041426926,4.76,34.4552286678,0.494,3823
8.0,1.00109708309,0.00025897033629,753.507811655,0.0041426926,4.76,34.4552286678,0.494,3823
8.0,1.00070607662,0.000258844578639,753.569112342,0.0041426926,4.76,34.4552286678,0.494,3823
8.0,1.00125718117,0.000258805375779,753.630413032,0.0041426926,4.76,34.4552286678,0.494,3823
8.0,1.00059008598,0.000258765358012,753.691713725,0.0041426926,4.76,34.4552286678,0.494,3823
8.0,1.00079488754,0.000258864805801,753.753014421,0.0041426926,4.76,34.4552286678,0.494,3823
8.0,1.00055205822,0.000258815503912,753.81431512,0.0041426926,4.76,34.4552286678,0.494,3823
8.0,1.00043165684,0.000258880638285,753.875615822,0.0041426926,4.76,34.4552286678,0.494,3823
8.0,1.00129330158,0.000258905347437,753.936916627,0.0041426926,4.76,34.4552286678,0.494,3823
8.0,1.00059521198,0.000258863758063,753.998217336,0.0041426926,4.76,34.4552286678,0.494,3823
8.0,1.00065588951,0.000258901214693,754.059518047,0.0041426926,4.76,34.4552286678,0.494,3823
8.0,1.00074028969,0.000258754385868,754.120818762,0.0041426926,4.76,34.4552286678,0.494,3823
8.0,1.00052464008,0.000258865795331,754.18211948,0.0041426926,4.76,34.4552286678,0.494,3823
8.0,1.0008995533,0.000258864485659,754.243420201,0.0041426926,4.76,34.4552286678,0.494,3823
8.0,1.00097310543,0.000258892920101,754.304720926,0.0041426926,4.76,34.4552286678,0.494,3823
8.0,1.00109004974,0.000258869637037,754.366021653,0.0041426926,4.76,34.4552286678,0.494,3823
8.0,1.00062704086,0.00025886829826,754.427322383,0.0041426926,4.76,34.4552286678,0.494,3823
8.0,1.00031197071,0.000258886371739,754.488623117,0.0041426926,4.76,34.4552286678,0.494,3823
8.0,1.00120186806,0.000258821615716,754.549924054,0.0041426926,4.76,34.4552286678,0.494,3823
8.0,1.00061202049,0.000258850195678,754.611224794,0.0041426926,4.76,34.4552286678,0.494,3823
8.0,1.00031793118,0.0002588739153,754.672525537,0.0041426926,4.76,34.4552286678,0.494,3823
8.0,0.999961733818,0.000258866202785,754.733826283,0.0041426926,4.76,34.4552286678,0.494,3823
8.0,1.00020265579,0.000258807296632,754.795127032,0.0041426926,4.76,34.4552286678,0.494,3823
8.0,1.00022530556,0.000258806248894,754.856427785,0.0041426926,4.76,34.4552286678,0.494,3823
8.0,0.999465167522,0.000258779327851,754.91772854,0.0041426926,4.76,34.4552286678,0.494,3823
8.0,1.00011944771,0.000258761836449,754.979029299,0.0041426926,4.76,34.4552286678,0.494,3823
8.0,1.00029742718,0.000258826068603,755.040330061,0.0041426926,4.76,34.4552286678,0.494,3823
8.0,0.999559819698,0.000258686195593,755.101630926,0.0041426926,4.76,34.4552286678,0.494,3823
8.0,0.999243438244,0.000258781539742,755.162931694,0.0041426926,4.76,34.4552286678,0.494,3823
8.0,1.0002951622,0.000258799234871,755.244666056,0.0041426926,4.76,34.4552286678,0.494,3823
8.0,0.99997484684,0.00025878282031,755.305966832,0.0041426926,4.76,34.4552286678,0.494,3823
8.0,0.999685168266,0.000258941756329,755.36726761,0.0041426926,4.76,34.4552286678,0.494,3823
8.0,1.00046896935,0.000258837244473,755.428568392,0.0041426926,4.76,34.4552286678,0.494,3823
8.0,1.00013625622,0.000258838554146,755.489869277,0.0041426926,4.76,34.4552286678,0.494,3823
8.0,0.999826431274,0.000258742627921,755.551170065,0.0041426926,4.76,34.4552286678,0.494,3823
8.0,0.999102592468,0.000258670450421,755.612470856,0.0041426926,4.76,34.4552286678,0.494,3823
8.0,0.999816060066,0.000258739193669,755.67377165,0.0041426926,4.76,34.4552286678,0.494,3823
8.0,0.999701976776,0.000258688465692,755.735072448,0.0041426926,4.76,34.4552286678,0.494,3823
8.0,0.999325096607,0.000258683750872,755.796373248,0.0041426926,4.76,34.4552286678,0.494,3823
8.0,0.999155759811,0.000258671178017,755.857674052,0.0041426926,4.76,34.4552286678,0.494,3823
8.0,0.998942911625,0.000258643383859,755.918974859,0.0041426926,4.76,34.4552286678,0.494,3823
8.0,0.99909299612,0.000258687272435,755.980275769,0.0041426926,4.76,34.4552286678,0.494,3823
8.0,0.999542832375,0.00025869187084,756.041576582,0.0041426926,4.76,34.4552286678,0.494,3823
8.0,0.998866260052,0.000258617656073,756.102877498,0.0041426926,4.76,34.4552286678,0.494,3823
8.0,0.998223304749,0.000258649961324,756.164178217,0.0041426926,4.76,34.4552286678,0.494,3823
8.0,0.999355077744,0.000258647429291,756.22547914,0.0041426926,4.76,34.4552286678,0.494,3823
8.0,0.998120844364,0.000258638581727,756.286779965,0.0041426926,4.76,34.4552286678,0.494,3823
8.0,0.998246133327,0.000258646730799,756.348080794,0.0041426926,4.76,34.4552286678,0.494,3823
8.0,0.998669862747,0.000258633866906,756.409381626,0.0041426926,4.76,34.4552286678,0.494,3823
8.0,0.998102903366,0.000258638145169,756.470682461,0.0041426926,4.76,34.4552286678,0.494,3823
8.0,0.998960733414,0.000258685380686,756.531983299,0.0041426926,4.76,34.4552286678,0.494,3823
8.0,0.998188078403,0.000258648447925,756.59328414,0.0041426926,4.76,34.4552286678,0.494,3823
8.0,0.998597383499,0.000258639687672,756.654584985,0.0041426926,4.76,34.4552286678,0.494,3823
8.0,0.998224139214,0.000258588202996,756.715885932,0.0041426926,4.76,34.4552286678,0.494,3823
8.0,0.998661756516,0.000258605607087,756.777186783,0.0041426926,4.76,34.4552286678,0.494,3823
8.0,0.997855961323,0.000258631887846,756.838487637,0.0041426926,4.76,34.4552286678,0.494,3823
8.0,0.997597694397,0.000258610147284,756.899788494,0.0041426926,4.76,34.4552286678,0.494,3823
8.0,0.998032867908,0.000258654879872,756.961089354,0.0041426926,4.76,34.4552286678,0.494,3823
8.0,0.99831110239,0.000258669344475,757.022390217,0.0041426926,4.76,34.4552286678,0.494,3823
8.0,0.997754752636,0.00025858337176,757.083691083,0.0041426926,4.76,34.4552286678,0.494,3823
8.0,0.997497856617,0.000258615385974,757.144991952,0.0041426926,4.76,34.4552286678,0.494,3823
8.0,0.997165620327,0.000258574349573,757.206292925,0.0041426926,4.76,34.4552286678,0.494,3823
8.0,0.996881127357,0.000258537824266,757.267593801,0.0041426926,4.76,34.4552286678,0.494,3823
8.0,0.997392177582,0.000258562766248,757.32889478,0.0041426926,4.76,34.4552286678,0.494,3823
8.0,0.996882557869,0.000258555606706,757.390195662,0.0041426926,4.76,34.4552286678,0.494,3823
8.0,0.997442781925,0.000258693587966,757.451496547,0.0041426926,4.76,34.4552286678,0.494,3823
8.0,0.996372461319,0.000258547079284,757.512797435,0.0041426926,4.76,34.4552286678,0.494,3823
8.0,0.996981263161,0.000258591055172,757.574098326,0.0041426926,4.76,34.4552286678,0.494,3823
8.0,0.997081696987,0.000258644897258,757.635399221,0.0041426926,4.76,34.4552286678,0.494,3823
8.0,0.996858894825,0.000258641142864,757.696700118,0.0041426926,4.76,34.4552286678,0.494,3823
8.0,0.996707558632,0.000258570711594,757.758001019,0.0041426926,4.76,34.4552286678,0.494,3823
8.0,0.996669948101,0.000258606596617,757.819301923,0.0041426926,4.76,34.4552286678,0.494,3823
8.0,0.996529579163,0.000258599902736,757.88060293,0.0041426926,4.76,34.4552286678,0.494,3823
8.0,0.996187269688,0.000258581858361,757.94190384,0.0041426926,4.76,34.4552286678,0.494,3823
8.0,0.996997416019,0.000258594547631,758.003204853,0.0041426926,4.76,34.4552286678,0.494,3823
8.0,0.996587574482,0.00025859606103,758.06450567,0.0041426926,4.76,34.4552286678,0.494,3823
8.0,0.996364593506,0.000258563552052,758.125806589,0.0041426926,4.76,34.4552286678,0.494,3823
8.0,0.995994865894,0.000258540967479,758.207541153,0.0041426926,4.76,34.4552286678,0.494,3823
8.0,0.995789408684,0.000258517364273,758.26884218,0.0041426926,4.76,34.4552286678,0.494,3823
8.0,0.996509432793,0.000258576561464,758.33014311,0.0041426926,4.76,34.4552286678,0.494,3823
8.0,0.996378660202,0.000258561893133,758.391444043,0.0041426926,4.76,34.4552286678,0.494,3823
8.0,0.99625992775,0.000258519110503,758.452744979,0.0041426926,4.76,34.4552286678,0.494,3823
8.0,0.996135950089,0.000258461077465,758.514045918,0.0041426926,4.76,34.4552286678,0.494,3823
8.0,0.99626404047,0.00025854940759,758.575346961,0.0041426926,4.76,34.4552286678,0.494,3823
8.0,0.995468914509,0.000258465850493,758.636647906,0.0041426926,4.76,34.4552286678,0.494,3823
8.0,0.995157003403,0.00025844364427,758.697948855,0.0041426926,4.76,34.4552286678,0.494,3823
8.0,0.995322465897,0.000258497428149,758.759249707,0.0041426926,4.76,34.4552286678,0.494,3823
8.0,0.995780289173,0.000258452026173,758.820550662,0.0041426926,4.76,34.4552286678,0.494,3823
8.0,0.99555927515,0.000258473824942,758.88185182,0.0041426926,4.76,34.4552286678,0.494,3823
8.0,0.996051490307,0.000258526997641,758.943152781,0.0041426926,4.76,34.4552286678,0.494,3823
8.0,0.9957665205,0.000258523854427,759.004453745,0.0041426926,4.76,34.4552286678,0.494,3823
8.0,0.995720684528,0.00025846643257,759.065754712,0.0041426926,4.76,34.4552286678,0.494,3823
8.0,0.994726538658,0.000258424464846,759.127055683,0.0041426926,4.76,34.4552286678,0.494,3823
8.0,0.99506342411,0.000258475862211,759.188356656,0.0041426926,4.76,34.4552286678,0.494,3823
8.0,0.99590164423,0.000258516229223,759.249657633,0.0041426926,4.76,34.4552286678,0.494,3823
8.0,0.995439946651,0.000258526473772,759.310958613,0.0041426926,4.76,34.4552286678,0.494,3823
8.0,0.994730293751,0.000258419866441,759.372259596,0.0041426926,4.76,34.4552286678,0.494,3823
8.0,0.995128691196,0.000258389511146,759.433560582,0.0041426926,4.76,34.4552286678,0.494,3823
8.0,0.995187878609,0.000258376036072,759.494861671,0.0041426926,4.76,34.4552286678,0.494,3823
8.0,0.994565665722,0.000258392828982,759.556162664,0.0041426926,4.76,34.4552286678,0.494,3823
8.0,0.994744718075,0.000258327403571,759.617463659,0.0041426926,4.76,34.4552286678,0.494,3823
8.0,0.994494855404,0.000258358719293,759.678764658,0.0041426926,4.76,34.4552286678,0.494,3823
8.0,0.994428813457,0.000258457439486,759.740065759,0.0041426926,4.76,34.4552286678,0.494,3823
8.0,0.994240105152,0.000258361251326,759.801366764,0.0041426926,4.76,34.4552286678,0.494,3823
8.0,0.994351923466,0.000258410844253,759.862667772,0.0041426926,4.76,34.4552286678,0.494,3823
8.0,0.994103252888,0.000258373125689,759.923968783,0.0041426926,4.76,34.4552286678,0.494,3823
8.0,0.994463503361,0.000258284126176,759.985269697,0.0041426926,4.76,34.4552286678,0.494,3823
8.0,0.993657529354,0.000258280953858,760.046570914,0.0041426926,4.76,34.4552286678,0.494,3823
8.0,0.994131147861,0.000258296204265,760.107871935,0.0041426926,4.76,34.4552286678,0.494,3823
8.0,0.994498968124,0.000258385000052,760.169172958,0.0041426926,4.76,34.4552286678,0.494,3823
8.0,0.993921339512,0.000258274842054,760.230473985,0.0041426926,4.76,34.4552286678,0.494,3823
8.0,0.993919312954,0.000258373213001,760.291775014,0.0041426926,4.76,34.4552286678,0.494,3823
8.0,0.994031906128,0.000258337007836,760.353076047,0.0041426926,4.76,34.4552286678,0.494,3823
8.0,0.993826687336,0.000258306914475,760.434810862,0.0041426926,4.76,34.4552286678,0.494,3823
8.0,0.99361205101,0.000258309970377,760.536979164,0.0041426926,4.76,34.4552286678,0.494,3823
8.0,0.993866026402,0.000258388434304,760.618713992,0.0041426926,4.76,34.4552286678,0.494,3823
8.0,0.995037734509,0.000258517422481,760.680015041,0.0041426926,4.76,34.4552286678,0.494,3823
8.0,0.994025945663,0.000258268555626,760.761749678,0.0041426926,4.76,34.4552286678,0.494,3823
8.0,0.993787169456,0.000258311600192,760.92521927,0.0041426926,4.76,34.4552286678,0.494,3823
8.0,1.00464725494,0.000255725288298,763.78592334,0.0041426926,4.76,34.4552286678,0.494,3823
8.0,1.00410032272,0.000256351602729,763.847224549,0.0041426926,4.76,34.4552286678,0.494,3823
8.0,1.00296366215,0.000256814790191,763.908525862,0.0041426926,4.76,34.4552286678,0.494,3823
8.0,1.00272405148,0.00025727020693,763.969827077,0.0041426926,4.76,34.4552286678,0.494,3823
8.0,1.00241851807,0.000257635023445,764.031128296,0.0041426926,4.76,34.4552286678,0.494,3823
8.0,1.00121974945,0.000257910636719,764.092429517,0.0041426926,4.76,34.4552286678,0.494,3823
8.0,1.00031292439,0.000258080050116,764.153730742,0.0041426926,4.76,34.4552286678,0.494,3823
8.0,1.00118136406,0.00025826273486,764.21503197,0.0041426926,4.76,34.4552286678,0.494,3823
8.0,0.999207854271,0.000258339103311,764.2763332,0.0041426926,4.76,34.4552286678,0.494,3823
8.0,0.998681724072,0.000258357904386,764.337634434,0.0041426926,4.76,34.4552286678,0.494,3823
8.0,0.998421728611,0.000258376006968,764.398935671,0.0041426926,4.76,34.4552286678,0.494,3823
8.0,0.99804443121,0.000258408050286,764.460236911,0.0041426926,4.76,34.4552286678,0.494,3823
8.0,0.997531056404,0.000258433923591,764.521538254,0.0041426926,4.76,34.4552286678,0.494,3823
8.0,0.997713029385,0.000258483749349,764.582839601,0.0041426926,4.76,34.4552286678,0.494,3823
8.0,0.996856093407,0.000258343381574,764.64414085,0.0041426926,4.76,34.4552286678,0.494,3823
8.0,0.996727287769,0.000258405169006,764.705442102,0.0041426926,4.76,34.4552286678,0.494,3823
8.0,0.996610820293,0.000258394051343,764.766743357,0.0041426926,4.76,34.4552286678,0.494,3823
8.0,0.996544539928,0.000258504558587,764.828044616,0.0041426926,4.76,34.4552286678,0.494,3823
8.0,0.996647775173,0.000258488609688,764.889345777,0.0041426926,4.76,34.4552286678,0.494,3823
8.0,0.996471166611,0.000258441985352,764.950647142,0.0041426926,4.76,34.4552286678,0.494,3823
8.0,0.995822131634,0.00025839288719,765.01194841,0.0041426926,4.76,34.4552286678,0.494,3823
8.0,0.996221780777,0.000258448184468,765.07324978,0.0041426926,4.76,34.4552286678,0.494,3823
8.0,0.995982944965,0.000258404645137,765.134551054,0.0041426926,4.76,34.4552286678,0.494,3823
8.0,0.996056079865,0.000258441490587,765.195852331,0.0041426926,4.76,34.4552286678,0.494,3823
8.0,0.996103346348,0.000258458225289,765.257153611,0.0041426926,4.76,34.4552286678,0.494,3823
8.0,0.996147036552,0.000258496002061,765.318454894,0.0041426926,4.76,34.4552286678,0.494,3823
8.0,0.99620038271,0.000258403888438,765.37975618,0.0041426926,4.76,34.4552286678,0.494,3823
8.0,0.996194958687,0.000258467945969,765.441057469,0.0041426926,4.76,34.4552286678,0.494,3823
8.0,0.996734857559,0.000258502492215,765.502358761,0.0041426926,4.76,34.4552286678,0.494,3823
8.0,0.99618858099,0.000258470943663,765.563660056,0.0041426926,4.76,34.4552286678,0.494,3823
8.0,0.996055603027,0.000258393702097,765.624961354,0.0041426926,4.76,34.4552286678,0.494,3823
8.0,0.996488034725,0.000258373154793,765.686262756,0.0041426926,4.76,34.4552286678,0.494,3823
8.0,0.996566832066,0.000258442771155,765.74756416,0.0041426926,4.76,34.4552286678,0.494,3823
8.0,0.996902704239,0.00025845336495,765.808865467,0.0041426926,4.76,34.4552286678,0.494,3823
8.0,0.996382832527,0.000258471060079,765.870166778,0.0041426926,4.76,34.4552286678,0.494,3823
8.0,0.99729436636,0.000258484302321,765.951901763,0.0041426926,4.76,34.4552286678,0.494,3823
8.0,0.997146606445,0.000258506886894,766.013203181,0.0041426926,4.76,34.4552286678,0.494,3823
8.0,0.996889472008,0.000258423591731,766.074504601,0.0041426926,4.76,34.4552286678,0.494,3823
8.0,0.997141242027,0.000258410262177,766.135805825,0.0041426926,4.76,34.4552286678,0.494,3823
8.0,0.997583270073,0.000258469313849,766.197107152,0.0041426926,4.76,34.4552286678,0.494,3823
8.0,0.997684001923,0.000258532090811,766.258408582,0.0041426926,4.76,34.4552286678,0.494,3823
8.0,0.997331500053,0.000258521235082,766.319709914,0.0041426926,4.76,34.4552286678,0.494,3823
8.0,0.997893452644,0.000258645653958,766.38101125,0.0041426926,4.76,34.4552286678,0.494,3823
8.0,0.99817866087,0.000258556392509,766.442312589,0.0041426926,4.76,34.4552286678,0.494,3823
8.0,0.997946321964,0.000258612039033,766.503613931,0.0041426926,4.76,34.4552286678,0.494,3823
8.0,0.99845635891,0.000258636864601,766.564915276,0.0041426926,4.76,34.4552286678,0.494,3823
8.0,0.998060524464,0.000258528336417,766.626216724,0.0041426926,4.76,34.4552286678,0.494,3823
8.0,0.998091757298,0.000258567481069,766.687518075,0.0041426926,4.76,34.4552286678,0.494,3823
8.0,0.998213410378,0.00025852091494,766.74881943,0.0041426926,4.76,34.4552286678,0.494,3823
8.0,0.998478114605,0.000258580548689,766.810120787,0.0041426926,4.76,34.4552286678,0.494,3823
8.0,0.998667299747,0.000258599437075,766.871422147,0.0041426926,4.76,34.4552286678,0.494,3823
8.0,0.998437285423,0.000258603569819,766.93272351,0.0041426926,4.76,34.4552286678,0.494,3823
8.0,0.998741388321,0.0002586604096,766.994024876,0.0041426926,4.76,34.4552286678,0.494,3823
8.0,0.998823702335,0.000258657470113,767.055326246,0.0041426926,4.76,34.4552286678,0.494,3823
8.0,0.998636841774,0.000258608371951,767.116627618,0.0041426926,4.76,34.4552286678,0.494,3823
8.0,0.998609900475,0.0002586444607,767.177929194,0.0041426926,4.76,34.4552286678,0.494,3823
8.0,0.999173939228,0.000258677260717,767.239230572,0.0041426926,4.76,34.4552286678,0.494,3823
8.0,0.998648583889,0.000258586689597,767.300531953,0.0041426926,4.76,34.4552286678,0.494,3823
8.0,0.998327314854,0.000258616608335,767.361833238,0.0041426926,4.76,34.4552286678,0.494,3823
8.0,0.999047160149,0.000258618209045,767.423134726,0.0041426926,4.76,34.4552286678,0.494,3823
8.0,0.998421192169,0.000258625281276,767.484436116,0.0041426926,4.76,34.4552286678,0.494,3823
8.0,0.998625397682,0.000258646090515,767.54573751,0.0041426926,4.76,34.4552286678,0.494,3823
8.0,0.999393939972,0.000258740124991,767.607038906,0.0041426926,4.76,34.4552286678,0.494,3823
8.0,0.99924737215,0.00025872795959,767.668340306,0.0041426926,4.76,34.4552286678,0.494,3823
8.0,0.999367296696,0.000258636486251,767.729641809,0.0041426926,4.76,34.4552286678,0.494,3823
8.0,0.999623835087,0.000258669664618,767.790943214,0.0041426926,4.76,34.4552286678,0.494,3823
8.0,0.999738335609,0.000258876912994,767.852244623,0.0041426926,4.76,34.4552286678,0.494,3823
8.0,0.999088168144,0.000258745363681,767.913546035,0.0041426926,4.76,34.4552286678,0.494,3823
8.0,0.999818682671,0.0002588374482,767.97484745,0.0041426926,4.76,34.4552286678,0.494,3823
8.0,0.99960154295,0.000258768384811,768.036148867,0.0041426926,4.76,34.4552286678,0.494,3823
8.0,0.99999165535,0.000258846121142,768.097450288,0.0041426926,4.76,34.4552286678,0.494,3823
8.0,0.999877333641,0.00025880659814,768.158751712,0.0041426926,4.76,34.4552286678,0.494,3823
8.0,0.999910354614,0.000258874875726,768.220053139,0.0041426926,4.76,34.4552286678,0.494,3823
8.0,1.00008904934,0.000258869404206,768.281354569,0.0041426926,4.76,34.4552286678,0.494,3823
8.0,1.00040638447,0.000258954591118,768.342656202,0.0041426926,4.76,34.4552286678,0.494,3823
8.0,1.00073361397,0.000258897285676,768.403957638,0.0041426926,4.76,34.4552286678,0.494,3823
8.0,1.00062513351,0.000258898799075,768.465259077,0.0041426926,4.76,34.4552286678,0.494,3823
8.0,1.00084984303,0.00025894731516,768.526560519,0.0041426926,4.76,34.4552286678,0.494,3823
8.0,1.00050210953,0.000258943502558,768.587861964,0.0041426926,4.76,34.4552286678,0.494,3823
8.0,1.00095248222,0.000258943618974,768.649163412,0.0041426926,4.76,34.4552286678,0.494,3823
8.0,1.00098752975,0.000258947839029,768.710464863,0.0041426926,4.76,34.4552286678,0.494,3823
8.0,1.00153326988,0.000258986023255,768.771766317,0.0041426926,4.76,34.4552286678,0.494,3823
8.0,1.001486063,0.000259003107203,768.833067774,0.0041426926,4.76,34.4552286678,0.494,3823
8.0,1.00149536133,0.000258962449152,768.894369334,0.0041426926,4.76,34.4552286678,0.494,3823
8.0,1.00117993355,0.000258977641352,768.976104618,0.0041426926,4.76,34.4552286678,0.494,3823
8.0,1.00153255463,0.000258985004621,769.037406085,0.0041426926,4.76,34.4552286678,0.494,3823
8.0,1.00108683109,0.000259013613686,769.098707555,0.0041426926,4.76,34.4552286678,0.494,3823
8.0,1.00160050392,0.000258968531853,769.160009029,0.0041426926,4.76,34.4552286678,0.494,3823
8.0,1.00213050842,0.000258973683231,769.221310505,0.0041426926,4.76,34.4552286678,0.494,3823
8.0,1.00222671032,0.000259022723185,769.282612084,0.0041426926,4.76,34.4552286678,0.494,3823
8.0,1.00166237354,0.000258970627328,769.343913566,0.0041426926,4.76,34.4552286678,0.494,3823
8.0,1.00216400623,0.000258979212958,769.405215051,0.0041426926,4.76,34.4552286678,0.494,3823
8.0,1.00197696686,0.000258971471339,769.466516539,0.0041426926,4.76,34.4552286678,0.494,3823
8.0,1.00240492821,0.000259040942183,769.548251861,0.0041426926,4.76,34.4552286678,0.494,3823
8.0,1.00240659714,0.00025905232178,769.609553356,0.0041426926,4.76,34.4552286678,0.494,3823
8.0,1.00331413746,0.000259058986558,769.670854954,0.0041426926,4.76,34.4552286678,0.494,3823
8.0,1.00252521038,0.00025901052868,769.732156455,0.0041426926,4.76,34.4552286678,0.494,3823
8.0,1.00213956833,0.00025904935319,769.793457959,0.0041426926,4.76,34.4552286678,0.494,3823
8.0,1.00261771679,0.000259086868027,769.854759466,0.0041426926,4.76,34.4552286678,0.494,3823
8.0,1.00293588638,0.000259099673713,769.916060976,0.0041426926,4.76,34.4552286678,0.494,3823
8.0,1.0021250248,0.000259080843534,769.977362489,0.0041426926,4.76,34.4552286678,0.494,3823
8.0,1.00248885155,0.00025906812516,770.038664005,0.0041426926,4.76,34.4552286678,0.494,3823
8.0,1.00218164921,0.000259034684859,770.099965524,0.0041426926,4.76,34.4552286678,0.494,3823
8.0,1.00159919262,0.000258956366451,770.161267046,0.0041426926,4.76,34.4552286678,0.494,3823
8.0,1.0020660162,0.000259035616182,770.222568771,0.0041426926,4.76,34.4552286678,0.494,3823
8.0,1.00289916992,0.000259066349827,770.283870299,0.0041426926,4.76,34.4552286678,0.494,3823
8.0,1.00236213207,0.0002589947253,770.34517183,0.0041426926,4.76,34.4552286678,0.494,3823
8.0,1.00229752064,0.000259048334556,770.406473364,0.0041426926,4.76,34.4552286678,0.494,3823
8.0,1.00260055065,0.000259126682067,770.467774901,0.0041426926,4.76,34.4552286678,0.494,3823
8.0,1.00299239159,0.000259127962636,770.529076441,0.0041426926,4.76,34.4552286678,0.494,3823
8.0,1.00280237198,0.000259114283836,770.590377984,0.0041426926,4.76,34.4552286678,0.494,3823
8.0,1.00259327888,0.000259127788013,770.65167953,0.0041426926,4.76,34.4552286678,0.494,3823
8.0,1.00274097919,0.00025904100039,770.712981078,0.0041426926,4.76,34.4552286678,0.494,3823
8.0,1.00254917145,0.000259093532804,770.77428273,0.0041426926,4.76,34.4552286678,0.494,3823
8.0,1.00215542316,0.000259017833741,770.835584285,0.0041426926,4.76,34.4552286678,0.494,3823
8.0,1.00227046013,0.000259060354438,770.896885843,0.0041426926,4.76,34.4552286678,0.494,3823
8.0,1.00184094906,0.000259027234279,770.958187403,0.0041426926,4.76,34.4552286678,0.494,3823
8.0,1.00228714943,0.00025901326444,771.019488967,0.0041426926,4.76,34.4552286678,0.494,3823
8.0,1.00232648849,0.00025908232783,771.080790634,0.0041426926,4.76,34.4552286678,0.494,3823
8.0,1.0023266077,0.000259063235717,771.142092203,0.0041426926,4.76,34.4552286678,0.494,3823
8.0,1.00241971016,0.00025911006378,771.203393676,0.0041426926,4.76,34.4552286678,0.494,3823
8.0,1.00265407562,0.000259155815002,771.264695252,0.0041426926,4.76,34.4552286678,0.494,3823
8.0,1.00213086605,0.000259039603407,771.32599683,0.0041426926,4.76,34.4552286678,0.494,3823
8.0,1.00310397148,0.000259163265582,771.387298612,0.0041426926,4.76,34.4552286678,0.494,3823
8.0,1.00286269188,0.000259079766693,771.448600196,0.0041426926,4.76,34.4552286678,0.494,3823
8.0,1.00266695023,0.000259156076936,771.509901784,0.0041426926,4.76,34.4552286678,0.494,3823
8.0,1.00273442268,0.000259116553934,771.571203374,0.0041426926,4.76,34.4552286678,0.494,3823
8.0,1.00262546539,0.000259080872638,771.632504967,0.0041426926,4.76,34.4552286678,0.494,3823
8.0,1.00238072872,0.000259098073002,771.693806564,0.0041426926,4.76,34.4552286678,0.494,3823
8.0,1.00258255005,0.000259111780906,771.755108163,0.0041426926,4.76,34.4552286678,0.494,3823
8.0,1.00280225277,0.000259123218711,771.816409765,0.0041426926,4.76,34.4552286678,0.494,3823
8.0,1.00331127644,0.000259095599176,771.877711371,0.0041426926,4.76,34.4552286678,0.494,3823
8.0,1.00318706036,0.000259155931417,771.959446949,0.0041426926,4.76,34.4552286678,0.494,3823
8.0,1.00325882435,0.000259143620497,772.020748561,0.0041426926,4.76,34.4552286678,0.494,3823
8.0,1.00318026543,0.000259105610894,772.082050176,0.0041426926,4.76,34.4552286678,0.494,3823
8.0,1.00290799141,0.000259137625108,772.143351794,0.0041426926,4.76,34.4552286678,0.494,3823
8.0,1.00334835052,0.000259159540292,772.204653415,0.0041426926,4.76,34.4552286678,0.494,3823
8.0,1.00381958485,0.000259076768998,772.265955039,0.0041426926,4.76,34.4552286678,0.494,3823
8.0,1.00327813625,0.000259048887528,772.327256766,0.0041426926,4.76,34.4552286678,0.494,3823
8.0,1.00324702263,0.000259081076365,772.388558395,0.0041426926,4.76,34.4552286678,0.494,3823
8.0,1.00326883793,0.000259111082414,772.449860028,0.0041426926,4.76,34.4552286678,0.494,3823
8.0,1.00344312191,0.000259003398241,772.511161664,0.0041426926,4.76,34.4552286678,0.494,3823
8.0,1.00345766544,0.000258982443484,772.572463302,0.0041426926,4.76,34.4552286678,0.494,3823
8.0,1.00329482555,0.000258960586507,772.633764944,0.0041426926,4.76,34.4552286678,0.494,3823
8.0,1.003485322,0.000258981744992,772.695066588,0.0041426926,4.76,34.4552286678,0.494,3823
8.0,1.0035930872,0.000258932675933,772.756368236,0.0041426926,4.76,34.4552286678,0.494,3823
8.0,1.00341629982,0.000258956511971,772.817669986,0.0041426926,4.76,34.4552286678,0.494,3823
8.0,1.00287330151,0.00025895080762,772.899405525,0.0041426926,4.76,34.4552286678,0.494,3823
8.0,1.00307691097,0.000258981948718,772.960707282,0.0041426926,4.76,34.4552286678,0.494,3823
8.0,1.00292348862,0.000258884421783,773.022008842,0.0041426926,4.76,34.4552286678,0.494,3823
8.0,1.00310003757,0.000259024178376,773.083310505,0.0041426926,4.76,34.4552286678,0.494,3823
8.0,1.00267899036,0.000258962070802,773.144612171,0.0041426926,4.76,34.4552286678,0.494,3823
8.0,1.00259852409,0.000258867366938,773.20591384,0.0041426926,4.76,34.4552286678,0.494,3823
8.0,1.00292205811,0.000258935062448,773.267215712,0.0041426926,4.76,34.4552286678,0.494,3823
8.0,1.00278913975,0.00025879390887,773.328517387,0.0041426926,4.76,34.4552286678,0.494,3823
8.0,1.00239086151,0.000258879183093,773.389819065,0.0041426926,4.76,34.4552286678,0.494,3823
8.0,1.00214552879,0.000258854124695,773.451120745,0.0041426926,4.76,34.4552286678,0.494,3823
8.0,1.00221335888,0.000258885178482,773.512422429,0.0041426926,4.76,34.4552286678,0.494,3823
8.0,1.00248670578,0.000258868269157,773.573724115,0.0041426926,4.76,34.4552286678,0.494,3823
8.0,1.00234615803,0.000258915883023,773.635025805,0.0041426926,4.76,34.4552286678,0.494,3823
8.0,1.00229072571,0.00025883197668,773.696327497,0.0041426926,4.76,34.4552286678,0.494,3823
8.0,1.00200617313,0.000258913816651,773.757629192,0.0041426926,4.76,34.4552286678,0.494,3823
8.0,1.002379179,0.000258852145635,773.818930891,0.0041426926,4.76,34.4552286678,0.494,3823
8.0,1.00209712982,0.000258857297013,773.880232692,0.0041426926,4.76,34.4552286678,0.494,3823
8.0,1.00241887569,0.000258871965343,773.941534396,0.0041426926,4.76,34.4552286678,0.494,3823
8.0,1.00273227692,0.000258833577391,774.002836103,0.0041426926,4.76,34.4552286678,0.494,3823
8.0,1.00286924839,0.000258849089732,774.064137813,0.0041426926,4.76,34.4552286678,0.494,3823
8.0,1.00199782848,0.000258850224782,774.125439525,0.0041426926,4.76,34.4552286678,0.494,3823
8.0,1.00238764286,0.000258945423411,774.186741341,0.0041426926,4.76,34.4552286678,0.494,3823
8.0,1.00162601471,0.000258785032202,774.24804306,0.0041426926,4.76,34.4552286678,0.494,3823
8.0,1.00226402283,0.00025884291972,774.309344781,0.0041426926,4.76,34.4552286678,0.494,3823
8.0,1.00168371201,0.000258743268205,774.370646405,0.0041426926,4.76,34.4552286678,0.494,3823
8.0,1.00222170353,0.000258860934991,774.431948333,0.0041426926,4.76,34.4552286678,0.494,3823
8.0,1.00224888325,0.000258818763541,774.493250063,0.0041426926,4.76,34.4552286678,0.494,3823
8.0,1.00238013268,0.000258790096268,774.554551796,0.0041426926,4.76,34.4552286678,0.494,3823
8.0,1.00211751461,0.00025873008417,774.615853532,0.0041426926,4.76,34.4552286678,0.494,3823
8.0,1.00179719925,0.000258790241787,774.677155271,0.0041426926,4.76,34.4552286678,0.494,3823
8.0,1.00186383724,0.000258787797065,774.738457013,0.0041426926,4.76,34.4552286678,0.494,3823
8.0,1.00132608414,0.000258766667685,774.799758757,0.0041426926,4.76,34.4552286678,0.494,3823
8.0,1.00184512138,0.000258743413724,774.861060505,0.0041426926,4.76,34.4552286678,0.494,3823
8.0,1.00238215923,0.000258719141129,774.942796273,0.0041426926,4.76,34.4552286678,0.494,3823
8.0,1.00204074383,0.000258774583926,775.004098027,0.0041426926,4.76,34.4552286678,0.494,3823
8.0,1.00224161148,0.000258740910795,775.065399785,0.0041426926,4.76,34.4552286678,0.494,3823
8.0,1.00224256516,0.000258728192421,775.126701545,0.0041426926,4.76,34.4552286678,0.494,3823
8.0,1.00186049938,0.00025872598053,775.188003308,0.0041426926,4.76,34.4552286678,0.494,3823
8.0,1.00147867203,0.000258667714661,775.249305074,0.0041426926,4.76,34.4552286678,0.494,3823
8.0,1.00238966942,0.000258800340816,775.310606842,0.0041426926,4.76,34.4552286678,0.494,3823
8.0,1.00219154358,0.000258736603428,775.371908714,0.0041426926,4.76,34.4552286678,0.494,3823
8.0,1.00259160995,0.000258770218352,775.433210489,0.0041426926,4.76,34.4552286678,0.494,3823
8.0,1.00178849697,0.000258637417573,775.494512266,0.0041426926,4.76,34.4552286678,0.494,3823
8.0,1.00198972225,0.000258689804468,775.555814046,0.0041426926,4.76,34.4552286678,0.494,3823
8.0,1.00145077705,0.000258651038166,775.61711583,0.0041426926,4.76,34.4552286678,0.494,3823
8.0,1.00176644325,0.000258643791312,775.678417616,0.0041426926,4.76,34.4552286678,0.494,3823
8.0,1.00176823139,0.000258709478658,775.739719405,0.0041426926,4.76,34.4552286678,0.494,3823
8.0,1.00176155567,0.00025869012461,775.801021196,0.0041426926,4.76,34.4552286678,0.494,3823
8.0,1.00148701668,0.000258609215962,775.862322991,0.0041426926,4.76,34.4552286678,0.494,3823
8.0,1.00050842762,0.000258573156316,775.923624889,0.0041426926,4.76,34.4552286678,0.494,3823
8.0,1.00125253201,0.000258590094745,775.984926789,0.0041426926,4.76,34.4552286678,0.494,3823
8.0,1.00103163719,0.000258621847024,776.046228592,0.0041426926,4.76,34.4552286678,0.494,3823
8.0,1.00037479401,0.00025853497209,776.107530399,0.0041426926,4.76,34.4552286678,0.494,3823
8.0,1.00066459179,0.000258586136624,776.168832208,0.0041426926,4.76,34.4552286678,0.494,3823
8.0,1.00077736378,0.00025855351123,776.23013402,0.0041426926,4.76,34.4552286678,0.494,3823
8.0,1.00075340271,0.000258649670286,776.291435834,0.0041426926,4.76,34.4552286678,0.494,3823
8.0,1.00022923946,0.00025864620693,776.352737652,0.0041426926,4.76,34.4552286678,0.494,3823
8.0,1.00073182583,0.000258634099737,776.414039472,0.0041426926,4.76,34.4552286678,0.494,3823
8.0,1.00031888485,0.000258508458501,776.475341296,0.0041426926,4.76,34.4552286678,0.494,3823
8.0,1.00121307373,0.000258644489804,776.536643222,0.0041426926,4.76,34.4552286678,0.494,3823
8.0,1.0009098053,0.000258630927419,776.597945051,0.0041426926,4.76,34.4552286678,0.494,3823
8.0,1.00067400932,0.000258576357737,776.659246883,0.0041426926,4.76,34.4552286678,0.494,3823
8.0,1.00059831142,0.000258607586147,776.720548818,0.0041426926,4.76,34.4552286678,0.494,3823
8.0,1.00065636635,0.00025854393607,776.781850655,0.0041426926,4.76,34.4552286678,0.494,3823
8.0,0.999974370003,0.000258524727542,776.843152396,0.0041426926,4.76,34.4552286678,0.494,3823
8.0,1.00026261806,0.000258485291852,776.904454239,0.0041426926,4.76,34.4552286678,0.494,3823
8.0,1.00028157234,0.000258534622844,776.965756085,0.0041426926,4.76,34.4552286678,0.494,3823
8.0,1.00008118153,0.000258502666838,777.027057934,0.0041426926,4.76,34.4552286678,0.494,3823
8.0,1.00017523766,0.00025855912827,777.088359886,0.0041426926,4.76,34.4552286678,0.494,3823
8.0,1.00094878674,0.00025857691071,777.149661841,0.0041426926,4.76,34.4552286678,0.494,3823
8.0,1.00000345707,0.000258463289356,777.210963698,0.0041426926,4.76,34.4552286678,0.494,3823
8.0,0.999915957451,0.000258508196566,777.272265559,0.0041426926,4.76,34.4552286678,0.494,3823
8.0,1.00030171871,0.00025849204394,777.333567422,0.0041426926,4.76,34.4552286678,0.494,3823
8.0,1.00010180473,0.000258415035205,777.394869288,0.0041426926,4.76,34.4552286678,0.494,3823
8.0,0.999817371368,0.000258563057287,777.456171157,0.0041426926,4.76,34.4552286678,0.494,3823
8.0,1.00065374374,0.000258648011368,777.517473029,0.0041426926,4.76,34.4552286678,0.494,3823
8.0,0.999997735023,0.000258539803326,777.578774903,0.0041426926,4.76,34.4552286678,0.494,3823
8.0,1.0003285408,0.000258544983808,777.640076781,0.0041426926,4.76,34.4552286678,0.494,3823
8.0,1.00007557869,0.000258571380982,777.701378761,0.0041426926,4.76,34.4552286678,0.494,3823
8.0,1.00019180775,0.000258574262261,777.762680644,0.0041426926,4.76,34.4552286678,0.494,3823
8.0,1.00048911572,0.000258602638496,777.82398253,0.0041426926,4.76,34.4552286678,0.494,3823
8.0,1.00042974949,0.000258447544184,777.905718382,0.0041426926,4.76,34.4552286678,0.494,3823
8.0,1.00058245659,0.000258573243627,777.967020274,0.0041426926,4.76,34.4552286678,0.494,3823
8.0,1.00045573711,0.000258506770479,778.02832217,0.0041426926,4.76,34.4552286678,0.494,3823
8.0,1.00027441978,0.000258433166891,778.089624168,0.0041426926,4.76,34.4552286678,0.494,3823
8.0,1.00048565865,0.000258421583567,778.150926069,0.0041426926,4.76,34.4552286678,0.494,3823
8.0,1.00066721439,0.000258407410001,778.212227973,0.0041426926,4.76,34.4552286678,0.494,3823
8.0,1.00103795528,0.000258475745795,778.273529879,0.0041426926,4.76,34.4552286678,0.494,3823
8.0,1.00026845932,0.000258365587797,778.334831788,0.0041426926,4.76,34.4552286678,0.494,3823
8.0,1.0003964901,0.000258334184764,778.396133801,0.0041426926,4.76,34.4552286678,0.494,3823
8.0,1.00042068958,0.000258412153926,778.457435716,0.0041426926,4.76,34.4552286678,0.494,3823
8.0,1.00029873848,0.000258421059698,778.518737633,0.0041426926,4.76,34.4552286678,0.494,3823
8.0,1.0002477169,0.000258315325482,778.580039554,0.0041426926,4.76,34.4552286678,0.494,3823
8.0,1.00044167042,0.000258342304733,778.641341577,0.0041426926,4.76,34.4552286678,0.494,3823
8.0,1.00025725365,0.000258299958659,778.702643504,0.0041426926,4.76,34.4552286678,0.494,3823
8.0,1.00018048286,0.000258199754171,778.763945433,0.0041426926,4.76,34.4552286678,0.494,3823
8.0,1.00012350082,0.000258328800555,778.825247365,0.0041426926,4.76,34.4552286678,0.494,3823
8.0,0.999791502953,0.000258271757048,778.886549299,0.0041426926,4.76,34.4552286678,0.494,3823
8.0,1.00049090385,0.000258282729192,778.947851237,0.0041426926,4.76,34.4552286678,0.494,3823
8.0,1.00015807152,0.000258338754065,779.009153177,0.0041426926,4.76,34.4552286678,0.494,3823
8.0,0.999814152718,0.000258210318862,779.07045512,0.0041426926,4.76,34.4552286678,0.494,3823
8.0,0.999999403954,0.000258282525465,779.131757066,0.0041426926,4.76,34.4552286678,0.494,3823
8.0,1.00020861626,0.000258276035311,779.193059014,0.0041426926,4.76,34.4552286678,0.494,3823
8.0,0.999677300453,0.000258251267951,779.254361166,0.0041426926,4.76,34.4552286678,0.494,3823
8.0,0.999389708042,0.000258194631897,779.31566302,0.0041426926,4.76,34.4552286678,0.494,3823
8.0,1.00018334389,0.00025828613434,779.376964977,0.0041426926,4.76,34.4552286678,0.494,3823
8.0,0.99977004528,0.000258237181697,779.438266937,0.0041426926,4.76,34.4552286678,0.494,3823
8.0,0.998904705048,0.000258172978647,779.499568899,0.0041426926,4.76,34.4552286678,0.494,3823
8.0,0.999646067619,0.000258159940131,779.560870865,0.0041426926,4.76,34.4552286678,0.494,3823
8.0,0.998967289925,0.000258170941379,779.622172933,0.0041426926,4.76,34.4552286678,0.494,3823
8.0,0.999564290047,0.000258196640061,779.683474904,0.0041426926,4.76,34.4552286678,0.494,3823
8.0,0.999739527702,0.000258172251051,779.744776877,0.0041426926,4.76,34.4552286678,0.494,3823
8.0,0.999169826508,0.000258085579844,779.806078954,0.0041426926,4.76,34.4552286678,0.494,3823
8.0,0.998660266399,0.000258073181612,779.867380933,0.0041426926,4.76,34.4552286678,0.494,3823
8.0,0.999681890011,0.000258151936578,779.928682915,0.0041426926,4.76,34.4552286678,0.494,3823
8.0,0.999331176281,0.000258104264503,779.9899849,0.0041426926,4.76,34.4552286678,0.494,3823
8.0,0.99905025959,0.00025812262902,780.051286887,0.0041426926,4.76,34.4552286678,0.494,3823
8.0,0.999052405357,0.000258172367467,780.112588878,0.0041426926,4.76,34.4552286678,0.494,3823
8.0,0.999278008938,0.000258067884715,780.173890871,0.0041426926,4.76,34.4552286678,0.494,3823
8.0,0.999985814095,0.000258071813732,780.235192867,0.0041426926,4.76,34.4552286678,0.494,3823
8.0,0.99920809269,0.000258017971646,780.296494865,0.0041426926,4.76,34.4552286678,0.494,3823
8.0,0.999927163124,0.000258028623648,780.357796866,0.0041426926,4.76,34.4552286678,0.494,3823
8.0,0.999063968658,0.000258074112935,780.419099071,0.0041426926,4.76,34.4552286678,0.494,3823
8.0,0.998936533928,0.000257970852545,780.480401078,0.0041426926,4.76,34.4552286678,0.494,3823
8.0,0.999280333519,0.00025806989288,780.541703087,0.0041426926,4.76,34.4552286678,0.494,3823
8.0,0.999838471413,0.000258132669842,780.6030051,0.0041426926,4.76,34.4552286678,0.494,3823
8.0,0.999799609184,0.000258080486674,780.664307015,0.0041426926,4.76,34.4552286678,0.494,3823
8.0,0.99920809269,0.000258004962234,780.725609033,0.0041426926,4.76,34.4552286678,0.494,3823
8.0,0.999326705933,0.000258015905274,780.786911053,0.0041426926,4.76,34.4552286678,0.494,3823
8.0,0.999660611153,0.000258052168647,780.868647185,0.0041426926,4.76,34.4552286678,0.494,3823
8.0,0.998958647251,0.000257998646703,780.950383222,0.0041426926,4.76,34.4552286678,0.494,3823
8.0,0.999174058437,0.000257997948211,781.011685252,0.0041426926,4.76,34.4552286678,0.494,3823
8.0,0.999058306217,0.000258013489656,781.072987286,0.0041426926,4.76,34.4552286678,0.494,3823
8.0,0.999670505524,0.000257948762737,781.134289322,0.0041426926,4.76,34.4552286678,0.494,3823
8.0,0.999707579613,0.000258018088061,781.195591561,0.0041426926,4.76,34.4552286678,0.494,3823
8.0,0.99897891283,0.000257998442976,781.256893503,0.0041426926,4.76,34.4552286678,0.494,3823
8.0,0.999254882336,0.000258029293036,781.318195547,0.0041426926,4.76,34.4552286678,0.494,3823
8.0,0.999451398849,0.000257999956375,781.379497594,0.0041426926,4.76,34.4552286678,0.494,3823
8.0,0.999426841736,0.000257995328866,781.440799644,0.0041426926,4.76,34.4552286678,0.494,3823
8.0,0.999167442322,0.000257999170572,781.502101797,0.0041426926,4.76,34.4552286678,0.494,3823
8.0,0.998958170414,0.000257929175859,781.563403852,0.0041426926,4.76,34.4552286678,0.494,3823
8.0,0.999211907387,0.000257787789451,781.62470591,0.0041426926,4.76,34.4552286678,0.494,3823
8.0,0.998973846436,0.000257866806351,781.686007971,0.0041426926,4.76,34.4552286678,0.494,3823
8.0,0.999491453171,0.000257891922956,781.747310135,0.0041426926,4.76,34.4552286678,0.494,3823
8.0,0.99920374155,0.000257814594079,781.808612201,0.0041426926,4.76,34.4552286678,0.494,3823
8.0,0.999415040016,0.000257770414464,781.86991427,0.0041426926,4.76,34.4552286678,0.494,3823
8.0,0.999095857143,0.000257764331764,781.931216342,0.0041426926,4.76,34.4552286678,0.494,3823
8.0,0.999153494835,0.000257727282587,781.992518416,0.0041426926,4.76,34.4552286678,0.494,3823
8.0,0.99971807003,0.000257827719906,782.053820493,0.0041426926,4.76,34.4552286678,0.494,3823
8.0,0.999177515507,0.000257815525401,782.115122573,0.0041426926,4.76,34.4552286678,0.494,3823
8.0,0.999013960361,0.00025785114849,782.176424656,0.0041426926,4.76,34.4552286678,0.494,3823
8.0,0.999475896358,0.000257838779362,782.299029029,0.0041426926,4.76,34.4552286678,0.494,3823
8.0,0.999426066875,0.000257836014498,782.360331119,0.0041426926,4.76,34.4552286678,0.494,3823
8.0,0.999751806259,0.000257777748629,782.421633213,0.0041426926,4.76,34.4552286678,0.494,3823
8.0,0.99953520298,0.000257767387666,782.482935309,0.0041426926,4.76,34.4552286678,0.494,3823
8.0,1.00015389919,0.000257840350969,782.544237408,0.0041426926,4.76,34.4552286678,0.494,3823
8.0,0.999443888664,0.000257736159256,782.605539409,0.0041426926,4.76,34.4552286678,0.494,3823
8.0,0.999571859837,0.000257801439147,782.666841613,0.0041426926,4.76,34.4552286678,0.494,3823
8.0,0.99933475256,0.00025777486735,782.72814372,0.0041426926,4.76,34.4552286678,0.494,3823
8.0,0.999910712242,0.000257743435213,782.78944583,0.0041426926,4.76,34.4552286678,0.494,3823
8.0,0.999898672104,0.000257772218902,782.850747942,0.0041426926,4.76,34.4552286678,0.494,3823
8.0,0.999699831009,0.000257780659012,782.912050157,0.0041426926,4.76,34.4552286678,0.494,3823
8.0,0.999884009361,0.000257883948507,782.973352275,0.0041426926,4.76,34.4552286678,0.494,3823
8.0,0.999901533127,0.000257870968198,783.034654395,0.0041426926,4.76,34.4552286678,0.494,3823
8.0,0.999934911728,0.000257931300439,783.095956518,0.0041426926,4.76,34.4552286678,0.494,3823
8.0,1.00018084049,0.000257945444901,783.157258644,0.0041426926,4.76,34.4552286678,0.494,3823
8.0,0.999390542507,0.000257861422142,783.218560772,0.0041426926,4.76,34.4552286678,0.494,3823
8.0,0.999250531197,0.000257853302173,783.279862903,0.0041426926,4.76,34.4552286678,0.494,3823
8.0,0.999964356422,0.00025790167274,783.341165037,0.0041426926,4.76,34.4552286678,0.494,3823
8.0,0.999067902565,0.000257780542597,783.402467174,0.0041426926,4.76,34.4552286678,0.494,3823
8.0,1.00020992756,0.000257885141764,783.463769513,0.0041426926,4.76,34.4552286678,0.494,3823
8.0,1.0005133152,0.000257890089415,783.525071654,0.0041426926,4.76,34.4552286678,0.494,3823
8.0,1.00003898144,0.000257867213804,783.586373799,0.0041426926,4.76,34.4552286678,0.494,3823
8.0,1.00005173683,0.000257810315816,783.647675946,0.0041426926,4.76,34.4552286678,0.494,3823
8.0,1.0004914999,0.000257842999417,783.708978096,0.0041426926,4.76,34.4552286678,0.494,3823
8.0,1.00012719631,0.000257820734987,783.770280148,0.0041426926,4.76,34.4552286678,0.494,3823
8.0,1.00006437302,0.00025775708491,783.852016456,0.0041426926,4.76,34.4552286678,0.494,3823
8.0,0.999925374985,0.000257795589278,783.913318614,0.0041426926,4.76,34.4552286678,0.494,3823
8.0,0.999973535538,0.000257734296611,783.974620776,0.0041426926,4.76,34.4552286678,0.494,3823
8.0,1.00019574165,0.000257808715105,784.03592304,0.0041426926,4.76,34.4552286678,0.494,3823
8.0,1.00091552734,0.000257861189311,784.097225206,0.0041426926,4.76,34.4552286678,0.494,3823
8.0,1.00047981739,0.000257794832578,784.158527376,0.0041426926,4.76,34.4552286678,0.494,3823
8.0,1.00063979626,0.000257757172221,784.219829548,0.0041426926,4.76,34.4552286678,0.494,3823
8.0,0.999922633171,0.000257665669778,784.281131722,0.0041426926,4.76,34.4552286678,0.494,3823
8.0,1.00021052361,0.000257776729995,784.3424339,0.0041426926,4.76,34.4552286678,0.494,3823
8.0,1.00074398518,0.000257763429545,784.40373608,0.0041426926,4.76,34.4552286678,0.494,3823
8.0,1.00056099892,0.000257763953414,784.465038362,0.0041426926,4.76,34.4552286678,0.494,3823
8.0,1.0008790493,0.000257711741142,784.526340547,0.0041426926,4.76,34.4552286678,0.494,3823
8.0,1.00059223175,0.00025776878465,784.587642735,0.0041426926,4.76,34.4552286678,0.494,3823
8.0,1.0006159544,0.000257682229858,784.648944926,0.0041426926,4.76,34.4552286678,0.494,3823
8.0,1.0007276535,0.000257745967247,784.710247119,0.0041426926,4.76,34.4552286678,0.494,3823
8.0,1.00025033951,0.000257691019215,784.771549315,0.0041426926,4.76,34.4552286678,0.494,3823
8.0,1.00106871128,0.000257658393821,784.832851513,0.0041426926,4.76,34.4552286678,0.494,3823
8.0,1.00079119205,0.000257677835179,784.894153714,0.0041426926,4.76,34.4552286678,0.494,3823
8.0,1.00083994865,0.000257715844782,784.955455918,0.0041426926,4.76,34.4552286678,0.494,3823
8.0,1.00048470497,0.000257641571807,785.016758324,0.0041426926,4.76,34.4552286678,0.494,3823
8.0,1.00044727325,0.000257710751612,785.078060433,0.0041426926,4.76,34.4552286678,0.494,3823
8.0,1.00116205215,0.000257607694948,785.139362644,0.0041426926,4.76,34.4552286678,0.494,3823
8.0,1.00077223778,0.000257664534729,785.200664958,0.0041426926,4.76,34.4552286678,0.494,3823
8.0,1.00068724155,0.000257652864093,785.261967175,0.0041426926,4.76,34.4552286678,0.494,3823
8.0,1.00075554848,0.000257589679677,785.323269395,0.0041426926,4.76,34.4552286678,0.494,3823
8.0,1.0002720356,0.000257606850937,785.384571617,0.0041426926,4.76,34.4552286678,0.494,3823
8.0,1.00102901459,0.000257666019024,785.445873841,0.0041426926,4.76,34.4552286678,0.494,3823
8.0,1.00100183487,0.000257591455011,785.507176069,0.0041426926,4.76,34.4552286678,0.494,3823
8.0,1.00158381462,0.000257622479694,785.568478299,0.0041426926,4.76,34.4552286678,0.494,3823
8.0,1.00131046772,0.000257578241872,785.629780631,0.0041426926,4.76,34.4552286678,0.494,3823
8.0,1.00082588196,0.000257541658357,785.691082866,0.0041426926,4.76,34.4552286678,0.494,3823
8.0,1.00069177151,0.000257564010099,785.752385104,0.0041426926,4.76,34.4552286678,0.494,3823
8.0,1.00041639805,0.000257608422544,785.813687344,0.0041426926,4.76,34.4552286678,0.494,3823
8.0,1.00098252296,0.000257531006355,785.874989587,0.0041426926,4.76,34.4552286678,0.494,3823
8.0,1.00101983547,0.0002575685794,785.936291833,0.0041426926,4.76,34.4552286678,0.494,3823
8.0,1.00082921982,0.000257567327935,785.997594081,0.0041426926,4.76,34.4552286678,0.494,3823
8.0,1.00105714798,0.000257580715697,786.058896331,0.0041426926,4.76,34.4552286678,0.494,3823
8.0,1.00167512894,0.00025763179292,786.120198585,0.0041426926,4.76,34.4552286678,0.494,3823
8.0,1.00148916245,0.000257534440607,786.181500941,0.0041426926,4.76,34.4552286678,0.494,3823
8.0,1.00179123878,0.00025754107628,786.242803299,0.0041426926,4.76,34.4552286678,0.494,3823
8.0,1.00158059597,0.00025760664721,786.30410556,0.0041426926,4.76,34.4552286678,0.494,3823
8.0,1.00115263462,0.00025762655423,786.365407724,0.0041426926,4.76,34.4552286678,0.494,3823
8.0,1.00168526173,0.000257472303929,786.447144079,0.0041426926,4.76,34.4552286678,0.494,3823
8.0,1.00160598755,0.000257492240053,786.508446349,0.0041426926,4.76,34.4552286678,0.494,3823
8.0,1.00154578686,0.000257442210568,786.569748621,0.0041426926,4.76,34.4552286678,0.494,3823
8.0,1.00147330761,0.000257554464042,786.631051096,0.0041426926,4.76,34.4552286678,0.494,3823
8.0,1.00148749352,0.000257555424469,786.692353374,0.0041426926,4.76,34.4552286678,0.494,3823
8.0,1.00148129463,0.000257619481999,786.753655654,0.0041426926,4.76,34.4552286678,0.494,3823
8.0,1.00178086758,0.000257587293163,786.835391931,0.0041426926,4.76,34.4552286678,0.494,3823
8.0,1.00135850906,0.000257576699369,786.896694317,0.0041426926,4.76,34.4552286678,0.494,3823
8.0,1.00146472454,0.000257646606769,786.957996606,0.0041426926,4.76,34.4552286678,0.494,3823
8.0,1.0012460947,0.000257531675743,787.019298897,0.0041426926,4.76,34.4552286678,0.494,3823
8.0,1.00135445595,0.000257609615801,787.080601291,0.0041426926,4.76,34.4552286678,0.494,3823
8.0,1.00123095512,0.000257580541074,787.141903587,0.0041426926,4.76,34.4552286678,0.494,3823
8.0,1.00151407719,0.000257607345702,787.203205886,0.0041426926,4.76,34.4552286678,0.494,3823
8.0,1.00168550014,0.000257567473454,787.264508187,0.0041426926,4.76,34.4552286678,0.494,3823
8.0,1.0013614893,0.000257592386333,787.346244493,0.0041426926,4.76,34.4552286678,0.494,3823
8.0,1.00249874592,0.000257761916146,787.407547,0.0041426926,4.76,34.4552286678,0.494,3823
8.0,1.00095057487,0.000257569685346,787.46884931,0.0041426926,4.76,34.4552286678,0.494,3823
8.0,1.00130903721,0.000257523031905,787.530151623,0.0041426926,4.76,34.4552286678,0.494,3823
8.0,1.00126957893,0.000257515202975,787.591453938,0.0041426926,4.76,34.4552286678,0.494,3823
8.0,1.0015681982,0.000257510924712,787.652756255,0.0041426926,4.76,34.4552286678,0.494,3823
8.0,1.00167644024,0.000257612991845,787.714058576,0.0041426926,4.76,34.4552286678,0.494,3823
8.0,1.00115835667,0.000257504812907,787.775360898,0.0041426926,4.76,34.4552286678,0.494,3823
8.0,1.00134861469,0.000257518666331,787.836663223,0.0041426926,4.76,34.4552286678,0.494,3823
8.0,1.00082957745,0.000257515202975,787.897965551,0.0041426926,4.76,34.4552286678,0.494,3823
8.0,1.00117385387,0.000257520237938,787.959267981,0.0041426926,4.76,34.4552286678,0.494,3823
8.0,1.00113248825,0.000257477775449,788.020570314,0.0041426926,4.76,34.4552286678,0.494,3823
8.0,1.00102186203,0.000257412932115,788.08187265,0.0041426926,4.76,34.4552286678,0.494,3823
8.0,1.00063061714,0.000257430365309,788.143174988,0.0041426926,4.76,34.4552286678,0.494,3823
8.0,1.0004901886,0.000257395324297,788.204477328,0.0041426926,4.76,34.4552286678,0.494,3823
8.0,1.0009304285,0.000257421459537,788.265779671,0.0041426926,4.76,34.4552286678,0.494,3823
8.0,1.00088989735,0.000257496925769,788.327082016,0.0041426926,4.76,34.4552286678,0.494,3823
8.0,1.00038874149,0.000257428211626,788.388384364,0.0041426926,4.76,34.4552286678,0.494,3823
8.0,1.000426054,0.000257417850662,788.449686715,0.0041426926,4.76,34.4552286678,0.494,3823
8.0,1.00041902065,0.000257400941337,788.510989068,0.0041426926,4.76,34.4552286678,0.494,3823
8.0,1.00037395954,0.000257390202023,788.572291623,0.0041426926,4.76,34.4552286678,0.494,3823
8.0,1.00086724758,0.000257359468378,788.633593981,0.0041426926,4.76,34.4552286678,0.494,3823
8.0,1.00047373772,0.000257402745774,788.694896342,0.0041426926,4.76,34.4552286678,0.494,3823
8.0,1.00089550018,0.000257393781794,788.756198705,0.0041426926,4.76,34.4552286678,0.494,3823
8.0,1.00098192692,0.00025743668084,788.817501071,0.0041426926,4.76,34.4552286678,0.494,3823
8.0,1.00064468384,0.000257392181084,788.878803439,0.0041426926,4.76,34.4552286678,0.494,3823
8.0,1.00056695938,0.000257387117017,788.940105809,0.0041426926,4.76,34.4552286678,0.494,3823
8.0,1.00043618679,0.000257345702266,789.001408182,0.0041426926,4.76,34.4552286678,0.494,3823
8.0,0.999970436096,0.000257357198279,789.062710558,0.0041426926,4.76,34.4552286678,0.494,3823
8.0,1.00083220005,0.000257300358498,789.144447163,0.0041426926,4.76,34.4552286678,0.494,3823
8.0,0.999868035316,0.00025729634217,789.205749544,0.0041426926,4.76,34.4552286678,0.494,3823
8.0,1.00037074089,0.000257301115198,789.267051928,0.0041426926,4.76,34.4552286678,0.494,3823
8.0,1.0003579855,0.000257308682194,789.328354315,0.0041426926,4.76,34.4552286678,0.494,3823
8.0,1.00056409836,0.000257311417954,789.389656704,0.0041426926,4.76,34.4552286678,0.494,3823
8.0,1.00053787231,0.000257337320363,789.450959095,0.0041426926,4.76,34.4552286678,0.494,3823
8.0,1.00004863739,0.000257301260717,789.512261489,0.0041426926,4.76,34.4552286678,0.494,3823
8.0,1.00015079975,0.000257261301158,789.573563985,0.0041426926,4.76,34.4552286678,0.494,3823
8.0,0.999760866165,0.000257219362538,789.634866384,0.0041426926,4.76,34.4552286678,0.494,3823
8.0,1.00001335144,0.000257275358308,789.696168785,0.0041426926,4.76,34.4552286678,0.494,3823
8.0,0.999860286713,0.000257219508057,789.757471189,0.0041426926,4.76,34.4552286678,0.494,3823
8.0,1.00013399124,0.000257276522461,789.839207732,0.0041426926,4.76,34.4552286678,0.494,3823
8.0,0.999930262566,0.000257187988609,789.900510141,0.0041426926,4.76,34.4552286678,0.494,3823
8.0,0.999536991119,0.000257217063336,789.961812653,0.0041426926,4.76,34.4552286678,0.494,3823
8.0,0.999767184258,0.000257216684986,790.023115068,0.0041426926,4.76,34.4552286678,0.494,3823
8.0,0.999796509743,0.000257207168033,790.084417585,0.0041426926,4.76,34.4552286678,0.494,3823
8.0,0.999687671661,0.000257239822531,790.145719904,0.0041426926,4.76,34.4552286678,0.494,3823
8.0,0.999796152115,0.000257211620919,790.207022326,0.0041426926,4.76,34.4552286678,0.494,3823
8.0,0.999323189259,0.000257147417869,790.26832475,0.0041426926,4.76,34.4552286678,0.494,3823
8.0,0.99917525053,0.000257128325757,790.329627177,0.0041426926,4.76,34.4552286678,0.494,3823
8.0,0.999435722828,0.000257093895925,790.390929607,0.0041426926,4.76,34.4552286678,0.494,3823
8.0,0.999238371849,0.000257058971329,790.452232138,0.0041426926,4.76,34.4552286678,0.494,3823
8.0,0.999539554119,0.000257101695752,790.513534673,0.0041426926,4.76,34.4552286678,0.494,3823
8.0,0.999061346054,0.000257073290413,790.574837109,0.0041426926,4.76,34.4552286678,0.494,3823
8.0,0.999004304409,0.000257155566942,790.636139548,0.0041426926,4.76,34.4552286678,0.494,3823
8.0,0.999399185181,0.000257117062574,790.69744199,0.0041426926,4.76,34.4552286678,0.494,3823
8.0,0.999236285686,0.000257139385212,790.758744434,0.0041426926,4.76,34.4552286678,0.494,3823
8.0,0.998893082142,0.000257028936176,790.82004688,0.0041426926,4.76,34.4552286678,0.494,3823
8.0,0.999189674854,0.000257071893429,790.881349329,0.0041426926,4.76,34.4552286678,0.494,3823
8.0,0.998994350433,0.000257059291471,790.942651781,0.0041426926,4.76,34.4552286678,0.494,3823
8.0,0.998682796955,0.000257068488281,791.003954234,0.0041426926,4.76,34.4552286678,0.494,3823
8.0,0.999094247818,0.000257020146819,791.06525669,0.0041426926,4.76,34.4552286678,0.494,3823
8.0,0.997982442379,0.000257041014265,791.126559249,0.0041426926,4.76,34.4552286678,0.494,3823
8.0,0.998302578926,0.000257045583567,791.18786171,0.0041426926,4.76,34.4552286678,0.494,3823
8.0,0.998500227928,0.000257005420281,791.249164274,0.0041426926,4.76,34.4552286678,0.494,3823
8.0,0.99829441309,0.000257012812654,791.31046674,0.0041426926,4.76,34.4552286678,0.494,3823
8.0,0.998056590557,0.000257031992078,791.371769208,0.0041426926,4.76,34.4552286678,0.494,3823
8.0,0.99910992384,0.000257110456005,791.433071579,0.0041426926,4.76,34.4552286678,0.494,3823
8.0,0.997787237167,0.000257044041064,791.494374052,0.0041426926,4.76,34.4552286678,0.494,3823
8.0,0.998164832592,0.000256985222222,791.555676527,0.0041426926,4.76,34.4552286678,0.494,3823
8.0,0.998254239559,0.000256947270827,791.616979105,0.0041426926,4.76,34.4552286678,0.494,3823
8.0,0.997583448887,0.000256940809777,791.678281686,0.0041426926,4.76,34.4552286678,0.494,3823
8.0,0.997860133648,0.000256977422396,791.739584168,0.0041426926,4.76,34.4552286678,0.494,3823
8.0,0.997735083103,0.000256929110037,791.800886654,0.0041426926,4.76,34.4552286678,0.494,3823
8.0,0.998081147671,0.000256933271885,791.862189141,0.0041426926,4.76,34.4552286678,0.494,3823
8.0,0.997905194759,0.000256836676272,791.964359959,0.0041426926,4.76,34.4552286678,0.494,3823
8.0,0.998056054115,0.000256881758105,792.025662453,0.0041426926,4.76,34.4552286678,0.494,3823
8.0,0.997842073441,0.000256823579548,792.08696495,0.0041426926,4.76,34.4552286678,0.494,3823
8.0,0.998209357262,0.000256947125308,792.148267449,0.0041426926,4.76,34.4552286678,0.494,3823
8.0,0.997488737106,0.000256798550254,792.20956995,0.0041426926,4.76,34.4552286678,0.494,3823
8.0,0.99776506424,0.000256809173152,792.270872453,0.0041426926,4.76,34.4552286678,0.494,3823
8.0,0.997830271721,0.000256751693087,792.332175059,0.0041426926,4.76,34.4552286678,0.494,3823
8.0,0.997635006905,0.000256776984315,792.393477568,0.0041426926,4.76,34.4552286678,0.494,3823
8.0,0.99740087986,0.000256892322795,792.454780179,0.0041426926,4.76,34.4552286678,0.494,3823
8.0,0.996952235699,0.000256747123785,792.516082692,0.0041426926,4.76,34.4552286678,0.494,3823
8.0,0.997196376324,0.000256729283137,792.577385207,0.0041426926,4.76,34.4552286678,0.494,3823
8.0,0.997236132622,0.000256809522398,792.638687725,0.0041426926,4.76,34.4552286678,0.494,3823
8.0,0.996764957905,0.000256785366219,792.699990245,0.0041426926,4.76,34.4552286678,0.494,3823
8.0,0.997476100922,0.000256811414147,792.781726843,0.0041426926,4.76,34.4552286678,0.494,3823
8.0,0.997005581856,0.000256777799223,792.843029569,0.0041426926,4.76,34.4552286678,0.494,3823
8.0,0.997043430805,0.000256837549387,792.904332097,0.0041426926,4.76,34.4552286678,0.494,3823
8.0,0.99670112133,0.000256745290244,792.965634627,0.0041426926,4.76,34.4552286678,0.494,3823
8.0,0.996881246567,0.000256805185927,793.02693716,0.0041426926,4.76,34.4552286678,0.494,3823
8.0,0.997076928616,0.000256811355939,793.088239696,0.0041426926,4.76,34.4552286678,0.494,3823
8.0,0.996318042278,0.000256793544395,793.149542233,0.0041426926,4.76,34.4552286678,0.494,3823
8.0,0.996657669544,0.000256678293226,793.210844773,0.0041426926,4.76,34.4552286678,0.494,3823
8.0,0.996547520161,0.000256774859736,793.272147316,0.0041426926,4.76,34.4552286678,0.494,3823
8.0,0.996658146381,0.000256764033111,793.33344986,0.0041426926,4.76,34.4552286678,0.494,3823
8.0,0.996437728405,0.000256709667156,793.394752407,0.0041426926,4.76,34.4552286678,0.494,3823
8.0,0.996816635132,0.000256738188909,793.456055057,0.0041426926,4.76,34.4552286678,0.494,3823
8.0,0.996945619583,0.000256791332504,793.537791793,0.0041426926,4.76,34.4552286678,0.494,3823
8.0,0.996697187424,0.000256757222814,793.599094348,0.0041426926,4.76,34.4552286678,0.494,3823
8.0,0.996504485607,0.000256719940808,793.660396905,0.0041426926,4.76,34.4552286678,0.494,3823
8.0,0.996534407139,0.000256721395999,793.721699465,0.0041426926,4.76,34.4552286678,0.494,3823
8.0,0.996088683605,0.000256709638052,793.783002027,0.0041426926,4.76,34.4552286678,0.494,3823
8.0,0.995653152466,0.000256682396866,793.844304791,0.0041426926,4.76,34.4552286678,0.494,3823
8.0,0.996131360531,0.000256713130511,793.905607257,0.0041426926,4.76,34.4552286678,0.494,3823
8.0,0.996493041515,0.000256756815361,793.966909826,0.0041426926,4.76,34.4552286678,0.494,3823
8.0,0.996289551258,0.000256736937445,794.028212397,0.0041426926,4.76,34.4552286678,0.494,3823
8.0,0.996386408806,0.000256758474279,794.089514971,0.0041426926,4.76,34.4552286678,0.494,3823
8.0,0.99588483572,0.000256657629507,794.150817547,0.0041426926,4.76,34.4552286678,0.494,3823
8.0,0.996488928795,0.000256709521636,794.212120225,0.0041426926,4.76,34.4552286678,0.494,3823
8.0,0.996012270451,0.000256677158177,794.273422806,0.0041426926,4.76,34.4552286678,0.494,3823
8.0,0.995967566967,0.000256662460743,794.334725388,0.0041426926,4.76,34.4552286678,0.494,3823
8.0,0.995952069759,0.000256687373621,794.396028074,0.0041426926,4.76,34.4552286678,0.494,3823
8.0,0.996128678322,0.000256686500506,794.457330661,0.0041426926,4.76,34.4552286678,0.494,3823
8.0,0.995531618595,0.000256663159234,794.518633251,0.0041426926,4.76,34.4552286678,0.494,3823
8.0,0.995867788792,0.000256629107753,794.579935843,0.0041426926,4.76,34.4552286678,0.494,3823
8.0,0.995929598808,0.000256648520008,794.641238437,0.0041426926,4.76,34.4552286678,0.494,3823
8.0,0.99519854784,0.000256641767919,794.702541034,0.0041426926,4.76,34.4552286678,0.494,3823
8.0,0.99634128809,0.000256662373431,794.763843633,0.0041426926,4.76,34.4552286678,0.494,3823
8.0,0.99601650238,0.000256675004493,794.825146234,0.0041426926,4.76,34.4552286678,0.494,3823
8.0,0.995920777321,0.000256664701737,794.886448838,0.0041426926,4.76,34.4552286678,0.494,3823
8.0,0.995865821838,0.000256668427028,794.947751444,0.0041426926,4.76,34.4552286678,0.494,3823
8.0,0.995623350143,0.000256629951764,795.009054252,0.0041426926,4.76,34.4552286678,0.494,3823
8.0,0.995955765247,0.000256695260759,795.070356862,0.0041426926,4.76,34.4552286678,0.494,3823
8.0,0.996014356613,0.000256671512034,795.131659475,0.0041426926,4.76,34.4552286678,0.494,3823
8.0,0.995862424374,0.000256663101027,795.19296209,0.0041426926,4.76,34.4552286678,0.494,3823
8.0,0.995834290981,0.000256641767919,795.254264608,0.0041426926,4.76,34.4552286678,0.494,3823
8.0,0.995999336243,0.000256688304944,795.315567227,0.0041426926,4.76,34.4552286678,0.494,3823
8.0,0.996457219124,0.000256706494838,795.376869949,0.0041426926,4.76,34.4552286678,0.494,3823
8.0,0.996725022793,0.000256715749856,795.438172573,0.0041426926,4.76,34.4552286678,0.494,3823
8.0,0.996943593025,0.00025667832233,795.4994752,0.0041426926,4.76,34.4552286678,0.494,3823
8.0,0.996628165245,0.000256655359408,795.560777828,0.0041426926,4.76,34.4552286678,0.494,3823
8.0,0.996334552765,0.00025667771115,795.622080559,0.0041426926,4.76,34.4552286678,0.494,3823
8.0,0.995994746685,0.000256646424532,795.683383193,0.0041426926,4.76,34.4552286678,0.494,3823
8.0,0.996567547321,0.000256660627201,795.76512004,0.0041426926,4.76,34.4552286678,0.494,3823
8.0,0.996181368828,0.000256621686276,795.826422679,0.0041426926,4.76,34.4552286678,0.494,3823
8.0,0.99692940712,0.000256707688095,795.88772532,0.0041426926,4.76,34.4552286678,0.494,3823
8.0,0.997078895569,0.000256716302829,795.949027963,0.0041426926,4.76,34.4552286678,0.494,3823
8.0,0.996703147888,0.000256657745922,796.010330708,0.0041426926,4.76,34.4552286678,0.494,3823
8.0,0.997672736645,0.000256744737271,796.071633356,0.0041426926,4.76,34.4552286678,0.494,3823
8.0,0.996741116047,0.000256688799709,796.132936005,0.0041426926,4.76,34.4552286678,0.494,3823
8.0,0.996878325939,0.00025668903254,796.194238657,0.0041426926,4.76,34.4552286678,0.494,3823
8.0,0.996482133865,0.00025662270491,796.255541312,0.0041426926,4.76,34.4552286678,0.494,3823
8.0,0.996986448765,0.000256641535088,796.316843968,0.0041426926,4.76,34.4552286678,0.494,3823
8.0,0.99688243866,0.000256681378232,796.378146627,0.0041426926,4.76,34.4552286678,0.494,3823
8.0,0.996775388718,0.000256657833233,796.439449288,0.0041426926,4.76,34.4552286678,0.494,3823
8.0,0.997149407864,0.000256672356045,796.500751951,0.0041426926,4.76,34.4552286678,0.494,3823
8.0,0.998138010502,0.000256742583588,796.562054717,0.0041426926,4.76,34.4552286678,0.494,3823
8.0,0.997413575649,0.000256674858974,796.623357384,0.0041426926,4.76,34.4552286678,0.494,3823
8.0,0.99718528986,0.000256680534221,796.684660154,0.0041426926,4.76,34.4552286678,0.494,3823
8.0,0.996978342533,0.000256614148384,796.745962827,0.0041426926,4.76,34.4552286678,0.494,3823
8.0,0.997916221619,0.000256738509052,796.807265501,0.0041426926,4.76,34.4552286678,0.494,3823
8.0,0.99706697464,0.00025664785062,796.868568178,0.0041426926,4.76,34.4552286678,0.494,3823
8.0,0.997650980949,0.000256708037341,796.929870856,0.0041426926,4.76,34.4552286678,0.494,3823
8.0,0.998395562172,0.000256758008618,796.991173538,0.0041426926,4.76,34.4552286678,0.494,3823
8.0,0.997645735741,0.000256702245679,797.052476221,0.0041426926,4.76,34.4552286678,0.494,3823
8.0,0.997620582581,0.000256710249232,797.113778906,0.0041426926,4.76,34.4552286678,0.494,3823
8.0,0.998338401318,0.000256738392636,797.175081694,0.0041426926,4.76,34.4552286678,0.494,3823
8.0,0.997760653496,0.000256741419435,797.236384384,0.0041426926,4.76,34.4552286678,0.494,3823
8.0,0.99838411808,0.000256757601164,797.297687076,0.0041426926,4.76,34.4552286678,0.494,3823
8.0,0.998345136642,0.000256750849076,797.35898977,0.0041426926,4.76,34.4552286678,0.494,3823
8.0,0.999146580696,0.000256888364675,797.420292467,0.0041426926,4.76,34.4552286678,0.494,3823
8.0,0.998514771461,0.000256781117059,797.481595166,0.0041426926,4.76,34.4552286678,0.494,3823
8.0,0.998245894909,0.000256724451901,797.542897866,0.0041426926,4.76,34.4552286678,0.494,3823
8.0,0.998144865036,0.000256740197074,797.60420057,0.0041426926,4.76,34.4552286678,0.494,3823
8.0,0.998934090137,0.000256777886534,797.665503275,0.0041426926,4.76,34.4552286678,0.494,3823
8.0,0.999021291733,0.000256753904978,797.726806082,0.0041426926,4.76,34.4552286678,0.494,3823
8.0,0.998909890652,0.000256756058661,797.788108792,0.0041426926,4.76,34.4552286678,0.494,3823
8.0,0.99891680479,0.00025675969664,797.849411504,0.0041426926,4.76,34.4552286678,0.494,3823
8.0,0.999201238155,0.000256761792116,797.910714318,0.0041426926,4.76,34.4552286678,0.494,3823
8.0,0.999750852585,0.000256815517787,797.972017034,0.0041426926,4.76,34.4552286678,0.494,3823
8.0,0.99924069643,0.000256749335676,798.033319753,0.0041426926,4.76,34.4552286678,0.494,3823
8.0,0.999088406563,0.000256764469668,798.094622473,0.0041426926,4.76,34.4552286678,0.494,3823
8.0,0.999364197254,0.000256771134445,798.155925196,0.0041426926,4.76,34.4552286678,0.494,3823
8.0,0.999752402306,0.000256801955402,798.217227921,0.0041426926,4.76,34.4552286678,0.494,3823
8.0,1.0003670454,0.000256863655522,798.278530648,0.0041426926,4.76,34.4552286678,0.494,3823
8.0,0.999660849571,0.000256775761954,798.339833477,0.0041426926,4.76,34.4552286678,0.494,3823
8.0,1.00025999546,0.000256883504335,798.401136209,0.0041426926,4.76,34.4552286678,0.494,3823
8.0,1.00002491474,0.000256810686551,798.462438942,0.0041426926,4.76,34.4552286678,0.494,3823
8.0,1.00001597404,0.000256813800661,798.523741678,0.0041426926,4.76,34.4552286678,0.494,3823
8.0,1.00096261501,0.000256881961832,798.585044416,0.0041426926,4.76,34.4552286678,0.494,3823
8.0,1.0009598732,0.000256895291386,798.666781403,0.0041426926,4.76,34.4552286678,0.494,3823
8.0,1.00015497208,0.000256794388406,798.748518494,0.0041426926,4.76,34.4552286678,0.494,3823
8.0,1.00109386444,0.000256846251432,798.80982124,0.0041426926,4.76,34.4552286678,0.494,3823
8.0,1.00083553791,0.000256810482824,798.871123988,0.0041426926,4.76,34.4552286678,0.494,3823
8.0,1.00097692013,0.000256821018411,798.932426738,0.0041426926,4.76,34.4552286678,0.494,3823
8.0,1.00106167793,0.000256852741586,798.99372949,0.0041426926,4.76,34.4552286678,0.494,3823
8.0,1.00135350227,0.000256873870967,799.055032244,0.0041426926,4.76,34.4552286678,0.494,3823
8.0,1.00148665905,0.000256822269876,799.116335101,0.0041426926,4.76,34.4552286678,0.494,3823
8.0,1.00150692463,0.000256870262092,799.177637859,0.0041426926,4.76,34.4552286678,0.494,3823
8.0,1.00160682201,0.000256908970186,799.23894062,0.0041426926,4.76,34.4552286678,0.494,3823
8.0,1.00208640099,0.000256912986515,799.300243383,0.0041426926,4.76,34.4552286678,0.494,3823
8.0,1.00215137005,0.000256905186689,799.361546148,0.0041426926,4.76,34.4552286678,0.494,3823
8.0,1.00186085701,0.000256884639384,799.422848915,0.0041426926,4.76,34.4552286678,0.494,3823
8.0,1.00221002102,0.000256898871157,799.484151684,0.0041426926,4.76,34.4552286678,0.494,3823
8.0,1.00196969509,0.000256908941083,799.545454556,0.0041426926,4.76,34.4552286678,0.494,3823
8.0,1.00244486332,0.000256938597886,799.606757329,0.0041426926,4.76,34.4552286678,0.494,3823
8.0,1.00257444382,0.000256955216173,799.668060105,0.0041426926,4.76,34.4552286678,0.494,3823
8.0,1.00244104862,0.000256905826973,799.729362883,0.0041426926,4.76,34.4552286678,0.494,3823
8.0,1.00313234329,0.000256959727267,799.790665763,0.0041426926,4.76,34.4552286678,0.494,3823
8.0,1.00217616558,0.000256902247202,799.851968544,0.0041426926,4.76,34.4552286678,0.494,3823
8.0,1.00255668163,0.000256932980847,799.913271328,0.0041426926,4.76,34.4552286678,0.494,3823
8.0,1.00352585316,0.000256950472249,799.974574115,0.0041426926,4.76,34.4552286678,0.494,3823
8.0,1.00329005718,0.00025696051307,800.035876903,0.0041426926,4.76,34.4552286678,0.494,3823
8.0,1.00361156464,0.000256980740232,800.097179693,0.0041426926,4.76,34.4552286678,0.494,3823
8.0,1.00366282463,0.000256934115896,800.158482486,0.0041426926,4.76,34.4552286678,0.494,3823
8.0,1.00369048119,0.000256944535067,800.21978528,0.0041426926,4.76,34.4552286678,0.494,3823
8.0,1.00366735458,0.000256949278992,800.281088177,0.0041426926,4.76,34.4552286678,0.494,3823
8.0,1.00418174267,0.00025700419792,800.342390975,0.0041426926,4.76,34.4552286678,0.494,3823
8.0,1.00359833241,0.00025694372016,800.403693776,0.0041426926,4.76,34.4552286678,0.494,3823
8.0,1.00379109383,0.00025692966301,800.464996579,0.0041426926,4.76,34.4552286678,0.494,3823
8.0,1.00483810902,0.000257067440543,800.526299384,0.0041426926,4.76,34.4552286678,0.494,3823
8.0,1.00429201126,0.000257157458691,800.587602191,0.0041426926,4.76,34.4552286678,0.494,3823
8.0,1.00430333614,0.000257153296843,800.648905,0.0041426926,4.76,34.4552286678,0.494,3823
8.0,1.00423371792,0.000257099891314,800.710207811,0.0041426926,4.76,34.4552286678,0.494,3823
8.0,1.00462293625,0.000257086474448,800.771510724,0.0041426926,4.76,34.4552286678,0.494,3823
8.0,1.00468337536,0.000257133942796,800.83281364,0.0041426926,4.76,34.4552286678,0.494,3823
8.0,1.00486838818,0.000257177249296,800.894116357,0.0041426926,4.76,34.4552286678,0.494,3823
8.0,1.00503051281,0.000257169216638,800.955419277,0.0041426926,4.76,34.4552286678,0.494,3823
8.0,1.00530958176,0.000257148145465,801.016722098,0.0041426926,4.76,34.4552286678,0.494,3823
8.0,1.00501179695,0.000257144740317,801.078024922,0.0041426926,4.76,34.4552286678,0.494,3823
8.0,1.0054795742,0.000257212697761,801.139327747,0.0041426926,4.76,34.4552286678,0.494,3823
8.0,1.00576162338,0.000257241306826,801.200630575,0.0041426926,4.76,34.4552286678,0.494,3823
8.0,1.005007267,0.00025711717899,801.261933404,0.0041426926,4.76,34.4552286678,0.494,3823
8.0,1.00579380989,0.000257209991105,801.323236236,0.0041426926,4.76,34.4552286678,0.494,3823
10.0,0.997590184212,0.00028110970743,906.887400031,0.0041426926,4.76,34.4552286678,0.494,3823
10.0,0.997358560562,0.000281099579297,906.948702378,0.0041426926,4.76,34.4552286678,0.494,3823
10.0,0.997727572918,0.000281078304397,907.010004723,0.0041426926,4.76,34.4552286678,0.494,3823
10.0,0.997472286224,0.000281136948615,907.071307066,0.0041426926,4.76,34.4552286678,0.494,3823
10.0,0.997827708721,0.000281238404568,907.132609407,0.0041426926,4.76,34.4552286678,0.494,3823
10.0,0.998003304005,0.00028131986619,907.193911845,0.0041426926,4.76,34.4552286678,0.494,3823
10.0,0.997946560383,0.000281322776573,907.255214281,0.0041426926,4.76,34.4552286678,0.494,3823
10.0,0.998547315598,0.000281356915366,907.316516614,0.0041426926,4.76,34.4552286678,0.494,3823
10.0,0.998678445816,0.000281487271423,907.377818946,0.0041426926,4.76,34.4552286678,0.494,3823
10.0,0.998517692089,0.000281486805761,907.439121175,0.0041426926,4.76,34.4552286678,0.494,3823
10.0,0.999124407768,0.000281561689917,907.500423502,0.0041426926,4.76,34.4552286678,0.494,3823
10.0,0.999056100845,0.000281598389847,907.561725826,0.0041426926,4.76,34.4552286678,0.494,3823
10.0,0.999247968197,0.000281618355075,907.623028149,0.0041426926,4.76,34.4552286678,0.494,3823
10.0,0.999135255814,0.000281666958472,907.684330568,0.0041426926,4.76,34.4552286678,0.494,3823
10.0,0.99925750494,0.000281662418274,907.745632886,0.0041426926,4.76,34.4552286678,0.494,3823
10.0,0.999766886234,0.000281672371784,907.806935202,0.0041426926,4.76,34.4552286678,0.494,3823
10.0,0.99942445755,0.000281715911115,907.868237515,0.0041426926,4.76,34.4552286678,0.494,3823
10.0,0.999216675758,0.000281702319626,907.929539926,0.0041426926,4.76,34.4552286678,0.494,3823
10.0,0.999264955521,0.000281666696537,907.990842234,0.0041426926,4.76,34.4552286678,0.494,3823
10.0,1.00042712688,0.00028173904866,908.05214454,0.0041426926,4.76,34.4552286678,0.494,3823
10.0,1.00017786026,0.00028177772765,908.113446845,0.0041426926,4.76,34.4552286678,0.494,3823
10.0,1.00062990189,0.000281784508843,908.174749146,0.0041426926,4.76,34.4552286678,0.494,3823
10.0,1.00051021576,0.000281805580016,908.256485545,0.0041426926,4.76,34.4552286678,0.494,3823
10.0,1.00045323372,0.000281781918602,908.317787841,0.0041426926,4.76,34.4552286678,0.494,3823
10.0,1.00040304661,0.000281754968455,908.379090235,0.0041426926,4.76,34.4552286678,0.494,3823
10.0,1.00047123432,0.000281758344499,908.440392527,0.0041426926,4.76,34.4552286678,0.494,3823
10.0,1.00113356113,0.000281761196675,908.501694817,0.0041426926,4.76,34.4552286678,0.494,3823
10.0,1.00083649158,0.000281697197352,908.562997104,0.0041426926,4.76,34.4552286678,0.494,3823
10.0,1.0008699894,0.000281742657535,908.624299389,0.0041426926,4.76,34.4552286678,0.494,3823
10.0,1.00138819218,0.000281806656858,908.685601671,0.0041426926,4.76,34.4552286678,0.494,3823
10.0,1.00076556206,0.000281726504909,908.746903951,0.0041426926,4.76,34.4552286678,0.494,3823
10.0,1.0018825531,0.000281875021756,908.808206229,0.0041426926,4.76,34.4552286678,0.494,3823
10.0,1.00226736069,0.000281878164969,908.869508505,0.0041426926,4.76,34.4552286678,0.494,3823
10.0,1.00196266174,0.000281889806502,908.930810778,0.0041426926,4.76,34.4552286678,0.494,3823
10.0,1.00187861919,0.000281870161416,909.012547239,0.0041426926,4.76,34.4552286678,0.494,3823
10.0,1.00217330456,0.000281888816971,909.073849507,0.0041426926,4.76,34.4552286678,0.494,3823
10.0,1.00220918655,0.000281918735709,909.135151773,0.0041426926,4.76,34.4552286678,0.494,3823
10.0,1.00271880627,0.000281947402982,909.196454036,0.0041426926,4.76,34.4552286678,0.494,3823
10.0,1.00312924385,0.000282096705632,909.257756297,0.0041426926,4.76,34.4552286678,0.494,3823
10.0,1.00340139866,0.000281991116935,909.319058656,0.0041426926,4.76,34.4552286678,0.494,3823
10.0,1.00279998779,0.000281902146526,909.380360912,0.0041426926,4.76,34.4552286678,0.494,3823
10.0,1.00260531902,0.000281968328636,909.441663166,0.0041426926,4.76,34.4552286678,0.494,3823
10.0,1.0025755167,0.000281954067759,909.502965518,0.0041426926,4.76,34.4552286678,0.494,3823
10.0,1.00323426723,0.000282048538793,909.564267767,0.0041426926,4.76,34.4552286678,0.494,3823
10.0,1.00303590298,0.000281985965557,909.625570014,0.0041426926,4.76,34.4552286678,0.494,3823
10.0,1.0022687912,0.000281945598545,909.686872259,0.0041426926,4.76,34.4552286678,0.494,3823
10.0,1.00359976292,0.000282081397017,909.748174501,0.0041426926,4.76,34.4552286678,0.494,3823
10.0,1.00301706791,0.000282054388663,909.809476741,0.0041426926,4.76,34.4552286678,0.494,3823
10.0,1.00300073624,0.000282035791315,909.870778979,0.0041426926,4.76,34.4552286678,0.494,3823
10.0,1.00353980064,0.000282113964204,909.932081214,0.0041426926,4.76,34.4552286678,0.494,3823
10.0,1.00335383415,0.000282029854134,910.013817625,0.0041426926,4.76,34.4552286678,0.494,3823
10.0,1.00381052494,0.000282126333332,910.075119855,0.0041426926,4.76,34.4552286678,0.494,3823
10.0,1.0029873848,0.000282057590084,910.136422082,0.0041426926,4.76,34.4552286678,0.494,3823
10.0,1.00364136696,0.000282132648863,910.197724307,0.0041426926,4.76,34.4552286678,0.494,3823
10.0,1.00397861004,0.000282138527837,910.25902653,0.0041426926,4.76,34.4552286678,0.494,3823
10.0,1.00414156914,0.000282180699287,910.320328751,0.0041426926,4.76,34.4552286678,0.494,3823
10.0,1.00384747982,0.00028211902827,910.381630969,0.0041426926,4.76,34.4552286678,0.494,3823
10.0,1.00431644917,0.000282152526779,910.442933185,0.0041426926,4.76,34.4552286678,0.494,3823
10.0,1.00478577614,0.000282219465589,910.504235399,0.0041426926,4.76,34.4552286678,0.494,3823
10.0,1.00398087502,0.000282163266093,910.565537619,0.0041426926,4.76,34.4552286678,0.494,3823
10.0,1.0043708086,0.000282218621578,910.626839928,0.0041426926,4.76,34.4552286678,0.494,3823
10.0,1.00456798077,0.000282201130176,910.688142235,0.0041426926,4.76,34.4552286678,0.494,3823
10.0,1.00433945656,0.000282190158032,910.749444339,0.0041426926,4.76,34.4552286678,0.494,3823
10.0,1.00456655025,0.000282220338704,910.81074654,0.0041426926,4.76,34.4552286678,0.494,3823
10.0,1.00477433205,0.000282225140836,910.87204874,0.0041426926,4.76,34.4552286678,0.494,3823
10.0,1.00444436073,0.00028229210875,910.933350937,0.0041426926,4.76,34.4552286678,0.494,3823
10.0,1.00506317616,0.000282267632429,910.994653132,0.0041426926,4.76,34.4552286678,0.494,3823
10.0,1.00499892235,0.00028222592664,911.055955424,0.0041426926,4.76,34.4552286678,0.494,3823
10.0,1.00480389595,0.00028223026311,911.117257614,0.0041426926,4.76,34.4552286678,0.494,3823
10.0,1.00494110584,0.000282240682282,911.178559802,0.0041426926,4.76,34.4552286678,0.494,3823
10.0,1.00478851795,0.000282239314402,911.239861987,0.0041426926,4.76,34.4552286678,0.494,3823
10.0,1.00449752808,0.000282251683529,911.30116427,0.0041426926,4.76,34.4552286678,0.494,3823
10.0,1.00528633595,0.000282271474134,911.362466451,0.0041426926,4.76,34.4552286678,0.494,3823
10.0,1.00463497639,0.000282222143142,911.423768629,0.0041426926,4.76,34.4552286678,0.494,3823
10.0,1.00509548187,0.000282271939795,911.485070805,0.0041426926,4.76,34.4552286678,0.494,3823
10.0,1.00496971607,0.00028226734139,911.546372978,0.0041426926,4.76,34.4552286678,0.494,3823
10.0,1.00540304184,0.000282262102701,911.607675149,0.0041426926,4.76,34.4552286678,0.494,3823
10.0,1.0048429966,0.000282248132862,911.668977318,0.0041426926,4.76,34.4552286678,0.494,3823
10.0,1.00527799129,0.000282311462797,911.730279485,0.0041426926,4.76,34.4552286678,0.494,3823
10.0,1.00511693954,0.000282279914245,911.791581648,0.0041426926,4.76,34.4552286678,0.494,3823
10.0,1.00526785851,0.000282263441477,911.85288381,0.0041426926,4.76,34.4552286678,0.494,3823
10.0,1.00510251522,0.000282279681414,911.914185969,0.0041426926,4.76,34.4552286678,0.494,3823
10.0,1.00485432148,0.000282248161966,911.995922278,0.0041426926,4.76,34.4552286678,0.494,3823
10.0,1.00463962555,0.000282264431007,912.057224432,0.0041426926,4.76,34.4552286678,0.494,3823
10.0,1.00564169884,0.000282305933069,912.118526583,0.0041426926,4.76,34.4552286678,0.494,3823
10.0,1.00455534458,0.000282246968709,912.179828732,0.0041426926,4.76,34.4552286678,0.494,3823
10.0,1.00602912903,0.000282326422166,912.241130878,0.0041426926,4.76,34.4552286678,0.494,3823
10.0,1.00531065464,0.000282280583633,912.302433023,0.0041426926,4.76,34.4552286678,0.494,3823
10.0,1.00496971607,0.000282252614852,912.363735165,0.0041426926,4.76,34.4552286678,0.494,3823
10.0,1.00507342815,0.000282259105006,912.425037504,0.0041426926,4.76,34.4552286678,0.494,3823
10.0,1.00526213646,0.00028228687006,912.486339641,0.0041426926,4.76,34.4552286678,0.494,3823
10.0,1.00553143024,0.000282293796772,912.547641776,0.0041426926,4.76,34.4552286678,0.494,3823
10.0,1.0053614378,0.00028227979783,912.608943908,0.0041426926,4.76,34.4552286678,0.494,3823
10.0,1.00587487221,0.000282307621092,912.670246038,0.0041426926,4.76,34.4552286678,0.494,3823
10.0,1.00493311882,0.000282260967651,912.731548165,0.0041426926,4.76,34.4552286678,0.494,3823
10.0,1.00603342056,0.0002823342802,912.79285029,0.0041426926,4.76,34.4552286678,0.494,3823
10.0,1.0057965517,0.000282325810986,912.854152413,0.0041426926,4.76,34.4552286678,0.494,3823
10.0,1.00494611263,0.000282283319393,912.915454533,0.0041426926,4.76,34.4552286678,0.494,3823
10.0,1.00525736809,0.000282309774775,912.976756651,0.0041426926,4.76,34.4552286678,0.494,3823
10.0,1.00548088551,0.000282287888695,913.038058767,0.0041426926,4.76,34.4552286678,0.494,3823
10.0,1.00553917885,0.000282319146208,913.09936098,0.0041426926,4.76,34.4552286678,0.494,3823
10.0,1.00539791584,0.000282333203359,913.16066309,0.0041426926,4.76,34.4552286678,0.494,3823
10.0,1.00559079647,0.000282317952951,913.221965199,0.0041426926,4.76,34.4552286678,0.494,3823
10.0,1.00480294228,0.000282279564999,913.283267304,0.0041426926,4.76,34.4552286678,0.494,3823
10.0,1.00546622276,0.000282292137854,913.344569408,0.0041426926,4.76,34.4552286678,0.494,3823
10.0,1.00523912907,0.000282311782939,913.405871609,0.0041426926,4.76,34.4552286678,0.494,3823
10.0,1.00566160679,0.000282299763057,913.467173608,0.0041426926,4.76,34.4552286678,0.494,3823
10.0,1.00571703911,0.000282317632809,913.528475704,0.0041426926,4.76,34.4552286678,0.494,3823
10.0,1.00471687317,0.000282267574221,913.589777798,0.0041426926,4.76,34.4552286678,0.494,3823
10.0,1.00544059277,0.000282298889942,913.651079889,0.0041426926,4.76,34.4552286678,0.494,3823
10.0,1.00487613678,0.000282262888504,913.712381978,0.0041426926,4.76,34.4552286678,0.494,3823
10.0,1.00528359413,0.000282264925772,913.773684265,0.0041426926,4.76,34.4552286678,0.494,3823
10.0,1.00532579422,0.000282303575659,913.834986349,0.0041426926,4.76,34.4552286678,0.494,3823
10.0,1.00527405739,0.000282284163404,913.896288431,0.0041426926,4.76,34.4552286678,0.494,3823
10.0,1.00489866734,0.000282274035271,913.95759051,0.0041426926,4.76,34.4552286678,0.494,3823
10.0,1.00558304787,0.000282303488348,914.018892587,0.0041426926,4.76,34.4552286678,0.494,3823
10.0,1.00519156456,0.000282284803689,914.080194662,0.0041426926,4.76,34.4552286678,0.494,3823
10.0,1.00517523289,0.000282292137854,914.141496734,0.0041426926,4.76,34.4552286678,0.494,3823
10.0,1.00567960739,0.000282301858533,914.202798803,0.0041426926,4.76,34.4552286678,0.494,3823
10.0,1.00566971302,0.000282314344076,914.264100871,0.0041426926,4.76,34.4552286678,0.494,3823
10.0,1.0046902895,0.000282229040749,914.325402935,0.0041426926,4.76,34.4552286678,0.494,3823
10.0,1.00610733032,0.000282328546746,914.386704998,0.0041426926,4.76,34.4552286678,0.494,3823
10.0,1.00520300865,0.000282271939795,914.448007058,0.0041426926,4.76,34.4552286678,0.494,3823
10.0,1.00562334061,0.000282312452327,914.509309215,0.0041426926,4.76,34.4552286678,0.494,3823
10.0,1.00503408909,0.000282243563561,914.57061137,0.0041426926,4.76,34.4552286678,0.494,3823
10.0,1.00566875935,0.000282274471829,914.631913423,0.0041426926,4.76,34.4552286678,0.494,3823
10.0,1.00518262386,0.000282275286736,914.693215473,0.0041426926,4.76,34.4552286678,0.494,3823
10.0,1.0054756403,0.000282295892248,914.754517421,0.0041426926,4.76,34.4552286678,0.494,3823
10.0,1.00544345379,0.000282265187707,914.815819467,0.0041426926,4.76,34.4552286678,0.494,3823
10.0,1.00625395775,0.000282286666334,914.87712151,0.0041426926,4.76,34.4552286678,0.494,3823
10.0,1.00556266308,0.000282302615233,914.958857663,0.0041426926,4.76,34.4552286678,0.494,3823
10.0,1.00534760952,0.000282243563561,915.0201597,0.0041426926,4.76,34.4552286678,0.494,3823
10.0,1.00575888157,0.000282239663647,915.081461835,0.0041426926,4.76,34.4552286678,0.494,3823
10.0,1.00567650795,0.00028225951246,915.142763868,0.0041426926,4.76,34.4552286678,0.494,3823
10.0,1.0055128336,0.00028225875576,915.204065898,0.0041426926,4.76,34.4552286678,0.494,3823
10.0,1.00509905815,0.000282232067548,915.265367925,0.0041426926,4.76,34.4552286678,0.494,3823
10.0,1.00517117977,0.000282231543679,915.32666995,0.0041426926,4.76,34.4552286678,0.494,3823
10.0,1.00534892082,0.000282195891486,915.387971973,0.0041426926,4.76,34.4552286678,0.494,3823
10.0,1.00545144081,0.00028221559478,915.449273993,0.0041426926,4.76,34.4552286678,0.494,3823
10.0,1.00531423092,0.000282233406324,915.510576011,0.0041426926,4.76,34.4552286678,0.494,3823
10.0,1.00533461571,0.000282214867184,915.571878026,0.0041426926,4.76,34.4552286678,0.494,3823
10.0,1.0055795908,0.000282246968709,915.653614142,0.0041426926,4.76,34.4552286678,0.494,3823
10.0,1.00442314148,0.000282140274066,915.714916152,0.0041426926,4.76,34.4552286678,0.494,3823
10.0,1.00459158421,0.000282128399704,915.776218159,0.0041426926,4.76,34.4552286678,0.494,3823
10.0,1.00552082062,0.000282207154669,915.837520164,0.0041426926,4.76,34.4552286678,0.494,3823
10.0,1.00497472286,0.00028215922066,915.898822166,0.0041426926,4.76,34.4552286678,0.494,3823
10.0,1.00439095497,0.00028208756703,915.960124166,0.0041426926,4.76,34.4552286678,0.494,3823
10.0,1.00436675549,0.000282128487015,916.021426163,0.0041426926,4.76,34.4552286678,0.494,3823
10.0,1.00482189655,0.000282105756924,916.082728158,0.0041426926,4.76,34.4552286678,0.494,3823
10.0,1.0048763752,0.000282176159089,916.14403015,0.0041426926,4.76,34.4552286678,0.494,3823
10.0,1.00400733948,0.000282157125184,916.20533224,0.0041426926,4.76,34.4552286678,0.494,3823
10.0,1.0044850111,0.000282046181383,916.266634227,0.0041426926,4.76,34.4552286678,0.494,3823
10.0,1.00461089611,0.000282040215097,916.327936212,0.0041426926,4.76,34.4552286678,0.494,3823
10.0,1.00472009182,0.000282029126538,916.389238195,0.0041426926,4.76,34.4552286678,0.494,3823
10.0,1.00471580029,0.000282019696897,916.450540175,0.0041426926,4.76,34.4552286678,0.494,3823
10.0,1.00479793549,0.000282036548015,916.511842152,0.0041426926,4.76,34.4552286678,0.494,3823
10.0,1.00435841084,0.00028199609369,916.573144128,0.0041426926,4.76,34.4552286678,0.494,3823
10.0,1.00424849987,0.00028201189707,916.6344462,0.0041426926,4.76,34.4552286678,0.494,3823
10.0,1.00460588932,0.000282031047391,916.695748171,0.0041426926,4.76,34.4552286678,0.494,3823
10.0,1.0046671629,0.000282030872768,916.757050138,0.0041426926,4.76,34.4552286678,0.494,3823
10.0,1.00469231606,0.000282030901872,916.818352003,0.0041426926,4.76,34.4552286678,0.494,3823
10.0,1.0040127039,0.000281971995719,916.879653966,0.0041426926,4.76,34.4552286678,0.494,3823
10.0,1.00403237343,0.00028196212952,916.940956126,0.0041426926,4.76,34.4552286678,0.494,3823
10.0,1.00405311584,0.000281940068817,917.002258084,0.0041426926,4.76,34.4552286678,0.494,3823
10.0,1.00441920757,0.000281975284452,917.06356004,0.0041426926,4.76,34.4552286678,0.494,3823
10.0,1.00382995605,0.000281974876998,917.124861993,0.0041426926,4.76,34.4552286678,0.494,3823
10.0,1.00450670719,0.000282018037979,917.186163943,0.0041426926,4.76,34.4552286678,0.494,3823
10.0,1.00414693356,0.000281981017906,917.247465891,0.0041426926,4.76,34.4552286678,0.494,3823
10.0,1.00404071808,0.000281980901491,917.308767836,0.0041426926,4.76,34.4552286678,0.494,3823
10.0,1.00372982025,0.000281934655504,917.370069779,0.0041426926,4.76,34.4552286678,0.494,3823
10.0,1.00461828709,0.000281987071503,917.43137172,0.0041426926,4.76,34.4552286678,0.494,3823
10.0,1.00322961807,0.000281903921859,917.492673658,0.0041426926,4.76,34.4552286678,0.494,3823
10.0,1.00395715237,0.000281933345832,917.553975593,0.0041426926,4.76,34.4552286678,0.494,3823
10.0,1.00394642353,0.000281905959127,917.615277526,0.0041426926,4.76,34.4552286678,0.494,3823
10.0,1.00335872173,0.000281855289359,917.676579557,0.0041426926,4.76,34.4552286678,0.494,3823
10.0,1.00363361835,0.000281859305687,917.737881485,0.0041426926,4.76,34.4552286678,0.494,3823
10.0,1.00374317169,0.000281847227598,917.79918351,0.0041426926,4.76,34.4552286678,0.494,3823
10.0,1.00392007828,0.00028191585443,917.880919307,0.0041426926,4.76,34.4552286678,0.494,3823
10.0,1.00372600555,0.00028190825833,917.962655299,0.0041426926,4.76,34.4552286678,0.494,3823
10.0,1.00366127491,0.000281896442175,918.023957216,0.0041426926,4.76,34.4552286678,0.494,3823
10.0,1.00379621983,0.000281859363895,918.08525913,0.0041426926,4.76,34.4552286678,0.494,3823
10.0,1.00359737873,0.000281889806502,918.146561041,0.0041426926,4.76,34.4552286678,0.494,3823
10.0,1.00388669968,0.000281892571365,918.20786295,0.0041426926,4.76,34.4552286678,0.494,3823
10.0,1.00394785404,0.00028184914845,918.269164856,0.0041426926,4.76,34.4552286678,0.494,3823
10.0,1.00354886055,0.000281809043372,918.33046676,0.0041426926,4.76,34.4552286678,0.494,3823
10.0,1.00311040878,0.000281768065179,918.391768662,0.0041426926,4.76,34.4552286678,0.494,3823
10.0,1.00295293331,0.000281752232695,918.453070561,0.0041426926,4.76,34.4552286678,0.494,3823
10.0,1.0022482872,0.000281741347862,918.514372457,0.0041426926,4.76,34.4552286678,0.494,3823
10.0,1.0024831295,0.000281760876533,918.575674351,0.0041426926,4.76,34.4552286678,0.494,3823
10.0,1.00312185287,0.00028178980574,918.636976442,0.0041426926,4.76,34.4552286678,0.494,3823
10.0,1.00352275372,0.000281744840322,918.698278331,0.0041426926,4.76,34.4552286678,0.494,3823
10.0,1.00356125832,0.000281755754258,918.759580118,0.0041426926,4.76,34.4552286678,0.494,3823
10.0,1.00331294537,0.000281756976619,918.820882002,0.0041426926,4.76,34.4552286678,0.494,3823
10.0,1.00294661522,0.000281795131741,918.882183983,0.0041426926,4.76,34.4552286678,0.494,3823
10.0,1.00294280052,0.000281780172372,918.943485862,0.0041426926,4.76,34.4552286678,0.494,3823
10.0,1.00265228748,0.000281759363133,919.004787738,0.0041426926,4.76,34.4552286678,0.494,3823
10.0,1.00254786015,0.00028171465965,919.066089612,0.0041426926,4.76,34.4552286678,0.494,3823
10.0,1.00270557404,0.000281735468889,919.127391483,0.0041426926,4.76,34.4552286678,0.494,3823
10.0,1.00281119347,0.000281681044726,919.188693352,0.0041426926,4.76,34.4552286678,0.494,3823
10.0,1.00278401375,0.000281713117147,919.249995218,0.0041426926,4.76,34.4552286678,0.494,3823
10.0,1.00221908092,0.000281732558506,919.311297082,0.0041426926,4.76,34.4552286678,0.494,3823
10.0,1.00258266926,0.000281708460534,919.372598944,0.0041426926,4.76,34.4552286678,0.494,3823
10.0,1.00190329552,0.000281585555058,919.433900902,0.0041426926,4.76,34.4552286678,0.494,3823
10.0,1.00294113159,0.00028167795972,919.495202758,0.0041426926,4.76,34.4552286678,0.494,3823
10.0,1.00279831886,0.000281648477539,919.556504612,0.0041426926,4.76,34.4552286678,0.494,3823
10.0,1.00280725956,0.000281624263152,919.617806463,0.0041426926,4.76,34.4552286678,0.494,3823
10.0,1.00255739689,0.00028168380959,919.679108312,0.0041426926,4.76,34.4552286678,0.494,3823
10.0,1.00225400925,0.000281659566099,919.740410158,0.0041426926,4.76,34.4552286678,0.494,3823
10.0,1.00215625763,0.000281588407233,919.801712102,0.0041426926,4.76,34.4552286678,0.494,3823
10.0,1.00253236294,0.000281639833702,919.863013943,0.0041426926,4.76,34.4552286678,0.494,3823
10.0,1.00237202644,0.000281628512312,919.924315781,0.0041426926,4.76,34.4552286678,0.494,3823
10.0,1.00264644623,0.000281604065094,919.985617617,0.0041426926,4.76,34.4552286678,0.494,3823
10.0,1.00213885307,0.000281564774923,920.046919451,0.0041426926,4.76,34.4552286678,0.494,3823
10.0,1.00155055523,0.000281516404357,920.108221282,0.0041426926,4.76,34.4552286678,0.494,3823
10.0,1.00222301483,0.000281626853393,920.16952321,0.0041426926,4.76,34.4552286678,0.494,3823
10.0,1.00150811672,0.000281536486,920.230825036,0.0041426926,4.76,34.4552286678,0.494,3823
10.0,1.00197136402,0.000281623651972,920.29212686,0.0041426926,4.76,34.4552286678,0.494,3823
10.0,1.00166261196,0.000281599262962,920.35342868,0.0041426926,4.76,34.4552286678,0.494,3823
10.0,1.00198698044,0.00028157242923,920.414730499,0.0041426926,4.76,34.4552286678,0.494,3823
10.0,1.00168061256,0.000281616172288,920.476032315,0.0041426926,4.76,34.4552286678,0.494,3823
10.0,1.00215291977,0.000281607848592,920.537334128,0.0041426926,4.76,34.4552286678,0.494,3823
10.0,1.00140666962,0.000281551067019,920.598635939,0.0041426926,4.76,34.4552286678,0.494,3823
10.0,1.00211429596,0.000281574059045,920.659937747,0.0041426926,4.76,34.4552286678,0.494,3823
10.0,1.00088918209,0.000281474698568,920.721239552,0.0041426926,4.76,34.4552286678,0.494,3823
10.0,1.00190150738,0.000281524582533,920.782541355,0.0041426926,4.76,34.4552286678,0.494,3823
10.0,1.00115072727,0.000281513523078,920.843843156,0.0041426926,4.76,34.4552286678,0.494,3823
10.0,1.00146353245,0.0002815934713,920.925578986,0.0041426926,4.76,34.4552286678,0.494,3823
10.0,1.00175070763,0.000281556916889,920.986880781,0.0041426926,4.76,34.4552286678,0.494,3823
10.0,1.00177276134,0.000281523651211,921.048182573,0.0041426926,4.76,34.4552286678,0.494,3823
10.0,1.00111019611,0.00028149416903,921.109484362,0.0041426926,4.76,34.4552286678,0.494,3823
10.0,1.0011048317,0.000281459535472,921.170786149,0.0041426926,4.76,34.4552286678,0.494,3823
10.0,1.00131583214,0.00028154507163,921.232087934,0.0041426926,4.76,34.4552286678,0.494,3823
10.0,1.00123310089,0.000281479675323,921.293389716,0.0041426926,4.76,34.4552286678,0.494,3823
10.0,1.0007956028,0.000281462736893,921.354691595,0.0041426926,4.76,34.4552286678,0.494,3823
10.0,1.00129354,0.000281532149529,921.415993272,0.0041426926,4.76,34.4552286678,0.494,3823
10.0,1.00138294697,0.000281519227428,921.477295146,0.0041426926,4.76,34.4552286678,0.494,3823
10.0,1.0006827116,0.000281437969534,921.538597018,0.0041426926,4.76,34.4552286678,0.494,3823
10.0,1.00058138371,0.00028138543712,921.599898787,0.0041426926,4.76,34.4552286678,0.494,3823
10.0,1.00093090534,0.000281346583506,921.661200553,0.0041426926,4.76,34.4552286678,0.494,3823
10.0,0.999946534634,0.000281366053969,921.722502318,0.0041426926,4.76,34.4552286678,0.494,3823
10.0,1.00067591667,0.000281413493212,921.783804079,0.0041426926,4.76,34.4552286678,0.494,3823
10.0,1.00044727325,0.000281438347884,921.845105838,0.0041426926,4.76,34.4552286678,0.494,3823
10.0,1.0007443428,0.000281430839095,921.906407594,0.0041426926,4.76,34.4552286678,0.494,3823
10.0,1.00146019459,0.000281500251731,921.967709348,0.0041426926,4.76,34.4552286678,0.494,3823
10.0,1.00053060055,0.000281439104583,922.029011099,0.0041426926,4.76,34.4552286678,0.494,3823
10.0,0.999748051167,0.00028136963374,922.090312848,0.0041426926,4.76,34.4552286678,0.494,3823
10.0,1.00041055679,0.000281463493593,922.151614594,0.0041426926,4.76,34.4552286678,0.494,3823
10.0,1.00017309189,0.000281408225419,922.212916337,0.0041426926,4.76,34.4552286678,0.494,3823
10.0,0.999939143658,0.00028138194466,922.274218178,0.0041426926,4.76,34.4552286678,0.494,3823
10.0,1.00046348572,0.000281410786556,922.335519917,0.0041426926,4.76,34.4552286678,0.494,3823
10.0,1.00020611286,0.000281362474198,922.396821653,0.0041426926,4.76,34.4552286678,0.494,3823
10.0,1.00018548965,0.000281357904896,922.458123386,0.0041426926,4.76,34.4552286678,0.494,3823
10.0,0.999161243439,0.000281326560071,922.519425217,0.0041426926,4.76,34.4552286678,0.494,3823
10.0,1.00047433376,0.000281330954749,922.580726945,0.0041426926,4.76,34.4552286678,0.494,3823
10.0,1.00046086311,0.000281360989902,922.64202867,0.0041426926,4.76,34.4552286678,0.494,3823
10.0,0.999669194221,0.000281317945337,922.703330393,0.0041426926,4.76,34.4552286678,0.494,3823
10.0,1.00006854534,0.000281336571788,922.764632114,0.0041426926,4.76,34.4552286678,0.494,3823
10.0,0.999549925327,0.000281324231764,922.825933732,0.0041426926,4.76,34.4552286678,0.494,3823
10.0,0.999599695206,0.000281354616163,922.887235547,0.0041426926,4.76,34.4552286678,0.494,3823
10.0,1.00013792515,0.000281391432509,922.94853726,0.0041426926,4.76,34.4552286678,0.494,3823
10.0,0.999703764915,0.000281357148197,923.00983897,0.0041426926,4.76,34.4552286678,0.494,3823
10.0,0.999405324459,0.000281363580143,923.071140777,0.0041426926,4.76,34.4552286678,0.494,3823
10.0,0.998955011368,0.000281360960798,923.132442482,0.0041426926,4.76,34.4552286678,0.494,3823
10.0,0.999490082264,0.000281377666397,923.193744185,0.0041426926,4.76,34.4552286678,0.494,3823
10.0,0.999177336693,0.000281312823063,923.255045885,0.0041426926,4.76,34.4552286678,0.494,3823
10.0,0.998989641666,0.000281354354229,923.316347582,0.0041426926,4.76,34.4552286678,0.494,3823
10.0,0.999158620834,0.000281321699731,923.377649277,0.0041426926,4.76,34.4552286678,0.494,3823
10.0,0.999569714069,0.000281366927084,923.438950969,0.0041426926,4.76,34.4552286678,0.494,3823
10.0,0.99927508831,0.000281336426269,923.500252658,0.0041426926,4.76,34.4552286678,0.494,3823
10.0,0.999186754227,0.000281278451439,923.561554345,0.0041426926,4.76,34.4552286678,0.494,3823
10.0,0.99930036068,0.000281346903648,923.622856029,0.0041426926,4.76,34.4552286678,0.494,3823
10.0,0.998911619186,0.000281338987406,923.684157711,0.0041426926,4.76,34.4552286678,0.494,3823
10.0,0.998960494995,0.000281328713754,923.74545939,0.0041426926,4.76,34.4552286678,0.494,3823
10.0,0.999070227146,0.000281308806734,923.806761067,0.0041426926,4.76,34.4552286678,0.494,3823
10.0,0.998504519463,0.000281327724224,923.888496732,0.0041426926,4.76,34.4552286678,0.494,3823
10.0,0.997823476791,0.00028123985976,923.949798402,0.0041426926,4.76,34.4552286678,0.494,3823
10.0,0.998590648174,0.000281341810478,924.01110017,0.0041426926,4.76,34.4552286678,0.494,3823
10.0,0.998268604279,0.000281295593595,924.072401835,0.0041426926,4.76,34.4552286678,0.494,3823
10.0,0.99812734127,0.000281296786852,924.133703398,0.0041426926,4.76,34.4552286678,0.494,3823
10.0,0.998530387878,0.000281305372482,924.195005058,0.0041426926,4.76,34.4552286678,0.494,3823
10.0,0.997474789619,0.000281273241853,924.276740701,0.0041426926,4.76,34.4552286678,0.494,3823
10.0,0.998239278793,0.000281241547782,924.338042355,0.0041426926,4.76,34.4552286678,0.494,3823
10.0,0.997119545937,0.000281233136775,924.399344007,0.0041426926,4.76,34.4552286678,0.494,3823
10.0,0.997757673264,0.000281230430119,924.460645656,0.0041426926,4.76,34.4552286678,0.494,3823
10.0,0.998275101185,0.000281315849861,924.521947302,0.0041426926,4.76,34.4552286678,0.494,3823
10.0,0.997695982456,0.000281204120256,924.583249046,0.0041426926,4.76,34.4552286678,0.494,3823
10.0,0.997653484344,0.000281235872535,924.644550687,0.0041426926,4.76,34.4552286678,0.494,3823
10.0,0.997328579426,0.000281205429928,924.705852326,0.0041426926,4.76,34.4552286678,0.494,3823
10.0,0.997228085995,0.000281222630292,924.767153962,0.0041426926,4.76,34.4552286678,0.494,3823
10.0,0.997185707092,0.000281202897895,924.828455595,0.0041426926,4.76,34.4552286678,0.494,3823
10.0,0.996652424335,0.000281128042843,924.889757126,0.0041426926,4.76,34.4552286678,0.494,3823
10.0,0.996616005898,0.000281157030258,924.951058854,0.0041426926,4.76,34.4552286678,0.494,3823
10.0,0.997242093086,0.000281200016616,925.012360579,0.0041426926,4.76,34.4552286678,0.494,3823
10.0,0.996830701828,0.000281221669866,925.073662203,0.0041426926,4.76,34.4552286678,0.494,3823
10.0,0.996803224087,0.000281221145997,925.134963823,0.0041426926,4.76,34.4552286678,0.494,3823
10.0,0.996526658535,0.000281197426375,925.19626544,0.0041426926,4.76,34.4552286678,0.494,3823
10.0,0.99568015337,0.000281160086161,925.257567056,0.0041426926,4.76,34.4552286678,0.494,3823
10.0,0.995862543583,0.000281007523881,925.318868668,0.0041426926,4.76,34.4552286678,0.494,3823
10.0,0.996243059635,0.000281094398815,925.380170278,0.0041426926,4.76,34.4552286678,0.494,3823
10.0,0.995696485043,0.00028104611556,925.441471885,0.0041426926,4.76,34.4552286678,0.494,3823
10.0,0.996651649475,0.000281061540591,925.50277349,0.0041426926,4.76,34.4552286678,0.494,3823
10.0,0.995737195015,0.00028105918318,925.564075092,0.0041426926,4.76,34.4552286678,0.494,3823
10.0,0.996185839176,0.000281065003946,925.625376692,0.0041426926,4.76,34.4552286678,0.494,3823
10.0,0.995755076408,0.000281038432149,925.686678289,0.0041426926,4.76,34.4552286678,0.494,3823
10.0,0.995288789272,0.000280999025563,925.747979883,0.0041426926,4.76,34.4552286678,0.494,3823
10.0,0.995789170265,0.000281031097984,925.809281674,0.0041426926,4.76,34.4552286678,0.494,3823
10.0,0.996378660202,0.000281034008367,925.870583263,0.0041426926,4.76,34.4552286678,0.494,3823
10.0,0.996026456356,0.000281018204987,925.93188485,0.0041426926,4.76,34.4552286678,0.494,3823
10.0,0.995426654816,0.000281022657873,925.993186434,0.0041426926,4.76,34.4552286678,0.494,3823
10.0,0.995310425758,0.000280996260699,926.054488015,0.0041426926,4.76,34.4552286678,0.494,3823
10.0,0.995318591595,0.00028100569034,926.115789593,0.0041426926,4.76,34.4552286678,0.494,3823
10.0,0.995234310627,0.000281004584394,926.177091169,0.0041426926,4.76,34.4552286678,0.494,3823
10.0,0.995562434196,0.000281105574686,926.238392742,0.0041426926,4.76,34.4552286678,0.494,3823
10.0,0.995192229748,0.000281131564407,926.299694313,0.0041426926,4.76,34.4552286678,0.494,3823
10.0,0.995855152607,0.000281159038423,926.360995881,0.0041426926,4.76,34.4552286678,0.494,3823
10.0,0.994626104832,0.000281049375189,926.422297447,0.0041426926,4.76,34.4552286678,0.494,3823
10.0,0.994975686073,0.000281073298538,926.483599009,0.0041426926,4.76,34.4552286678,0.494,3823
10.0,0.994643747807,0.000281077605905,926.54490057,0.0041426926,4.76,34.4552286678,0.494,3823
10.0,0.994925141335,0.000281126733171,926.606202127,0.0041426926,4.76,34.4552286678,0.494,3823
10.0,0.994633376598,0.000281069456832,926.667503782,0.0041426926,4.76,34.4552286678,0.494,3823
10.0,0.995090007782,0.000281098327832,926.728805434,0.0041426926,4.76,34.4552286678,0.494,3823
10.0,0.995477616787,0.000281338958303,926.790106884,0.0041426926,4.76,34.4552286678,0.494,3823
10.0,0.99398201704,0.000281006621663,926.87184228,0.0041426926,4.76,34.4552286678,0.494,3823
10.0,0.994654417038,0.000281043670839,926.933143823,0.0041426926,4.76,34.4552286678,0.494,3823
10.0,0.994240224361,0.000280997279333,926.994445364,0.0041426926,4.76,34.4552286678,0.494,3823
10.0,0.994948923588,0.00028105606907,927.055746902,0.0041426926,4.76,34.4552286678,0.494,3823
10.0,0.994533658028,0.000281037209788,927.117048438,0.0041426926,4.76,34.4552286678,0.494,3823
10.0,0.994837284088,0.000281010929029,927.178350071,0.0041426926,4.76,34.4552286678,0.494,3823
10.0,0.994243204594,0.000281023909338,927.239651602,0.0041426926,4.76,34.4552286678,0.494,3823
10.0,0.994184136391,0.000281005952274,927.300953229,0.0041426926,4.76,34.4552286678,0.494,3823
10.0,0.993990361691,0.000281000684481,927.362254754,0.0041426926,4.76,34.4552286678,0.494,3823
10.0,0.994605123997,0.000281008396996,927.423556277,0.0041426926,4.76,34.4552286678,0.494,3823
10.0,0.993805587292,0.000280991167529,927.484857697,0.0041426926,4.76,34.4552286678,0.494,3823
10.0,0.993713200092,0.000280961714452,927.546159214,0.0041426926,4.76,34.4552286678,0.494,3823
10.0,0.9935978055,0.000280965992715,927.607460728,0.0041426926,4.76,34.4552286678,0.494,3823
10.0,0.993525147438,0.00028093328001,927.66876234,0.0041426926,4.76,34.4552286678,0.494,3823
10.0,0.993207275867,0.000280886830296,927.73006385,0.0041426926,4.76,34.4552286678,0.494,3823
10.0,0.993300437927,0.000280926120467,927.791365357,0.0041426926,4.76,34.4552286678,0.494,3823
10.0,0.993120372295,0.000280938489595,927.852666861,0.0041426926,4.76,34.4552286678,0.494,3823
10.0,0.992857456207,0.000280906504486,927.913968362,0.0041426926,4.76,34.4552286678,0.494,3823
10.0,0.993000209332,0.000280898064375,927.975269861,0.0041426926,4.76,34.4552286678,0.494,3823
10.0,0.992669701576,0.000280878099147,928.036571457,0.0041426926,4.76,34.4552286678,0.494,3823
10.0,0.992356598377,0.000280870357528,928.09787295,0.0041426926,4.76,34.4552286678,0.494,3823
10.0,0.992869436741,0.000280931126326,928.159174441,0.0041426926,4.76,34.4552286678,0.494,3823
10.0,0.992251098156,0.000280861189822,928.220475929,0.0041426926,4.76,34.4552286678,0.494,3823
10.0,0.992413163185,0.00028086794191,928.281777415,0.0041426926,4.76,34.4552286678,0.494,3823
10.0,0.992271065712,0.000280816835584,928.343078898,0.0041426926,4.76,34.4552286678,0.494,3823
10.0,0.992597103119,0.000280825537629,928.404380378,0.0041426926,4.76,34.4552286678,0.494,3823
10.0,0.992008626461,0.000280817272142,928.465681855,0.0041426926,4.76,34.4552286678,0.494,3823
10.0,0.99214309454,0.000280823529465,928.52698333,0.0041426926,4.76,34.4552286678,0.494,3823
10.0,0.991616129875,0.000280808133539,928.588284903,0.0041426926,4.76,34.4552286678,0.494,3823
10.0,0.991978704929,0.000280833162833,928.649586372,0.0041426926,4.76,34.4552286678,0.494,3823
10.0,0.991287589073,0.000280771200778,928.71088784,0.0041426926,4.76,34.4552286678,0.494,3823
10.0,0.992213249207,0.000280805135844,928.772189304,0.0041426926,4.76,34.4552286678,0.494,3823
10.0,0.991371452808,0.000280768144876,928.833490866,0.0041426926,4.76,34.4552286678,0.494,3823
10.0,0.991335511208,0.000280795007711,928.894792325,0.0041426926,4.76,34.4552286678,0.494,3823
10.0,0.991409957409,0.000280771724647,928.956093781,0.0041426926,4.76,34.4552286678,0.494,3823
10.0,0.991494059563,0.000280820560874,929.017395235,0.0041426926,4.76,34.4552286678,0.494,3823
10.0,0.991356670856,0.000280782027403,929.078696686,0.0041426926,4.76,34.4552286678,0.494,3823
10.0,0.990354597569,0.000280725973425,929.139998134,0.0041426926,4.76,34.4552286678,0.494,3823
10.0,0.990532696247,0.000280710839434,929.20129958,0.0041426926,4.76,34.4552286678,0.494,3823
10.0,0.990311920643,0.000280726322671,929.262601023,0.0041426926,4.76,34.4552286678,0.494,3823
10.0,0.990030348301,0.000280676933471,929.323902464,0.0041426926,4.76,34.4552286678,0.494,3823
10.0,0.990987062454,0.000280706444755,929.385203901,0.0041426926,4.76,34.4552286678,0.494,3823
10.0,0.990314602852,0.000280653650407,929.446505337,0.0041426926,4.76,34.4552286678,0.494,3823
10.0,0.989798486233,0.000280662323348,929.507806769,0.0041426926,4.76,34.4552286678,0.494,3823
10.0,0.990656852722,0.000280686916085,929.569108199,0.0041426926,4.76,34.4552286678,0.494,3823
10.0,0.990197956562,0.000280653650407,929.630409626,0.0041426926,4.76,34.4552286678,0.494,3823
10.0,0.989622294903,0.00028061112971,929.691711151,0.0041426926,4.76,34.4552286678,0.494,3823
10.0,0.989473938942,0.000280593900243,929.753012572,0.0041426926,4.76,34.4552286678,0.494,3823
10.0,0.989806175232,0.000280600972474,929.814314092,0.0041426926,4.76,34.4552286678,0.494,3823
10.0,0.989263176918,0.000280543725239,929.936916922,0.0041426926,4.76,34.4552286678,0.494,3823
10.0,0.989491462708,0.000280566629954,929.998218333,0.0041426926,4.76,34.4552286678,0.494,3823
10.0,0.989128351212,0.000280579348328,930.059519742,0.0041426926,4.76,34.4552286678,0.494,3823
10.0,0.988579332829,0.000280482752714,930.120821148,0.0041426926,4.76,34.4552286678,0.494,3823
10.0,0.988421440125,0.000280475826003,930.182122551,0.0041426926,4.76,34.4552286678,0.494,3823
10.0,0.989222407341,0.000280547741568,930.243423951,0.0041426926,4.76,34.4552286678,0.494,3823
10.0,0.988932311535,0.000280541949905,930.304725349,0.0041426926,4.76,34.4552286678,0.494,3823
10.0,0.98902374506,0.000280480046058,930.386460642,0.0041426926,4.76,34.4552286678,0.494,3823
10.0,0.98885935545,0.000280568667222,930.447762034,0.0041426926,4.76,34.4552286678,0.494,3823
10.0,0.988491892815,0.000280482752714,930.509063423,0.0041426926,4.76,34.4552286678,0.494,3823
10.0,0.988165438175,0.000280401960481,930.570364809,0.0041426926,4.76,34.4552286678,0.494,3823
10.0,0.988495409489,0.000280494714389,930.631666193,0.0041426926,4.76,34.4552286678,0.494,3823
10.0,0.988305211067,0.00028040856705,930.692967574,0.0041426926,4.76,34.4552286678,0.494,3823
10.0,0.987566888332,0.000280359759927,930.754268952,0.0041426926,4.76,34.4552286678,0.494,3823
10.0,0.987763345242,0.000280369858956,930.815570328,0.0041426926,4.76,34.4552286678,0.494,3823
10.0,0.987664699554,0.000280360953184,930.8768717,0.0041426926,4.76,34.4552286678,0.494,3823
10.0,0.987569272518,0.000280273670796,930.938173071,0.0041426926,4.76,34.4552286678,0.494,3823
10.0,0.986944317818,0.000280297244899,930.999474438,0.0041426926,4.76,34.4552286678,0.494,3823
10.0,0.986425042152,0.000280227686744,931.060775803,0.0041426926,4.76,34.4552286678,0.494,3823
10.0,0.986399352551,0.000280248263152,931.122077266,0.0041426926,4.76,34.4552286678,0.494,3823
10.0,0.986718416214,0.000280301930616,931.183378625,0.0041426926,4.76,34.4552286678,0.494,3823
10.0,0.986695110798,0.000280292646494,931.244679982,0.0041426926,4.76,34.4552286678,0.494,3823
10.0,0.986952185631,0.000280300126178,931.305981436,0.0041426926,4.76,34.4552286678,0.494,3823
10.0,0.986678183079,0.000280215870589,931.367282788,0.0041426926,4.76,34.4552286678,0.494,3823
10.0,0.986765980721,0.00028029747773,931.428584137,0.0041426926,4.76,34.4552286678,0.494,3823
10.0,0.986564874649,0.000280279055005,931.489885483,0.0041426926,4.76,34.4552286678,0.494,3823
10.0,0.986875295639,0.000280334963463,931.551186726,0.0041426926,4.76,34.4552286678,0.494,3823
10.0,0.986897706985,0.000280312116956,931.612488067,0.0041426926,4.76,34.4552286678,0.494,3823
10.0,0.985772669315,0.000280217820546,931.673789505,0.0041426926,4.76,34.4552286678,0.494,3823
10.0,0.98647248745,0.000280294188997,931.735090841,0.0041426926,4.76,34.4552286678,0.494,3823
10.0,0.986341536045,0.000280278734863,931.796392173,0.0041426926,4.76,34.4552286678,0.494,3823
10.0,0.985992848873,0.000280255335383,931.857693504,0.0041426926,4.76,34.4552286678,0.494,3823
10.0,0.985773742199,0.000280206790194,931.918994931,0.0041426926,4.76,34.4552286678,0.494,3823
10.0,0.985524296761,0.000280174223008,931.980296256,0.0041426926,4.76,34.4552286678,0.494,3823
10.0,0.986491322517,0.000280263979221,932.041597578,0.0041426926,4.76,34.4552286678,0.494,3823
10.0,0.985392391682,0.000280230422504,932.102898897,0.0041426926,4.76,34.4552286678,0.494,3823
10.0,0.985436797142,0.000280208216282,932.164200214,0.0041426926,4.76,34.4552286678,0.494,3823
10.0,0.985100507736,0.000280206877505,932.225501528,0.0041426926,4.76,34.4552286678,0.494,3823
10.0,0.985583662987,0.000280231441138,932.286802839,0.0041426926,4.76,34.4552286678,0.494,3823
10.0,0.984767496586,0.000280109379673,932.348104147,0.0041426926,4.76,34.4552286678,0.494,3823
10.0,0.984897255898,0.000280156556983,932.409405453,0.0041426926,4.76,34.4552286678,0.494,3823
10.0,0.984757721424,0.000280123378616,932.470706757,0.0041426926,4.76,34.4552286678,0.494,3823
10.0,0.984490931034,0.000280075677438,932.532008057,0.0041426926,4.76,34.4552286678,0.494,3823
10.0,0.984404563904,0.000280029868009,932.593309355,0.0041426926,4.76,34.4552286678,0.494,3823
10.0,0.984675586224,0.000280135573121,932.65461075,0.0041426926,4.76,34.4552286678,0.494,3823
10.0,0.984146296978,0.000280091771856,932.715912043,0.0041426926,4.76,34.4552286678,0.494,3823
10.0,0.984346330166,0.000280093925539,932.777213432,0.0041426926,4.76,34.4552286678,0.494,3823
10.0,0.984440207481,0.000280069245491,932.858948481,0.0041426926,4.76,34.4552286678,0.494,3823
10.0,0.984304130077,0.000280078966171,932.920249665,0.0041426926,4.76,34.4552286678,0.494,3823
10.0,0.983742713928,0.000280089589069,932.981550946,0.0041426926,4.76,34.4552286678,0.494,3823
10.0,0.98403429985,0.000280028034467,933.042852224,0.0041426926,4.76,34.4552286678,0.494,3823
10.0,0.984286367893,0.000280030391878,933.104153499,0.0041426926,4.76,34.4552286678,0.494,3823
10.0,0.983934164047,0.000279979460174,933.165454772,0.0041426926,4.76,34.4552286678,0.494,3823
10.0,0.98351085186,0.000279904226772,933.226756142,0.0041426926,4.76,34.4552286678,0.494,3823
10.0,0.984341740608,0.000280045991531,933.288057409,0.0041426926,4.76,34.4552286678,0.494,3823
10.0,0.984083175659,0.000280031876173,933.349358774,0.0041426926,4.76,34.4552286678,0.494,3823
10.0,0.98384988308,0.00028001453029,933.410660036,0.0041426926,4.76,34.4552286678,0.494,3823
10.0,0.983492195606,0.000280029256828,933.471961295,0.0041426926,4.76,34.4552286678,0.494,3823
10.0,0.983207166195,0.000279953266727,933.533262551,0.0041426926,4.76,34.4552286678,0.494,3823
10.0,0.983035385609,0.000280003790976,933.594563805,0.0041426926,4.76,34.4552286678,0.494,3823
10.0,0.983747422695,0.000279952044366,933.655865056,0.0041426926,4.76,34.4552286678,0.494,3823
10.0,0.983747899532,0.000280009960989,933.717166305,0.0041426926,4.76,34.4552286678,0.494,3823
10.0,0.983622610569,0.000279916886939,933.77846755,0.0041426926,4.76,34.4552286678,0.494,3823
10.0,0.983354747295,0.000279960484477,933.839768794,0.0041426926,4.76,34.4552286678,0.494,3823
10.0,0.983239531517,0.000279994856101,933.901070034,0.0041426926,4.76,34.4552286678,0.494,3823
10.0,0.983677864075,0.000279980420601,933.962371272,0.0041426926,4.76,34.4552286678,0.494,3823
10.0,0.983536720276,0.000279982428765,934.023672506,0.0041426926,4.76,34.4552286678,0.494,3823
10.0,0.983701407909,0.000280008127447,934.084973739,0.0041426926,4.76,34.4552286678,0.494,3823
10.0,0.984362840652,0.000280001346255,934.146274968,0.0041426926,4.76,34.4552286678,0.494,3823
10.0,0.983979403973,0.000279999396298,934.207576395,0.0041426926,4.76,34.4552286678,0.494,3823
10.0,0.983670353889,0.000279963423964,934.268877519,0.0041426926,4.76,34.4552286678,0.494,3823
10.0,0.983536243439,0.000279996107565,934.330178741,0.0041426926,4.76,34.4552286678,0.494,3823
10.0,0.983689665794,0.000280045816908,934.391480059,0.0041426926,4.76,34.4552286678,0.494,3823
10.0,0.983699738979,0.000280030362774,934.452781275,0.0041426926,4.76,34.4552286678,0.494,3823
10.0,0.983544707298,0.000279948406387,934.514082489,0.0041426926,4.76,34.4552286678,0.494,3823
10.0,0.984121918678,0.00028002099134,934.575383699,0.0041426926,4.76,34.4552286678,0.494,3823
10.0,0.983649373055,0.000279980420601,934.636684907,0.0041426926,4.76,34.4552286678,0.494,3823
10.0,0.984182596207,0.00028000594466,934.697986112,0.0041426926,4.76,34.4552286678,0.494,3823
10.0,0.984404265881,0.000280037085759,934.759287315,0.0041426926,4.76,34.4552286678,0.494,3823
10.0,0.983698129654,0.000280056905467,934.820588514,0.0041426926,4.76,34.4552286678,0.494,3823
10.0,0.984287261963,0.000280058913631,934.881889711,0.0041426926,4.76,34.4552286678,0.494,3823
10.0,0.984408855438,0.000280054402538,934.943190906,0.0041426926,4.76,34.4552286678,0.494,3823
10.0,0.98584240675,0.00028044602368,935.004492097,0.0041426926,4.76,34.4552286678,0.494,3823
10.0,0.984427034855,0.000280094071059,935.065793386,0.0041426926,4.76,34.4552286678,0.494,3823
10.0,0.984439432621,0.000280059000943,935.127094573,0.0041426926,4.76,34.4552286678,0.494,3823
10.0,0.984088182449,0.00028000009479,935.188395756,0.0041426926,4.76,34.4552286678,0.494,3823
10.0,0.984450399876,0.000280122680124,935.249696937,0.0041426926,4.76,34.4552286678,0.494,3823
10.0,0.984269380569,0.000280085310806,935.310998115,0.0041426926,4.76,34.4552286678,0.494,3823
10.0,0.984729468822,0.000280112290056,935.37229939,0.0041426926,4.76,34.4552286678,0.494,3823
10.0,0.984451711178,0.00028014491545,935.433600563,0.0041426926,4.76,34.4552286678,0.494,3823
10.0,0.984227120876,0.000280156789813,935.494901733,0.0041426926,4.76,34.4552286678,0.494,3823
10.0,0.985006868839,0.000280147476587,935.5562029,0.0041426926,4.76,34.4552286678,0.494,3823
10.0,0.985720038414,0.000280249107163,935.617504064,0.0041426926,4.76,34.4552286678,0.494,3823
10.0,0.985534131527,0.000280179228866,935.678805126,0.0041426926,4.76,34.4552286678,0.494,3823
10.0,0.985119044781,0.000280177220702,935.740106385,0.0041426926,4.76,34.4552286678,0.494,3823
10.0,0.985222637653,0.000280137435766,935.82184126,0.0041426926,4.76,34.4552286678,0.494,3823
10.0,0.985322833061,0.00028004514752,935.883142413,0.0041426926,4.76,34.4552286678,0.494,3823
10.0,0.985626339912,0.000280243955785,935.944443662,0.0041426926,4.76,34.4552286678,0.494,3823
10.0,0.986071825027,0.000280224659946,936.00574481,0.0041426926,4.76,34.4552286678,0.494,3823
10.0,0.985531806946,0.000280216831015,936.067045954,0.0041426926,4.76,34.4552286678,0.494,3823
10.0,0.987100720406,0.000280326232314,936.128347096,0.0041426926,4.76,34.4552286678,0.494,3823
10.0,0.986668646336,0.000280293112155,936.189648235,0.0041426926,4.76,34.4552286678,0.494,3823
10.0,0.986447989941,0.000280265201582,936.250949372,0.0041426926,4.76,34.4552286678,0.494,3823
10.0,0.986943840981,0.000280307489447,936.312250506,0.0041426926,4.76,34.4552286678,0.494,3823
10.0,0.987018167973,0.000280296691926,936.373551636,0.0041426926,4.76,34.4552286678,0.494,3823
10.0,0.986933231354,0.000280297274003,936.434852765,0.0041426926,4.76,34.4552286678,0.494,3823
10.0,0.987376570702,0.000280358333839,936.49615399,0.0041426926,4.76,34.4552286678,0.494,3823
10.0,0.987782776356,0.000280326930806,936.557455113,0.0041426926,4.76,34.4552286678,0.494,3823
10.0,0.987493634224,0.000280336855212,936.618756233,0.0041426926,4.76,34.4552286678,0.494,3823
10.0,0.987605571747,0.000280353240669,936.680057351,0.0041426926,4.76,34.4552286678,0.494,3823
10.0,0.988333523273,0.000280352018308,936.741358465,0.0041426926,4.76,34.4552286678,0.494,3823
10.0,0.988011956215,0.000280384003418,936.802659577,0.0041426926,4.76,34.4552286678,0.494,3823
10.0,0.987779378891,0.000280382897472,936.863960686,0.0041426926,4.76,34.4552286678,0.494,3823
10.0,0.987968087196,0.000280345440842,936.925261893,0.0041426926,4.76,34.4552286678,0.494,3823
10.0,0.987982034683,0.000279239553493,937.824344575,0.0041426926,4.76,34.4552286678,0.494,3823
10.0,0.989229083061,0.000279526371742,937.885645639,0.0041426926,4.76,34.4552286678,0.494,3823
10.0,0.98933160305,0.000279518979369,937.9469468,0.0041426926,4.76,34.4552286678,0.494,3823
10.0,0.989573419094,0.000279688189039,938.008247858,0.0041426926,4.76,34.4552286678,0.494,3823
10.0,0.990082979202,0.00027995891287,938.069548914,0.0041426926,4.76,34.4552286678,0.494,3823
10.0,0.990714669228,0.000280000618659,938.130849966,0.0041426926,4.76,34.4552286678,0.494,3823
10.0,0.991182565689,0.000280053413007,938.192151016,0.0041426926,4.76,34.4552286678,0.494,3823
10.0,0.990549504757,0.00028028638917,938.253452064,0.0041426926,4.76,34.4552286678,0.494,3823
10.0,0.990753293037,0.000280333624687,938.314753108,0.0041426926,4.76,34.4552286678,0.494,3823
10.0,0.990868270397,0.000280523439869,938.37605415,0.0041426926,4.76,34.4552286678,0.494,3823
10.0,0.990969955921,0.000280515640043,938.437355189,0.0041426926,4.76,34.4552286678,0.494,3823
10.0,0.991926670074,0.000280699139694,938.498656326,0.0041426926,4.76,34.4552286678,0.494,3823
10.0,0.992121994495,0.000280721898889,938.55995736,0.0041426926,4.76,34.4552286678,0.494,3823
10.0,0.992691397667,0.000280736887362,938.621258391,0.0041426926,4.76,34.4552286678,0.494,3823
10.0,0.992635905743,0.000280763342744,938.682559419,0.0041426926,4.76,34.4552286678,0.494,3823
10.0,0.993148565292,0.000280819978798,938.743860445,0.0041426926,4.76,34.4552286678,0.494,3823
10.0,0.993395626545,0.000280821259366,938.805161467,0.0041426926,4.76,34.4552286678,0.494,3823
10.0,0.993429780006,0.000280927168205,938.866462487,0.0041426926,4.76,34.4552286678,0.494,3823
10.0,0.993673801422,0.00028091922286,938.927763605,0.0041426926,4.76,34.4552286678,0.494,3823
10.0,0.993977189064,0.000280908658169,938.989064619,0.0041426926,4.76,34.4552286678,0.494,3823
10.0,0.994530320168,0.000280976586509,939.050365631,0.0041426926,4.76,34.4552286678,0.494,3823
10.0,0.994359195232,0.000280988839222,939.11166654,0.0041426926,4.76,34.4552286678,0.494,3823
10.0,0.99438226223,0.000280967535218,939.172967547,0.0041426926,4.76,34.4552286678,0.494,3823
10.0,0.994897127151,0.00028096800088,939.23426855,0.0041426926,4.76,34.4552286678,0.494,3823
10.0,0.995530366898,0.000280992069747,939.295569751,0.0041426926,4.76,34.4552286678,0.494,3823
10.0,0.995840489864,0.000280996318907,939.356870749,0.0041426926,4.76,34.4552286678,0.494,3823
10.0,0.995834052563,0.000280989916064,939.418171745,0.0041426926,4.76,34.4552286678,0.494,3823
10.0,0.995286285877,0.000280964013655,939.479472737,0.0041426926,4.76,34.4552286678,0.494,3823
10.0,0.996481955051,0.000280984444544,939.540773727,0.0041426926,4.76,34.4552286678,0.494,3823
10.0,0.996355891228,0.000280989916064,939.602074714,0.0041426926,4.76,34.4552286678,0.494,3823
10.0,0.997690498829,0.000281078246189,939.663375699,0.0041426926,4.76,34.4552286678,0.494,3823
10.0,0.997226476669,0.000281015789369,939.724676681,0.0041426926,4.76,34.4552286678,0.494,3823
10.0,0.996932685375,0.000281016487861,939.78597766,0.0041426926,4.76,34.4552286678,0.494,3823
10.0,0.997677028179,0.000281070620986,939.847278636,0.0041426926,4.76,34.4552286678,0.494,3823
10.0,0.998270213604,0.000281094020465,939.908579609,0.0041426926,4.76,34.4552286678,0.494,3823
10.0,0.999019026756,0.000281152577372,939.990314336,0.0041426926,4.76,34.4552286678,0.494,3823
10.0,0.998480975628,0.000281152490061,940.051615304,0.0041426926,4.76,34.4552286678,0.494,3823
10.0,0.999182760715,0.000281178654404,940.112916268,0.0041426926,4.76,34.4552286678,0.494,3823
10.0,0.999154210091,0.00028117801412,940.17421723,0.0041426926,4.76,34.4552286678,0.494,3823
10.0,0.999403059483,0.000281177519355,940.235518188,0.0041426926,4.76,34.4552286678,0.494,3823
10.0,0.999522268772,0.000281180080492,940.296819145,0.0041426926,4.76,34.4552286678,0.494,3823
10.0,1.00005745888,0.00028115985333,940.358120098,0.0041426926,4.76,34.4552286678,0.494,3823
10.0,0.999516785145,0.000281114538666,940.419421049,0.0041426926,4.76,34.4552286678,0.494,3823
10.0,1.00016915798,0.000281154178083,940.480721996,0.0041426926,4.76,34.4552286678,0.494,3823
10.0,1.00005936623,0.000281115469988,940.542022942,0.0041426926,4.76,34.4552286678,0.494,3823
10.0,1.00111460686,0.000281233777059,940.603323884,0.0041426926,4.76,34.4552286678,0.494,3823
10.0,1.00135803223,0.000281226937659,940.664624824,0.0041426926,4.76,34.4552286678,0.494,3823
10.0,1.00203812122,0.000281306711258,940.725925961,0.0041426926,4.76,34.4552286678,0.494,3823
10.0,1.00155627728,0.000281204411294,940.787226895,0.0041426926,4.76,34.4552286678,0.494,3823
10.0,1.00161039829,0.000281170301605,940.848527827,0.0041426926,4.76,34.4552286678,0.494,3823
10.0,1.00217759609,0.000281203334453,940.909828755,0.0041426926,4.76,34.4552286678,0.494,3823
10.0,1.00188159943,0.000281169399386,940.971129681,0.0041426926,4.76,34.4552286678,0.494,3823
10.0,1.00259208679,0.00028131029103,941.032430604,0.0041426926,4.76,34.4552286678,0.494,3823
10.0,1.00324058533,0.000281391810859,941.093731525,0.0041426926,4.76,34.4552286678,0.494,3823
10.0,1.00234663486,0.00028120688512,941.155032443,0.0041426926,4.76,34.4552286678,0.494,3823
10.0,1.00257229805,0.000281208805973,941.216333358,0.0041426926,4.76,34.4552286678,0.494,3823
10.0,1.00318968296,0.000281267421087,941.27763427,0.0041426926,4.76,34.4552286678,0.494,3823
10.0,1.00302326679,0.000281208253,941.338935179,0.0041426926,4.76,34.4552286678,0.494,3823
10.0,1.00407707691,0.000281303189695,941.400236086,0.0041426926,4.76,34.4552286678,0.494,3823
10.0,1.00413119793,0.000281297310721,941.46153699,0.0041426926,4.76,34.4552286678,0.494,3823
10.0,1.00388073921,0.000281270476989,941.522837889,0.0041426926,4.76,34.4552286678,0.494,3823
10.0,1.00423157215,0.000281253829598,941.584138887,0.0041426926,4.76,34.4552286678,0.494,3823
10.0,1.00384926796,0.0002813571773,941.645439783,0.0041426926,4.76,34.4552286678,0.494,3823
10.0,1.00536727905,0.000281355431071,941.706740676,0.0041426926,4.76,34.4552286678,0.494,3823
10.0,1.00527024269,0.000281344284303,941.768041567,0.0041426926,4.76,34.4552286678,0.494,3823
10.0,1.004758358,0.000281311571598,941.829342454,0.0041426926,4.76,34.4552286678,0.494,3823
10.0,1.00487446785,0.000281375163468,941.890643339,0.0041426926,4.76,34.4552286678,0.494,3823
10.0,1.00577008724,0.00028133566957,941.951944221,0.0041426926,4.76,34.4552286678,0.494,3823
10.0,1.00562357903,0.000281349668512,942.0132452,0.0041426926,4.76,34.4552286678,0.494,3823
10.0,1.00535345078,0.000281493266812,942.074546077,0.0041426926,4.76,34.4552286678,0.494,3823
10.0,1.00560390949,0.000281493994407,942.13584695,0.0041426926,4.76,34.4552286678,0.494,3823
10.0,1.00596630573,0.000281504617305,942.197147821,0.0041426926,4.76,34.4552286678,0.494,3823
10.0,1.00627470016,0.000281561806332,942.25844869,0.0041426926,4.76,34.4552286678,0.494,3823
10.0,1.00639986992,0.000281475688098,942.319749555,0.0041426926,4.76,34.4552286678,0.494,3823
10.0,1.00722420216,0.00028156224289,942.381050418,0.0041426926,4.76,34.4552286678,0.494,3823
10.0,1.00725102425,0.000281614251435,942.442351378,0.0041426926,4.76,34.4552286678,0.494,3823
10.0,1.0075135231,0.000281599583104,942.503652236,0.0041426926,4.76,34.4552286678,0.494,3823
10.0,1.00743305683,0.000281608197838,942.56495309,0.0041426926,4.76,34.4552286678,0.494,3823
10.0,1.00766968727,0.000281644548522,942.626253942,0.0041426926,4.76,34.4552286678,0.494,3823
10.0,1.00813770294,0.000281662301859,942.687554791,0.0041426926,4.76,34.4552286678,0.494,3823
10.0,1.00802528858,0.000281604880001,942.748855637,0.0041426926,4.76,34.4552286678,0.494,3823
10.0,1.00812482834,0.000281702901702,942.810156481,0.0041426926,4.76,34.4552286678,0.494,3823
10.0,1.00786161423,0.000281726388494,942.871457321,0.0041426926,4.76,34.4552286678,0.494,3823
10.0,1.00806295872,0.00028173244209,942.932758159,0.0041426926,4.76,34.4552286678,0.494,3823
10.0,1.00864171982,0.000281739223283,943.014492706,0.0041426926,4.76,34.4552286678,0.494,3823
10.0,1.00858104229,0.00028168380959,943.075793537,0.0041426926,4.76,34.4552286678,0.494,3823
10.0,1.00846278667,0.000281742075458,943.137094366,0.0041426926,4.76,34.4552286678,0.494,3823
10.0,1.0086171627,0.000281731161522,943.198395192,0.0041426926,4.76,34.4552286678,0.494,3823
10.0,1.00894773006,0.000281757558696,943.259696016,0.0041426926,4.76,34.4552286678,0.494,3823
10.0,1.00914466381,0.00028174178442,943.320996836,0.0041426926,4.76,34.4552286678,0.494,3823
10.0,1.00996768475,0.000281791319139,943.382297654,0.0041426926,4.76,34.4552286678,0.494,3823
10.0,1.00923073292,0.000281735527096,943.443598469,0.0041426926,4.76,34.4552286678,0.494,3823
10.0,1.01020669937,0.000281869579339,943.504899282,0.0041426926,4.76,34.4552286678,0.494,3823
10.0,1.01026952267,0.000281840795651,943.566200191,0.0041426926,4.76,34.4552286678,0.494,3823
10.0,1.00985789299,0.00028178631328,943.627500998,0.0041426926,4.76,34.4552286678,0.494,3823
10.0,1.00956165791,0.00028176678461,943.688801802,0.0041426926,4.76,34.4552286678,0.494,3823
10.0,1.01053774357,0.000281848799204,943.750102603,0.0041426926,4.76,34.4552286678,0.494,3823
10.0,1.01092731953,0.000281879416434,943.811403402,0.0041426926,4.76,34.4552286678,0.494,3823
10.0,1.01089274883,0.00028182801907,943.872704098,0.0041426926,4.76,34.4552286678,0.494,3823
10.0,1.01025152206,0.000281825952698,943.934005091,0.0041426926,4.76,34.4552286678,0.494,3823
10.0,1.01105260849,0.000281901739072,943.995305881,0.0041426926,4.76,34.4552286678,0.494,3823
10.0,1.01100409031,0.000281865592115,944.056606669,0.0041426926,4.76,34.4552286678,0.494,3823
10.0,1.0116943121,0.000281890388578,944.117907454,0.0041426926,4.76,34.4552286678,0.494,3823
10.0,1.01126909256,0.000281927234028,944.179208236,0.0041426926,4.76,34.4552286678,0.494,3823
10.0,1.01140224934,0.000281924236333,944.240509015,0.0041426926,4.76,34.4552286678,0.494,3823
10.0,1.01144015789,0.000281890999759,944.301809792,0.0041426926,4.76,34.4552286678,0.494,3823
10.0,1.01092743874,0.000281847140286,944.363110565,0.0041426926,4.76,34.4552286678,0.494,3823
10.0,1.01174473763,0.000281955843093,944.424411336,0.0041426926,4.76,34.4552286678,0.494,3823
10.0,1.01238226891,0.000281984481262,944.485712105,0.0041426926,4.76,34.4552286678,0.494,3823
10.0,1.01117944717,0.000281955086393,944.54701287,0.0041426926,4.76,34.4552286678,0.494,3823
10.0,1.0115903616,0.000281940418063,944.608313633,0.0041426926,4.76,34.4552286678,0.494,3823
10.0,1.01198601723,0.000281969871139,944.669614393,0.0041426926,4.76,34.4552286678,0.494,3823
10.0,1.01210200787,0.000282039633021,944.73091515,0.0041426926,4.76,34.4552286678,0.494,3823
10.0,1.01246130466,0.000282004999463,944.792216105,0.0041426926,4.76,34.4552286678,0.494,3823
10.0,1.0120831728,0.000282044027699,944.853516857,0.0041426926,4.76,34.4552286678,0.494,3823
10.0,1.01220202446,0.000281994551187,944.914817606,0.0041426926,4.76,34.4552286678,0.494,3823
10.0,1.0131534338,0.000282082066406,944.976118352,0.0041426926,4.76,34.4552286678,0.494,3823
10.0,1.01189041138,0.000282013614196,945.037419095,0.0041426926,4.76,34.4552286678,0.494,3823
10.0,1.01264286041,0.000282084394712,945.098719836,0.0041426926,4.76,34.4552286678,0.494,3823
10.0,1.01258540154,0.000282021501334,945.160020574,0.0041426926,4.76,34.4552286678,0.494,3823
10.0,1.01390755177,0.000282191322185,945.241754787,0.0041426926,4.76,34.4552286678,0.494,3823
10.0,1.01266813278,0.000282032502582,945.303055519,0.0041426926,4.76,34.4552286678,0.494,3823
10.0,1.01193678379,0.000282031105598,945.364356448,0.0041426926,4.76,34.4552286678,0.494,3823
10.0,1.01342368126,0.000282133434666,945.425657174,0.0041426926,4.76,34.4552286678,0.494,3823
10.0,1.01375603676,0.000282125838567,945.486957897,0.0041426926,4.76,34.4552286678,0.494,3823
10.0,1.01294052601,0.000282083638012,945.548258617,0.0041426926,4.76,34.4552286678,0.494,3823
10.0,1.01327490807,0.000282058434095,945.609559335,0.0041426926,4.76,34.4552286678,0.494,3823
10.0,1.01309382915,0.00028205284616,945.67086005,0.0041426926,4.76,34.4552286678,0.494,3823
10.0,1.01343786716,0.000282131164568,945.732160763,0.0041426926,4.76,34.4552286678,0.494,3823
10.0,1.0129121542,0.000281999266008,945.793461472,0.0041426926,4.76,34.4552286678,0.494,3823
10.0,1.01336312294,0.000282083026832,945.854762179,0.0041426926,4.76,34.4552286678,0.494,3823
10.0,1.01265227795,0.000282060820609,945.916062883,0.0041426926,4.76,34.4552286678,0.494,3823
10.0,1.01347351074,0.000282076362055,945.997797251,0.0041426926,4.76,34.4552286678,0.494,3823
10.0,1.0131291151,0.000282098160824,946.059097948,0.0041426926,4.76,34.4552286678,0.494,3823
10.0,1.01382863522,0.000282124092337,946.120398643,0.0041426926,4.76,34.4552286678,0.494,3823
10.0,1.01348745823,0.000282075052382,946.181699335,0.0041426926,4.76,34.4552286678,0.494,3823
10.0,1.01389539242,0.000282092834823,946.243000024,0.0041426926,4.76,34.4552286678,0.494,3823
10.0,1.01337003708,0.000282051012618,946.304300711,0.0041426926,4.76,34.4552286678,0.494,3823
10.0,1.01379597187,0.000282104214421,946.365601395,0.0041426926,4.76,34.4552286678,0.494,3823
10.0,1.01373493671,0.000282114633592,946.426902076,0.0041426926,4.76,34.4552286678,0.494,3823
10.0,1.01393985748,0.000282068998786,946.488202754,0.0041426926,4.76,34.4552286678,0.494,3823
10.0,1.01389241219,0.000282072287519,946.54950343,0.0041426926,4.76,34.4552286678,0.494,3823
10.0,1.01418578625,0.000282108987449,946.610804102,0.0041426926,4.76,34.4552286678,0.494,3823
10.0,1.01371264458,0.000282019027509,946.672104772,0.0041426926,4.76,34.4552286678,0.494,3823
10.0,1.01427459717,0.000282165216049,946.73340544,0.0041426926,4.76,34.4552286678,0.494,3823
10.0,1.01500988007,0.000282122724457,946.794706104,0.0041426926,4.76,34.4552286678,0.494,3823
10.0,1.0146805048,0.000282104563667,946.856006966,0.0041426926,4.76,34.4552286678,0.494,3823
10.0,1.01441514492,0.000282208231511,946.917307625,0.0041426926,4.76,34.4552286678,0.494,3823
10.0,1.01539719105,0.00028223611298,946.978608281,0.0041426926,4.76,34.4552286678,0.494,3823
10.0,1.01521253586,0.000282201566733,947.039908934,0.0041426926,4.76,34.4552286678,0.494,3823
10.0,1.01490283012,0.000282218446955,947.101209585,0.0041426926,4.76,34.4552286678,0.494,3823
10.0,1.01469683647,0.000282177177723,947.162510233,0.0041426926,4.76,34.4552286678,0.494,3823
10.0,1.01434540749,0.00028218558873,947.223810878,0.0041426926,4.76,34.4552286678,0.494,3823
10.0,1.0153260231,0.00028220875538,947.285111521,0.0041426926,4.76,34.4552286678,0.494,3823
10.0,1.01427233219,0.000282170949504,947.34641216,0.0041426926,4.76,34.4552286678,0.494,3823
10.0,1.01453149319,0.000282169523416,947.407712797,0.0041426926,4.76,34.4552286678,0.494,3823
10.0,1.01422691345,0.000282168271951,947.469013432,0.0041426926,4.76,34.4552286678,0.494,3823
10.0,1.01438009739,0.000282217370113,947.530314063,0.0041426926,4.76,34.4552286678,0.494,3823
10.0,1.01434540749,0.000282155320747,947.591614692,0.0041426926,4.76,34.4552286678,0.494,3823
10.0,1.014975667,0.000282234774204,947.652915318,0.0041426926,4.76,34.4552286678,0.494,3823
10.0,1.01503884792,0.000282253342448,947.714215941,0.0041426926,4.76,34.4552286678,0.494,3823
10.0,1.01454436779,0.000282220280496,947.775516661,0.0041426926,4.76,34.4552286678,0.494,3823
10.0,1.01489281654,0.00028221658431,947.836817279,0.0041426926,4.76,34.4552286678,0.494,3823
10.0,1.01470279694,0.000282219349174,947.898117894,0.0041426926,4.76,34.4552286678,0.494,3823
10.0,1.01544976234,0.000282275606878,947.959418506,0.0041426926,4.76,34.4552286678,0.494,3823
10.0,1.01534378529,0.000282251625322,948.020719115,0.0041426926,4.76,34.4552286678,0.494,3823
10.0,1.01499724388,0.000282228196738,948.082019822,0.0041426926,4.76,34.4552286678,0.494,3823
10.0,1.01532363892,0.000282211985905,948.143320426,0.0041426926,4.76,34.4552286678,0.494,3823
10.0,1.01568853855,0.000282290915493,948.204621027,0.0041426926,4.76,34.4552286678,0.494,3823
10.0,1.01504826546,0.000282249879092,948.265921625,0.0041426926,4.76,34.4552286678,0.494,3823
10.0,1.01558029652,0.000282288267044,948.327222221,0.0041426926,4.76,34.4552286678,0.494,3823
10.0,1.01571345329,0.000282332737697,948.388522813,0.0041426926,4.76,34.4552286678,0.494,3823
10.0,1.01491200924,0.00028226696304,948.449823404,0.0041426926,4.76,34.4552286678,0.494,3823
10.0,1.01479041576,0.000282280467218,948.511123991,0.0041426926,4.76,34.4552286678,0.494,3823
10.0,1.01537382603,0.000282283290289,948.572424575,0.0041426926,4.76,34.4552286678,0.494,3823
10.0,1.01533281803,0.000282275635982,948.633725257,0.0041426926,4.76,34.4552286678,0.494,3823
10.0,1.01551198959,0.000282329972833,948.695025836,0.0041426926,4.76,34.4552286678,0.494,3823
10.0,1.01571726799,0.00028233876219,948.756326413,0.0041426926,4.76,34.4552286678,0.494,3823
10.0,1.01493775845,0.000282288412564,948.817626986,0.0041426926,4.76,34.4552286678,0.494,3823
10.0,1.01497268677,0.000282294204226,948.878927557,0.0041426926,4.76,34.4552286678,0.494,3823
10.0,1.01489520073,0.000282232213067,948.960661647,0.0041426926,4.76,34.4552286678,0.494,3823
10.0,1.01503062248,0.000282307883026,949.021962211,0.0041426926,4.76,34.4552286678,0.494,3823
10.0,1.01472806931,0.000282261171378,949.083262773,0.0041426926,4.76,34.4552286678,0.494,3823
10.0,1.01529049873,0.000282301509287,949.144563332,0.0041426926,4.76,34.4552286678,0.494,3823
10.0,1.0154671669,0.000282318098471,949.205863888,0.0041426926,4.76,34.4552286678,0.494,3823
10.0,1.01472806931,0.000282233522739,949.267164541,0.0041426926,4.76,34.4552286678,0.494,3823
10.0,1.01532459259,0.000282307388261,949.328465092,0.0041426926,4.76,34.4552286678,0.494,3823
10.0,1.01515090466,0.000282314576907,949.38976564,0.0041426926,4.76,34.4552286678,0.494,3823
10.0,1.01536369324,0.00028229993768,949.451066185,0.0041426926,4.76,34.4552286678,0.494,3823
10.0,1.01499664783,0.000282307650195,949.512366727,0.0041426926,4.76,34.4552286678,0.494,3823
10.0,1.01465976238,0.000282255146885,949.573667267,0.0041426926,4.76,34.4552286678,0.494,3823
10.0,1.01505446434,0.000282291468466,949.634967904,0.0041426926,4.76,34.4552286678,0.494,3823
10.0,1.01440477371,0.000282258435618,949.696268438,0.0041426926,4.76,34.4552286678,0.494,3823
10.0,1.01539421082,0.000282279070234,949.757568969,0.0041426926,4.76,34.4552286678,0.494,3823
10.0,1.01501071453,0.000282276538201,949.818869498,0.0041426926,4.76,34.4552286678,0.494,3823
10.0,1.01467967033,0.000282285240246,949.880170023,0.0041426926,4.76,34.4552286678,0.494,3823
10.0,1.01446223259,0.00028229696909,949.941470546,0.0041426926,4.76,34.4552286678,0.494,3823
10.0,1.01502966881,0.000282307126326,950.002771067,0.0041426926,4.76,34.4552286678,0.494,3823
10.0,1.01451075077,0.000282257038634,950.064071584,0.0041426926,4.76,34.4552286678,0.494,3823
10.0,1.01433551311,0.000282245251583,950.125372199,0.0041426926,4.76,34.4552286678,0.494,3823
10.0,1.0145560503,0.000282256660284,950.186672711,0.0041426926,4.76,34.4552286678,0.494,3823
10.0,1.0138604641,0.000282228691503,950.24797322,0.0041426926,4.76,34.4552286678,0.494,3823
10.0,1.01418268681,0.00028225639835,950.309273727,0.0041426926,4.76,34.4552286678,0.494,3823
10.0,1.01435613632,0.000282260967651,950.370574231,0.0041426926,4.76,34.4552286678,0.494,3823
10.0,1.01427364349,0.000282249675365,950.431874732,0.0041426926,4.76,34.4552286678,0.494,3823
10.0,1.01379513741,0.000282274268102,950.49317523,0.0041426926,4.76,34.4552286678,0.494,3823
10.0,1.0137642622,0.000282281718682,950.554475726,0.0041426926,4.76,34.4552286678,0.494,3823
10.0,1.01497852802,0.00028231550823,950.615776218,0.0041426926,4.76,34.4552286678,0.494,3823
10.0,1.01399791241,0.000282260589302,950.677076708,0.0041426926,4.76,34.4552286678,0.494,3823
10.0,1.01363575459,0.000282238586806,950.738377196,0.0041426926,4.76,34.4552286678,0.494,3823
10.0,1.01331734657,0.000282212422462,950.79967768,0.0041426926,4.76,34.4552286678,0.494,3823
10.0,1.01356852055,0.000282219407381,950.860978162,0.0041426926,4.76,34.4552286678,0.494,3823
10.0,1.01365983486,0.000282230961602,950.922278641,0.0041426926,4.76,34.4552286678,0.494,3823
10.0,1.01334381104,0.000282225897536,950.983579217,0.0041426926,4.76,34.4552286678,0.494,3823
10.0,1.01351583004,0.000282251246972,951.044879791,0.0041426926,4.76,34.4552286678,0.494,3823
10.0,1.01358795166,0.000282230234006,951.106180261,0.0041426926,4.76,34.4552286678,0.494,3823
10.0,1.01337504387,0.000282244931441,951.167480729,0.0041426926,4.76,34.4552286678,0.494,3823
10.0,1.01298594475,0.000282165594399,951.228781195,0.0041426926,4.76,34.4552286678,0.494,3823
10.0,1.01354086399,0.000282185705146,951.290081657,0.0041426926,4.76,34.4552286678,0.494,3823
10.0,1.01302146912,0.000282146618702,951.351382117,0.0041426926,4.76,34.4552286678,0.494,3823
10.0,1.01354444027,0.000282247085124,951.412682574,0.0041426926,4.76,34.4552286678,0.494,3823
10.0,1.01313269138,0.000282144435914,951.473983028,0.0041426926,4.76,34.4552286678,0.494,3823
10.0,1.0132266283,0.000282196473563,951.53528348,0.0041426926,4.76,34.4552286678,0.494,3823
10.0,1.0128633976,0.000282232940663,951.596583928,0.0041426926,4.76,34.4552286678,0.494,3823
10.0,1.01263737679,0.000282137247268,951.657884374,0.0041426926,4.76,34.4552286678,0.494,3823
10.0,1.01267194748,0.000282162422081,951.719184818,0.0041426926,4.76,34.4552286678,0.494,3823
10.0,1.01311063766,0.000282142864307,951.780485258,0.0041426926,4.76,34.4552286678,0.494,3823
10.0,1.01284003258,0.000282167136902,951.841785696,0.0041426926,4.76,34.4552286678,0.494,3823
10.0,1.01273834705,0.000282169203274,951.923519709,0.0041426926,4.76,34.4552286678,0.494,3823
10.0,1.01209795475,0.000282155233435,951.98482014,0.0041426926,4.76,34.4552286678,0.494,3823
10.0,1.01144194603,0.000282121123746,952.046120569,0.0041426926,4.76,34.4552286678,0.494,3823
10.0,1.01236462593,0.000282141176285,952.107420995,0.0041426926,4.76,34.4552286678,0.494,3823
10.0,1.01207780838,0.000282092427369,952.168721418,0.0041426926,4.76,34.4552286678,0.494,3823
10.0,1.01227235794,0.000282091496047,952.230021838,0.0041426926,4.76,34.4552286678,0.494,3823
10.0,1.01202905178,0.000282157940092,952.291322256,0.0041426926,4.76,34.4552286678,0.494,3823
10.0,1.012357831,0.00028218436637,952.35262267,0.0041426926,4.76,34.4552286678,0.494,3823
10.0,1.01201665401,0.000282162072835,952.413923083,0.0041426926,4.76,34.4552286678,0.494,3823
10.0,1.01160168648,0.000282120483462,952.475223592,0.0041426926,4.76,34.4552286678,0.494,3823
10.0,1.01138830185,0.000282128952676,952.536523999,0.0041426926,4.76,34.4552286678,0.494,3823
10.0,1.01203870773,0.000282154098386,952.597824402,0.0041426926,4.76,34.4552286678,0.494,3823
10.0,1.01104962826,0.000282124965452,952.659124804,0.0041426926,4.76,34.4552286678,0.494,3823
10.0,1.01165270805,0.000282147055259,952.720425302,0.0041426926,4.76,34.4552286678,0.494,3823
10.0,1.01127505302,0.000282148190308,952.781725698,0.0041426926,4.76,34.4552286678,0.494,3823
10.0,1.01152563095,0.000282125431113,952.84302609,0.0041426926,4.76,34.4552286678,0.494,3823
10.0,1.01122641563,0.000282192253508,952.904326481,0.0041426926,4.76,34.4552286678,0.494,3823
10.0,1.01092147827,0.000282091787085,952.965626868,0.0041426926,4.76,34.4552286678,0.494,3823
10.0,1.01145386696,0.000282142631477,953.026927253,0.0041426926,4.76,34.4552286678,0.494,3823
10.0,1.01174664497,0.000282160443021,953.088227635,0.0041426926,4.76,34.4552286678,0.494,3823
10.0,1.01073884964,0.00028208855656,953.149528014,0.0041426926,4.76,34.4552286678,0.494,3823
10.0,1.01066601276,0.000282144086668,953.21082839,0.0041426926,4.76,34.4552286678,0.494,3823
10.0,1.01139557362,0.000282089778921,953.272128764,0.0041426926,4.76,34.4552286678,0.494,3823
10.0,1.01086604595,0.00028210534947,953.333429135,0.0041426926,4.76,34.4552286678,0.494,3823
10.0,1.01069998741,0.000282084802166,953.394729603,0.0041426926,4.76,34.4552286678,0.494,3823
10.0,1.01086997986,0.000282126973616,953.456029969,0.0041426926,4.76,34.4552286678,0.494,3823
10.0,1.01059567928,0.000282133172732,953.517330331,0.0041426926,4.76,34.4552286678,0.494,3823
10.0,1.01037526131,0.000282152293948,953.578630691,0.0041426926,4.76,34.4552286678,0.494,3823
10.0,1.01035487652,0.000282147229882,953.639931048,0.0041426926,4.76,34.4552286678,0.494,3823
10.0,1.00981545448,0.000282082241029,953.701231503,0.0041426926,4.76,34.4552286678,0.494,3823
10.0,1.01026701927,0.000282133667497,953.762531855,0.0041426926,4.76,34.4552286678,0.494,3823
10.0,1.01037192345,0.000282118096948,953.823832204,0.0041426926,4.76,34.4552286678,0.494,3823
10.0,1.01004612446,0.000282079301542,953.88513255,0.0041426926,4.76,34.4552286678,0.494,3823
10.0,1.0101890564,0.000282088672975,953.946432793,0.0041426926,4.76,34.4552286678,0.494,3823
10.0,1.00992250443,0.000282094755676,954.007733234,0.0041426926,4.76,34.4552286678,0.494,3823
10.0,1.0096269846,0.00028213756741,954.069033572,0.0041426926,4.76,34.4552286678,0.494,3823
10.0,1.00969350338,0.000282114808215,954.130333908,0.0041426926,4.76,34.4552286678,0.494,3823
10.0,1.00950849056,0.000282089313259,954.19163424,0.0041426926,4.76,34.4552286678,0.494,3823
10.0,1.00926828384,0.000282078923192,954.25293457,0.0041426926,4.76,34.4552286678,0.494,3823
10.0,1.01898622513,0.000284596462734,954.314234997,0.0041426926,4.76,34.4552286678,0.494,3823
10.0,1.00951719284,0.000282060645986,954.375535321,0.0041426926,4.76,34.4552286678,0.494,3823
10.0,1.00878429413,0.000282049906673,954.436835643,0.0041426926,4.76,34.4552286678,0.494,3823
10.0,1.00913107395,0.000282023102045,954.498135962,0.0041426926,4.76,34.4552286678,0.494,3823
10.0,1.00935542583,0.000282085646177,954.559436278,0.0041426926,4.76,34.4552286678,0.494,3823
10.0,1.00885689259,0.000281996530248,954.620736591,0.0041426926,4.76,34.4552286678,0.494,3823
10.0,1.00928723812,0.00028208544245,954.682036902,0.0041426926,4.76,34.4552286678,0.494,3823
10.0,1.00882768631,0.000282084743958,954.74333721,0.0041426926,4.76,34.4552286678,0.494,3823
10.0,1.0091458559,0.000282097986201,954.804637515,0.0041426926,4.76,34.4552286678,0.494,3823
10.0,1.00899577141,0.000282056105789,954.865937818,0.0041426926,4.76,34.4552286678,0.494,3823
10.0,1.00842988491,0.000282063236227,954.94767165,0.0041426926,4.76,34.4552286678,0.494,3823
10.0,1.00806307793,0.000282042048639,955.008971946,0.0041426926,4.76,34.4552286678,0.494,3823
10.0,1.00851988792,0.000282056367723,955.070272239,0.0041426926,4.76,34.4552286678,0.494,3823
10.0,1.00875961781,0.000282063556369,955.13157253,0.0041426926,4.76,34.4552286678,0.494,3823
10.0,1.00851225853,0.000282051361864,955.192872918,0.0041426926,4.76,34.4552286678,0.494,3823
10.0,1.00846648216,0.000282018765574,955.254173203,0.0041426926,4.76,34.4552286678,0.494,3823
10.0,1.00856173038,0.000282037712168,955.315473485,0.0041426926,4.76,34.4552286678,0.494,3823
10.0,1.00839579105,0.000282015185803,955.376773665,0.0041426926,4.76,34.4552286678,0.494,3823
10.0,1.00848269463,0.000282007444184,955.438073942,0.0041426926,4.76,34.4552286678,0.494,3823
10.0,1.00721156597,0.000281986314803,955.499374216,0.0041426926,4.76,34.4552286678,0.494,3823
10.0,1.00782549381,0.000282017485006,955.560674587,0.0041426926,4.76,34.4552286678,0.494,3823
10.0,1.00791680813,0.000282001448795,955.621974856,0.0041426926,4.76,34.4552286678,0.494,3823
10.0,1.0076277256,0.000281963963062,955.683275122,0.0041426926,4.76,34.4552286678,0.494,3823
10.0,1.00808417797,0.000282009685179,955.744575385,0.0041426926,4.76,34.4552286678,0.494,3823
10.0,1.00757288933,0.000281978398561,955.805875746,0.0041426926,4.76,34.4552286678,0.494,3823
10.0,1.00691068172,0.000281973771052,955.867176004,0.0041426926,4.76,34.4552286678,0.494,3823
10.0,1.00766503811,0.000281984073808,955.928476259,0.0041426926,4.76,34.4552286678,0.494,3823
10.0,1.00714075565,0.000281967251794,955.989776511,0.0041426926,4.76,34.4552286678,0.494,3823
10.0,1.00745642185,0.000281975662801,956.051076761,0.0041426926,4.76,34.4552286678,0.494,3823
10.0,1.0078792572,0.000281985558104,956.112377008,0.0041426926,4.76,34.4552286678,0.494,3823
10.0,1.00689768791,0.000281956745312,956.173677252,0.0041426926,4.76,34.4552286678,0.494,3823
10.0,1.00622737408,0.000281902088318,956.234977493,0.0041426926,4.76,34.4552286678,0.494,3823
10.0,1.00702989101,0.000281955843093,956.296277732,0.0041426926,4.76,34.4552286678,0.494,3823
10.0,1.00704109669,0.000281956425169,956.357577968,0.0041426926,4.76,34.4552286678,0.494,3823
10.0,1.00601434708,0.000281929038465,956.418878201,0.0041426926,4.76,34.4552286678,0.494,3823
10.0,1.0061661005,0.000281964224996,956.480178432,0.0041426926,4.76,34.4552286678,0.494,3823
10.0,1.00626921654,0.000281891290797,956.541478759,0.0041426926,4.76,34.4552286678,0.494,3823
10.0,1.00632309914,0.000281846994767,956.602778984,0.0041426926,4.76,34.4552286678,0.494,3823
10.0,1.00611388683,0.000281891756458,956.664079207,0.0041426926,4.76,34.4552286678,0.494,3823
10.0,1.00608098507,0.000281827757135,956.725379427,0.0041426926,4.76,34.4552286678,0.494,3823
10.0,1.00630736351,0.000281851447653,956.786679743,0.0041426926,4.76,34.4552286678,0.494,3823
10.0,1.00563561916,0.000281785207335,956.847979957,0.0041426926,4.76,34.4552286678,0.494,3823
10.0,1.00531935692,0.000281805638224,956.909280169,0.0041426926,4.76,34.4552286678,0.494,3823
10.0,1.00600624084,0.000281825399725,956.970580378,0.0041426926,4.76,34.4552286678,0.494,3823
10.0,1.00531959534,0.000281798362266,957.031880584,0.0041426926,4.76,34.4552286678,0.494,3823
10.0,1.00481581688,0.000281770131551,957.093180787,0.0041426926,4.76,34.4552286678,0.494,3823
10.0,1.00578761101,0.000281807879219,957.154480988,0.0041426926,4.76,34.4552286678,0.494,3823
10.0,1.00591278076,0.000281794957118,957.215781185,0.0041426926,4.76,34.4552286678,0.494,3823
10.0,1.00479400158,0.00028171739541,957.27708138,0.0041426926,4.76,34.4552286678,0.494,3823
10.0,1.00427949429,0.000281703774817,957.338381573,0.0041426926,4.76,34.4552286678,0.494,3823
10.0,1.00466024876,0.000281711079879,957.399681762,0.0041426926,4.76,34.4552286678,0.494,3823
10.0,1.00438404083,0.000281699729385,957.460981949,0.0041426926,4.76,34.4552286678,0.494,3823
10.0,1.00482749939,0.000281689572148,957.522282133,0.0041426926,4.76,34.4552286678,0.494,3823
10.0,1.00502073765,0.000281721411739,957.583582415,0.0041426926,4.76,34.4552286678,0.494,3823
10.0,1.00443434715,0.000281707179965,957.644882594,0.0041426926,4.76,34.4552286678,0.494,3823
10.0,1.00507354736,0.000281747692497,957.70618277,0.0041426926,4.76,34.4552286678,0.494,3823
10.0,1.00539577007,0.000281759246718,957.767483043,0.0041426926,4.76,34.4552286678,0.494,3823
10.0,1.00488591194,0.000281773449387,957.828783214,0.0041426926,4.76,34.4552286678,0.494,3823
10.0,1.00510036945,0.000281771412119,957.91051667,0.0041426926,4.76,34.4552286678,0.494,3823
10.0,1.00430035591,0.000281691725831,957.971816835,0.0041426926,4.76,34.4552286678,0.494,3823
10.0,1.00390172005,0.000281709828414,958.033117096,0.0041426926,4.76,34.4552286678,0.494,3823
10.0,1.0047492981,0.000281716667814,958.094417255,0.0041426926,4.76,34.4552286678,0.494,3823
10.0,1.00409841537,0.000281687767711,958.155717311,0.0041426926,4.76,34.4552286678,0.494,3823
10.0,1.0043400526,0.000281727203401,958.217017565,0.0041426926,4.76,34.4552286678,0.494,3823
10.0,1.0038356781,0.000281649961835,958.278317815,0.0041426926,4.76,34.4552286678,0.494,3823
10.0,1.00395405293,0.000281656830339,958.339617963,0.0041426926,4.76,34.4552286678,0.494,3823
10.0,1.00398075581,0.000281675514998,958.400918109,0.0041426926,4.76,34.4552286678,0.494,3823
10.0,1.00385975838,0.000281634071143,958.462218251,0.0041426926,4.76,34.4552286678,0.494,3823
10.0,1.00383019447,0.000281654793071,958.523518391,0.0041426926,4.76,34.4552286678,0.494,3823
10.0,1.00364339352,0.000281675747829,958.584818528,0.0041426926,4.76,34.4552286678,0.494,3823
10.0,1.00376951694,0.000281678861938,958.646118662,0.0041426926,4.76,34.4552286678,0.494,3823
10.0,1.00372505188,0.000281627406366,958.707418794,0.0041426926,4.76,34.4552286678,0.494,3823
10.0,1.00326168537,0.000281541171717,958.768718923,0.0041426926,4.76,34.4552286678,0.494,3823
10.0,1.00361466408,0.000281645130599,958.830019049,0.0041426926,4.76,34.4552286678,0.494,3823
10.0,1.00326037407,0.00028162196395,958.891319173,0.0041426926,4.76,34.4552286678,0.494,3823
10.0,1.00364530087,0.000281663873466,958.952619294,0.0041426926,4.76,34.4552286678,0.494,3823
10.0,1.00261759758,0.00028154667234,959.013919412,0.0041426926,4.76,34.4552286678,0.494,3823
10.0,1.0036033392,0.000281655957224,959.075219528,0.0041426926,4.76,34.4552286678,0.494,3823
10.0,1.00271344185,0.000281661312329,959.13651974,0.0041426926,4.76,34.4552286678,0.494,3823
10.0,1.00274157524,0.00028161436785,959.19781985,0.0041426926,4.76,34.4552286678,0.494,3823
10.0,1.00323975086,0.000281632499536,959.259120058,0.0041426926,4.76,34.4552286678,0.494,3823
10.0,1.00270307064,0.00028164399555,959.320420162,0.0041426926,4.76,34.4552286678,0.494,3823
10.0,1.00211334229,0.000281604501652,959.381720264,0.0041426926,4.76,34.4552286678,0.494,3823
10.0,1.00272297859,0.000281658314634,959.443020263,0.0041426926,4.76,34.4552286678,0.494,3823
10.0,1.0030156374,0.000281699700281,959.50432036,0.0041426926,4.76,34.4552286678,0.494,3823
10.0,1.00224483013,0.000281608052319,959.565620454,0.0041426926,4.76,34.4552286678,0.494,3823
10.0,1.0022867918,0.0002816367778,959.626920645,0.0041426926,4.76,34.4552286678,0.494,3823
10.0,1.00198543072,0.000281627988443,959.688220733,0.0041426926,4.76,34.4552286678,0.494,3823
10.0,1.00201702118,0.000281621469185,959.749520819,0.0041426926,4.76,34.4552286678,0.494,3823
10.0,1.00167560577,0.00028158139321,959.810820902,0.0041426926,4.76,34.4552286678,0.494,3823
10.0,1.00251793861,0.000281656015432,959.872120982,0.0041426926,4.76,34.4552286678,0.494,3823
10.0,1.0016169548,0.000281650805846,959.93342106,0.0041426926,4.76,34.4552286678,0.494,3823
10.0,1.00186359882,0.000281595042907,959.994721235,0.0041426926,4.76,34.4552286678,0.494,3823
10.0,1.00285422802,0.000281787477434,960.056021307,0.0041426926,4.76,34.4552286678,0.494,3823
10.0,1.00151062012,0.000281717977487,960.117321376,0.0041426926,4.76,34.4552286678,0.494,3823
10.0,1.00202405453,0.000281776097836,960.178621443,0.0041426926,4.76,34.4552286678,0.494,3823
10.0,1.00138640404,0.000281715241726,960.239921507,0.0041426926,4.76,34.4552286678,0.494,3823
10.0,1.00128734112,0.000281689601252,960.301221569,0.0041426926,4.76,34.4552286678,0.494,3823
10.0,1.00153172016,0.000281723710941,960.362521627,0.0041426926,4.76,34.4552286678,0.494,3823
10.0,1.00117790699,0.000281701853964,960.423821683,0.0041426926,4.76,34.4552286678,0.494,3823
10.0,1.0003888607,0.000281640852336,960.485121736,0.0041426926,4.76,34.4552286678,0.494,3823
10.0,1.00134170055,0.000281684304355,960.546421787,0.0041426926,4.76,34.4552286678,0.494,3823
10.0,1.00080895424,0.000281677173916,960.607721835,0.0041426926,4.76,34.4552286678,0.494,3823
10.0,1.00089943409,0.000281715911115,960.66902198,0.0041426926,4.76,34.4552286678,0.494,3823
10.0,1.00137782097,0.000281727203401,960.730322023,0.0041426926,4.76,34.4552286678,0.494,3823
10.0,1.00081157684,0.000281697226455,960.812055409,0.0041426926,4.76,34.4552286678,0.494,3823
10.0,1.00071418285,0.000281748420093,960.89378879,0.0041426926,4.76,34.4552286678,0.494,3823
10.0,1.00074028969,0.000281709828414,960.955088822,0.0041426926,4.76,34.4552286678,0.494,3823
10.0,1.00018513203,0.000281679589534,961.016388852,0.0041426926,4.76,34.4552286678,0.494,3823
10.0,1.00016319752,0.000281668209936,961.077688879,0.0041426926,4.76,34.4552286678,0.494,3823
10.0,1.00049126148,0.000281664717477,961.138988904,0.0041426926,4.76,34.4552286678,0.494,3823
10.0,0.999568104744,0.000281673303107,961.200289026,0.0041426926,4.76,34.4552286678,0.494,3823
10.0,1.00029051304,0.00028168654535,961.261589145,0.0041426926,4.76,34.4552286678,0.494,3823
10.0,0.999548971653,0.000281621119939,961.322889161,0.0041426926,4.76,34.4552286678,0.494,3823
10.0,1.00017786026,0.000281734159216,961.384189175,0.0041426926,4.76,34.4552286678,0.494,3823
10.0,1.00005030632,0.000281641841866,961.445489187,0.0041426926,4.76,34.4552286678,0.494,3823
10.0,0.999252557755,0.000281637883745,961.506789095,0.0041426926,4.76,34.4552286678,0.494,3823
10.0,0.999641299248,0.000281658925815,961.568089101,0.0041426926,4.76,34.4552286678,0.494,3823
10.0,0.999719798565,0.000281634711428,961.629389104,0.0041426926,4.76,34.4552286678,0.494,3823
10.0,0.99972486496,0.000281673885183,961.690689204,0.0041426926,4.76,34.4552286678,0.494,3823
10.0,0.999622285366,0.000281613873085,961.751989202,0.0041426926,4.76,34.4552286678,0.494,3823
10.0,0.999018669128,0.00028163800016,961.813289197,0.0041426926,4.76,34.4552286678,0.494,3823
10.0,0.999568760395,0.000281682092464,961.874589189,0.0041426926,4.76,34.4552286678,0.494,3823
10.0,0.998948872089,0.000281603221083,961.935889179,0.0041426926,4.76,34.4552286678,0.494,3823
10.0,0.998813450336,0.000281689455733,961.997189166,0.0041426926,4.76,34.4552286678,0.494,3823
10.0,0.998802304268,0.000281607877696,962.05848915,0.0041426926,4.76,34.4552286678,0.494,3823
10.0,0.998625874519,0.000281658431049,962.119789232,0.0041426926,4.76,34.4552286678,0.494,3823
10.0,0.998121976852,0.000281636865111,962.18108921,0.0041426926,4.76,34.4552286678,0.494,3823
10.0,0.998486876488,0.000281670596451,962.242389187,0.0041426926,4.76,34.4552286678,0.494,3823
10.0,0.998132050037,0.000281655869912,962.30368916,0.0041426926,4.76,34.4552286678,0.494,3823
10.0,0.998098611832,0.00028166139964,962.364989131,0.0041426926,4.76,34.4552286678,0.494,3823
10.0,0.997681260109,0.000281584099866,962.426289099,0.0041426926,4.76,34.4552286678,0.494,3823
10.0,0.998248040676,0.00028163054958,962.487589065,0.0041426926,4.76,34.4552286678,0.494,3823
10.0,0.997848629951,0.000281622080365,962.548889028,0.0041426926,4.76,34.4552286678,0.494,3823
10.0,0.997502267361,0.000281607994111,962.610188988,0.0041426926,4.76,34.4552286678,0.494,3823
10.0,0.997305929661,0.000281575688859,962.671489045,0.0041426926,4.76,34.4552286678,0.494,3823
10.0,0.99716180563,0.000281578832073,962.732789,0.0041426926,4.76,34.4552286678,0.494,3823
10.0,0.996368050575,0.000281501037534,962.794088952,0.0041426926,4.76,34.4552286678,0.494,3823
10.0,0.997406125069,0.000281608343357,962.855388902,0.0041426926,4.76,34.4552286678,0.494,3823
10.0,0.996779024601,0.000281573098619,962.916688748,0.0041426926,4.76,34.4552286678,0.494,3823
10.0,0.99684214592,0.000281607877696,962.977988692,0.0041426926,4.76,34.4552286678,0.494,3823
10.0,0.996029138565,0.000281532731606,963.039288834,0.0041426926,4.76,34.4552286678,0.494,3823
10.0,0.996426820755,0.000281569809886,963.100588773,0.0041426926,4.76,34.4552286678,0.494,3823
10.0,0.996244370937,0.00028153610765,963.161888709,0.0041426926,4.76,34.4552286678,0.494,3823
10.0,0.996158897877,0.000281508546323,963.223188642,0.0041426926,4.76,34.4552286678,0.494,3823
10.0,0.995465397835,0.00028150275466,963.284488573,0.0041426926,4.76,34.4552286678,0.494,3823
10.0,0.996057868004,0.000281503947917,963.345788501,0.0041426926,4.76,34.4552286678,0.494,3823
10.0,0.995308816433,0.000281487358734,963.407088427,0.0041426926,4.76,34.4552286678,0.494,3823
10.0,0.99486798048,0.000281437474769,963.468388349,0.0041426926,4.76,34.4552286678,0.494,3823
10.0,0.995197832584,0.000281475571683,963.52968827,0.0041426926,4.76,34.4552286678,0.494,3823
10.0,0.99525731802,0.000281453918433,963.590988187,0.0041426926,4.76,34.4552286678,0.494,3823
10.0,0.994826674461,0.000281428539893,963.652288102,0.0041426926,4.76,34.4552286678,0.494,3823
10.0,0.995153605938,0.000281398853986,963.713588014,0.0041426926,4.76,34.4552286678,0.494,3823
10.0,0.995014488697,0.000281394139165,963.774887923,0.0041426926,4.76,34.4552286678,0.494,3823
10.0,0.994329333305,0.000281399174128,963.856621232,0.0041426926,4.76,34.4552286678,0.494,3823
10.0,0.994124293327,0.000281397835352,963.917921135,0.0041426926,4.76,34.4552286678,0.494,3823
10.0,0.993477404118,0.000281315180473,963.979221035,0.0041426926,4.76,34.4552286678,0.494,3823
10.0,0.994309782982,0.000281391083263,964.040520933,0.0041426926,4.76,34.4552286678,0.494,3823
10.0,0.993755459785,0.000281391490716,964.101820829,0.0041426926,4.76,34.4552286678,0.494,3823
10.0,0.993780732155,0.000281381420791,964.163120721,0.0041426926,4.76,34.4552286678,0.494,3823
10.0,0.993573307991,0.000281312473817,964.224420611,0.0041426926,4.76,34.4552286678,0.494,3823
10.0,0.993228077888,0.000281340326183,964.285720498,0.0041426926,4.76,34.4552286678,0.494,3823
10.0,0.993192374706,0.000281282438664,964.347020383,0.0041426926,4.76,34.4552286678,0.494,3823
10.0,0.993109047413,0.000281356595224,964.408320265,0.0041426926,4.76,34.4552286678,0.494,3823
10.0,0.992650866508,0.000281327374978,964.469620144,0.0041426926,4.76,34.4552286678,0.494,3823
10.0,0.992553532124,0.000281264510704,964.530920221,0.0041426926,4.76,34.4552286678,0.494,3823
10.0,0.99270927906,0.000281315558823,964.592220095,0.0041426926,4.76,34.4552286678,0.494,3823
10.0,0.99127805233,0.000281253567664,964.653519966,0.0041426926,4.76,34.4552286678,0.494,3823
10.0,0.992207467556,0.00028131713043,964.714819835,0.0041426926,4.76,34.4552286678,0.494,3823
10.0,0.991772830486,0.000281308050035,964.776119701,0.0041426926,4.76,34.4552286678,0.494,3823
10.0,0.9919064641,0.000281309039565,964.837419564,0.0041426926,4.76,34.4552286678,0.494,3823
10.0,0.992101252079,0.000281270738924,964.898719425,0.0041426926,4.76,34.4552286678,0.494,3823
10.0,0.991810321808,0.000281296757748,964.960019283,0.0041426926,4.76,34.4552286678,0.494,3823
10.0,0.991780519485,0.000281271757558,965.021319138,0.0041426926,4.76,34.4552286678,0.494,3823
10.0,0.99114382267,0.000281224463833,965.082618991,0.0041426926,4.76,34.4552286678,0.494,3823
10.0,0.991210877895,0.00028122405638,965.143918841,0.0041426926,4.76,34.4552286678,0.494,3823
10.0,0.991538524628,0.000281260261545,965.205218689,0.0041426926,4.76,34.4552286678,0.494,3823
10.0,0.990612745285,0.000281215907307,965.266518534,0.0041426926,4.76,34.4552286678,0.494,3823
10.0,0.991117537022,0.000281273183646,965.327818376,0.0041426926,4.76,34.4552286678,0.494,3823
10.0,0.990740537643,0.000281223794445,965.389118215,0.0041426926,4.76,34.4552286678,0.494,3823
10.0,0.990553557873,0.000281181099126,965.450418252,0.0041426926,4.76,34.4552286678,0.494,3823
10.0,0.990265250206,0.000281197571894,965.511718087,0.0041426926,4.76,34.4552286678,0.494,3823
10.0,0.99017906189,0.000281174725387,965.573017818,0.0041426926,4.76,34.4552286678,0.494,3823
10.0,0.99011528492,0.000281147455098,965.634317647,0.0041426926,4.76,34.4552286678,0.494,3823
10.0,0.990197956562,0.000281209708191,965.695617474,0.0041426926,4.76,34.4552286678,0.494,3823
10.0,0.989610314369,0.000281211832771,965.756917397,0.0041426926,4.76,34.4552286678,0.494,3823
10.0,0.989428400993,0.0002811801387,965.818217218,0.0041426926,4.76,34.4552286678,0.494,3823
10.0,0.989961147308,0.000281177170109,965.879517037,0.0041426926,4.76,34.4552286678,0.494,3823
10.0,0.989402770996,0.000281156768324,965.940816852,0.0041426926,4.76,34.4552286678,0.494,3823
10.0,0.989363968372,0.00028111069696,966.002116666,0.0041426926,4.76,34.4552286678,0.494,3823
10.0,0.989707529545,0.000281159242149,966.063416476,0.0041426926,4.76,34.4552286678,0.494,3823
10.0,0.988928258419,0.000281124201138,966.124716284,0.0041426926,4.76,34.4552286678,0.494,3823
10.0,0.989184498787,0.000281070184428,966.186016089,0.0041426926,4.76,34.4552286678,0.494,3823
10.0,0.989031076431,0.00028102498618,966.247315892,0.0041426926,4.76,34.4552286678,0.494,3823
10.0,0.989425241947,0.00028105446836,966.308615692,0.0041426926,4.76,34.4552286678,0.494,3823
10.0,0.989067196846,0.00028104998637,966.369915589,0.0041426926,4.76,34.4552286678,0.494,3823
10.0,0.989086866379,0.000281048094621,966.431215384,0.0041426926,4.76,34.4552286678,0.494,3823
10.0,0.988595366478,0.000281005020952,966.492515176,0.0041426926,4.76,34.4552286678,0.494,3823
10.0,0.988340377808,0.000281052867649,966.553814965,0.0041426926,4.76,34.4552286678,0.494,3823
10.0,0.98874014616,0.000280995824141,966.615114752,0.0041426926,4.76,34.4552286678,0.494,3823
10.0,0.988230824471,0.000280948879663,966.676414536,0.0041426926,4.76,34.4552286678,0.494,3823
10.0,0.98886859417,0.000281091372017,966.778580937,0.0041426926,4.76,34.4552286678,0.494,3823
10.0,0.988361477852,0.000281035056105,966.860313973,0.0041426926,4.76,34.4552286678,0.494,3823
10.0,0.988199830055,0.000280997221125,966.921613747,0.0041426926,4.76,34.4552286678,0.494,3823
10.0,0.988263249397,0.000280913518509,966.982913418,0.0041426926,4.76,34.4552286678,0.494,3823
10.0,0.988314151764,0.000280909531284,967.044213186,0.0041426926,4.76,34.4552286678,0.494,3823
10.0,0.98776447773,0.000280896376353,967.105513052,0.0041426926,4.76,34.4552286678,0.494,3823
10.0,0.987370371819,0.000280833512079,967.166812815,0.0041426926,4.76,34.4552286678,0.494,3823
10.0,0.987737715244,0.000280944921542,967.228112576,0.0041426926,4.76,34.4552286678,0.494,3823
10.0,0.988120734692,0.000280990847386,967.289412434,0.0041426926,4.76,34.4552286678,0.494,3823
10.0,0.987637221813,0.000280969135929,967.350712189,0.0041426926,4.76,34.4552286678,0.494,3823
10.0,0.987137198448,0.000280906329863,967.412011942,0.0041426926,4.76,34.4552286678,0.494,3823
10.0,0.988180875778,0.00028092568391,967.473311692,0.0041426926,4.76,34.4552286678,0.494,3823
10.0,0.987260103226,0.000280912703602,967.534611439,0.0041426926,4.76,34.4552286678,0.494,3823
10.0,0.98686414957,0.000280904350802,967.595911184,0.0041426926,4.76,34.4552286678,0.494,3823
10.0,0.98720574379,0.000280943961116,967.657210926,0.0041426926,4.76,34.4552286678,0.494,3823
10.0,0.986082792282,0.000280871259747,967.718510666,0.0041426926,4.76,34.4552286678,0.494,3823
10.0,0.986496210098,0.00028090676642,967.779810403,0.0041426926,4.76,34.4552286678,0.494,3823
10.0,0.987231731415,0.000280969310552,967.841110137,0.0041426926,4.76,34.4552286678,0.494,3823
10.0,0.986102283001,0.000280935404589,967.902409869,0.0041426926,4.76,34.4552286678,0.494,3823
10.0,0.98649507761,0.000280952488538,967.963709598,0.0041426926,4.76,34.4552286678,0.494,3823
10.0,0.986682772636,0.000280950567685,968.025009325,0.0041426926,4.76,34.4552286678,0.494,3823
10.0,0.986890375614,0.000280962238321,968.086309149,0.0041426926,4.76,34.4552286678,0.494,3823
10.0,0.986156582832,0.000280915613985,968.14760887,0.0041426926,4.76,34.4552286678,0.494,3823
10.0,0.986314833164,0.000280947249848,968.208908689,0.0041426926,4.76,34.4552286678,0.494,3823
10.0,0.985755741596,0.000280925742118,968.270208405,0.0041426926,4.76,34.4552286678,0.494,3823
10.0,0.986131668091,0.000280933571048,968.331508119,0.0041426926,4.76,34.4552286678,0.494,3823
10.0,0.986285626888,0.000280867127003,968.392807829,0.0041426926,4.76,34.4552286678,0.494,3823
10.0,0.985932171345,0.000280922773527,968.454107538,0.0041426926,4.76,34.4552286678,0.494,3823
10.0,0.986342310905,0.000280878972262,968.515407244,0.0041426926,4.76,34.4552286678,0.494,3823
10.0,0.986603498459,0.000281003682176,968.576706947,0.0041426926,4.76,34.4552286678,0.494,3823
10.0,0.986010909081,0.000280954496702,968.638006647,0.0041426926,4.76,34.4552286678,0.494,3823
10.0,0.986145138741,0.000280826876406,968.699306345,0.0041426926,4.76,34.4552286678,0.494,3823
10.0,0.985710144043,0.00028083374491,968.76060604,0.0041426926,4.76,34.4552286678,0.494,3823
10.0,0.985979437828,0.000280863750959,968.821905733,0.0041426926,4.76,34.4552286678,0.494,3823
10.0,0.985574662685,0.000280868058326,968.883205423,0.0041426926,4.76,34.4552286678,0.494,3823
10.0,0.986270725727,0.000280913111055,968.944505111,0.0041426926,4.76,34.4552286678,0.494,3823
10.0,0.985507190228,0.000280831125565,969.005804796,0.0041426926,4.76,34.4552286678,0.494,3823
10.0,0.986407220364,0.000280923617538,969.067104578,0.0041426926,4.76,34.4552286678,0.494,3823
10.0,0.986250162125,0.000280896842014,969.128404258,0.0041426926,4.76,34.4552286678,0.494,3823
10.0,0.986451804638,0.000280882435618,969.189703935,0.0041426926,4.76,34.4552286678,0.494,3823
10.0,0.985715985298,0.000279246480204,970.088765669,0.0041426926,4.76,34.4552286678,0.494,3823
10.0,0.985446274281,0.000278995226836,970.150065405,0.0041426926,4.76,34.4552286678,0.494,3823
10.0,0.985672473907,0.000279112631688,970.211365039,0.0041426926,4.76,34.4552286678,0.494,3823
10.0,0.986572384834,0.000279298925307,970.272664671,0.0041426926,4.76,34.4552286678,0.494,3823
10.0,0.98564106226,0.000279482483165,970.3339644,0.0041426926,4.76,34.4552286678,0.494,3823
10.0,0.986085891724,0.00027972261887,970.395264026,0.0041426926,4.76,34.4552286678,0.494,3823
10.0,0.986510396004,0.00027991150273,970.45656365,0.0041426926,4.76,34.4552286678,0.494,3823
10.0,0.986097872257,0.000280100211967,970.517863271,0.0041426926,4.76,34.4552286678,0.494,3823
10.0,0.986660778522,0.000280341278994,970.57916289,0.0041426926,4.76,34.4552286678,0.494,3823
10.0,0.986929297447,0.000280396139715,970.640462506,0.0041426926,4.76,34.4552286678,0.494,3823
10.0,0.986719310284,0.000280551059404,970.701762119,0.0041426926,4.76,34.4552286678,0.494,3823
10.0,0.986479759216,0.000280559615931,970.76306173,0.0041426926,4.76,34.4552286678,0.494,3823
10.0,0.987204253674,0.000280719046714,970.824361338,0.0041426926,4.76,34.4552286678,0.494,3823
10.0,0.986738204956,0.000280821899651,970.885660944,0.0041426926,4.76,34.4552286678,0.494,3823
10.0,0.987821102142,0.000280989683233,970.946960547,0.0041426926,4.76,34.4552286678,0.494,3823
10.0,0.987525582314,0.000280996959191,971.008260148,0.0041426926,4.76,34.4552286678,0.494,3823
10.0,0.987149059772,0.000280960113741,971.069559746,0.0041426926,4.76,34.4552286678,0.494,3823
10.0,0.988036453724,0.000280987325823,971.130859341,0.0041426926,4.76,34.4552286678,0.494,3823
10.0,0.986895680428,0.00028091922286,971.192159034,0.0041426926,4.76,34.4552286678,0.494,3823
10.0,0.987586259842,0.000281014101347,971.253458625,0.0041426926,4.76,34.4552286678,0.494,3823
10.0,0.988121390343,0.000281001150142,971.314758313,0.0041426926,4.76,34.4552286678,0.494,3823
10.0,0.988050341606,0.000281010579783,971.376057898,0.0041426926,4.76,34.4552286678,0.494,3823
10.0,0.988429069519,0.000281019252725,971.43735748,0.0041426926,4.76,34.4552286678,0.494,3823
10.0,0.988138318062,0.000280997395748,971.498657061,0.0041426926,4.76,34.4552286678,0.494,3823
10.0,0.988690853119,0.000281094398815,971.559956638,0.0041426926,4.76,34.4552286678,0.494,3823
10.0,0.988701820374,0.000281113549136,971.621256213,0.0041426926,4.76,34.4552286678,0.494,3823
10.0,0.988654255867,0.000281124055618,971.682555786,0.0041426926,4.76,34.4552286678,0.494,3823
10.0,0.989374160767,0.000281166983768,971.743855356,0.0041426926,4.76,34.4552286678,0.494,3823
10.0,0.988985300064,0.000281160406303,971.805154923,0.0041426926,4.76,34.4552286678,0.494,3823
10.0,0.989652633667,0.000281226646621,971.866454488,0.0041426926,4.76,34.4552286678,0.494,3823
10.0,0.989405632019,0.000281219457975,971.92775405,0.0041426926,4.76,34.4552286678,0.494,3823
10.0,0.989902853966,0.000281205924693,972.009486896,0.0041426926,4.76,34.4552286678,0.494,3823
10.0,0.989780426025,0.00028122679214,972.070786452,0.0041426926,4.76,34.4552286678,0.494,3823
10.0,0.990255057812,0.000281202694168,972.132086006,0.0041426926,4.76,34.4552286678,0.494,3823
10.0,0.989949226379,0.000281174608972,972.193385557,0.0041426926,4.76,34.4552286678,0.494,3823
10.0,0.990377426147,0.000281241431367,972.254685106,0.0041426926,4.76,34.4552286678,0.494,3823
10.0,0.990147650242,0.00028118447517,972.315984652,0.0041426926,4.76,34.4552286678,0.494,3823
10.0,0.990906715393,0.000281213549897,972.377284195,0.0041426926,4.76,34.4552286678,0.494,3823
10.0,0.99160349369,0.00028128863778,972.438583736,0.0041426926,4.76,34.4552286678,0.494,3823
10.0,0.991339623928,0.000281196989818,972.499883275,0.0041426926,4.76,34.4552286678,0.494,3823
10.0,0.991194486618,0.000281140761217,972.561182796,0.0041426926,4.76,34.4552286678,0.494,3823
10.0,0.991123020649,0.000281266286038,972.622482329,0.0041426926,4.76,34.4552286678,0.494,3823
10.0,0.991379916668,0.000281231361441,972.68378196,0.0041426926,4.76,34.4552286678,0.494,3823
10.0,0.992333054543,0.000281301530777,972.745081489,0.0041426926,4.76,34.4552286678,0.494,3823
10.0,0.991151213646,0.000281253713183,972.806381114,0.0041426926,4.76,34.4552286678,0.494,3823
10.0,0.991845309734,0.000281266344246,972.867680637,0.0041426926,4.76,34.4552286678,0.494,3823
10.0,0.992064237595,0.000281252578134,972.928980158,0.0041426926,4.76,34.4552286678,0.494,3823
10.0,0.991875171661,0.000281277141767,972.990279677,0.0041426926,4.76,34.4552286678,0.494,3823
10.0,0.991664290428,0.000281291664578,973.051579092,0.0041426926,4.76,34.4552286678,0.494,3823
10.0,0.99236959219,0.000281320419163,973.112878605,0.0041426926,4.76,34.4552286678,0.494,3823
10.0,0.992647409439,0.000281330343569,973.174178116,0.0041426926,4.76,34.4552286678,0.494,3823
10.0,0.992399275303,0.000281375658233,973.235477724,0.0041426926,4.76,34.4552286678,0.494,3823
10.0,0.993348777294,0.000281408225419,973.29677723,0.0041426926,4.76,34.4552286678,0.494,3823
10.0,0.992825806141,0.000281363143586,973.358076733,0.0041426926,4.76,34.4552286678,0.494,3823
10.0,0.993347048759,0.0002814513864,973.419376233,0.0041426926,4.76,34.4552286678,0.494,3823
10.0,0.993466556072,0.000281450134935,973.480675731,0.0041426926,4.76,34.4552286678,0.494,3823
10.0,0.994156181812,0.00028144964017,973.541975227,0.0041426926,4.76,34.4552286678,0.494,3823
10.0,0.993803322315,0.00028141294024,973.60327482,0.0041426926,4.76,34.4552286678,0.494,3823
10.0,0.993624806404,0.000281430169707,973.66457431,0.0041426926,4.76,34.4552286678,0.494,3823
10.0,0.993559539318,0.000281390821328,973.725873798,0.0041426926,4.76,34.4552286678,0.494,3823
10.0,0.994151115417,0.000281405227724,973.787173283,0.0041426926,4.76,34.4552286678,0.494,3823
10.0,0.994425475597,0.000281488551991,973.848472766,0.0041426926,4.76,34.4552286678,0.494,3823
10.0,0.995362281799,0.000281491724309,973.930205406,0.0041426926,4.76,34.4552286678,0.494,3823
10.0,0.995058596134,0.000281486398308,973.991504883,0.0041426926,4.76,34.4552286678,0.494,3823
10.0,0.994951605797,0.0002814650652,974.052804358,0.0041426926,4.76,34.4552286678,0.494,3823
10.0,0.995375573635,0.000281524902675,974.134537086,0.0041426926,4.76,34.4552286678,0.494,3823
10.0,0.995689809322,0.000281593209365,974.195836555,0.0041426926,4.76,34.4552286678,0.494,3823
10.0,0.995993614197,0.00028154431493,974.257136021,0.0041426926,4.76,34.4552286678,0.494,3823
10.0,0.996427297592,0.000281559565337,974.318435485,0.0041426926,4.76,34.4552286678,0.494,3823
10.0,0.996531248093,0.000281632266706,974.379734946,0.0041426926,4.76,34.4552286678,0.494,3823
10.0,0.99594026804,0.000281589251244,974.441034404,0.0041426926,4.76,34.4552286678,0.494,3823
10.0,0.996384620667,0.000281567190541,974.50233386,0.0041426926,4.76,34.4552286678,0.494,3823
10.0,0.997187554836,0.000281614193227,974.563633314,0.0041426926,4.76,34.4552286678,0.494,3823
10.0,0.997237682343,0.000281661195913,974.624932765,0.0041426926,4.76,34.4552286678,0.494,3823
10.0,0.996673345566,0.000281631248072,974.686232214,0.0041426926,4.76,34.4552286678,0.494,3823
10.0,0.996914505959,0.000281636515865,974.74753166,0.0041426926,4.76,34.4552286678,0.494,3823
10.0,0.997926354408,0.000281738437479,974.808831104,0.0041426926,4.76,34.4552286678,0.494,3823
10.0,0.997536659241,0.000281699671177,974.870130745,0.0041426926,4.76,34.4552286678,0.494,3823
10.0,0.997506141663,0.000281696993625,974.931430183,0.0041426926,4.76,34.4552286678,0.494,3823
10.0,0.998068451881,0.000281748187263,975.013162664,0.0041426926,4.76,34.4552286678,0.494,3823
10.0,0.998560369015,0.00028167621349,975.074462097,0.0041426926,4.76,34.4552286678,0.494,3823
10.0,0.998224496841,0.000281747576082,975.135761527,0.0041426926,4.76,34.4552286678,0.494,3823
10.0,0.99885648489,0.000281728367554,975.197060955,0.0041426926,4.76,34.4552286678,0.494,3823
10.0,0.999557316303,0.000281759450445,975.278793621,0.0041426926,4.76,34.4552286678,0.494,3823
10.0,0.99931204319,0.00028176480555,975.340093044,0.0041426926,4.76,34.4552286678,0.494,3823
10.0,0.999230563641,0.000281808286672,975.401392463,0.0041426926,4.76,34.4552286678,0.494,3823
10.0,0.999333679676,0.000281756481854,975.46269188,0.0041426926,4.76,34.4552286678,0.494,3823
10.0,1.00002563,0.00028177848435,975.523991295,0.0041426926,4.76,34.4552286678,0.494,3823
10.0,0.999638795853,0.000281772983726,975.585290707,0.0041426926,4.76,34.4552286678,0.494,3823
10.0,1.00022256374,0.000281853135675,975.646590116,0.0041426926,4.76,34.4552286678,0.494,3823
10.0,1.00050878525,0.000281908345642,975.707889623,0.0041426926,4.76,34.4552286678,0.494,3823
10.0,1.00066995621,0.000281886750599,975.769189028,0.0041426926,4.76,34.4552286678,0.494,3823
10.0,1.0001718998,0.000281918037217,975.83048833,0.0041426926,4.76,34.4552286678,0.494,3823
10.0,1.0011998415,0.000281895772787,975.891787729,0.0041426926,4.76,34.4552286678,0.494,3823
10.0,1.00041174889,0.000281891698251,975.953087127,0.0041426926,4.76,34.4552286678,0.494,3823
10.0,1.00092995167,0.000281914399238,976.014386521,0.0041426926,4.76,34.4552286678,0.494,3823
10.0,1.00077319145,0.000281933287624,976.075686014,0.0041426926,4.76,34.4552286678,0.494,3823
10.0,1.00055241585,0.000281912973151,976.136985503,0.0041426926,4.76,34.4552286678,0.494,3823
10.0,1.00145161152,0.0002819642541,976.19828489,0.0041426926,4.76,34.4552286678,0.494,3823
10.0,1.00129985809,0.000281959888525,976.259584275,0.0041426926,4.76,34.4552286678,0.494,3823
10.0,1.00183773041,0.000281954358798,976.320883658,0.0041426926,4.76,34.4552286678,0.494,3823
10.0,1.00143957138,0.000281980988802,976.382183037,0.0041426926,4.76,34.4552286678,0.494,3823
10.0,1.00223517418,0.000282002642052,976.443482415,0.0041426926,4.76,34.4552286678,0.494,3823
10.0,1.00194680691,0.000281971821096,976.50478179,0.0041426926,4.76,34.4552286678,0.494,3823
10.0,1.00169181824,0.000282000371953,976.566081162,0.0041426926,4.76,34.4552286678,0.494,3823
10.0,1.00192153454,0.000282033113763,976.627380532,0.0041426926,4.76,34.4552286678,0.494,3823
10.0,1.00223994255,0.000282042485196,976.6886799,0.0041426926,4.76,34.4552286678,0.494,3823
10.0,1.00216019154,0.000282059918391,976.749979265,0.0041426926,4.76,34.4552286678,0.494,3823
10.0,1.00262010098,0.000282086344669,976.811278627,0.0041426926,4.76,34.4552286678,0.494,3823
10.0,1.00249922276,0.000282082182821,976.872577987,0.0041426926,4.76,34.4552286678,0.494,3823
10.0,1.00242781639,0.000282074528513,976.933877345,0.0041426926,4.76,34.4552286678,0.494,3823
10.0,1.00290989876,0.000282074935967,976.9951767,0.0041426926,4.76,34.4552286678,0.494,3823
10.0,1.00251579285,0.000282158667687,977.056476153,0.0041426926,4.76,34.4552286678,0.494,3823
10.0,1.0033082962,0.000282145832898,977.117775503,0.0041426926,4.76,34.4552286678,0.494,3823
10.0,1.00292682648,0.000282060180325,977.179074851,0.0041426926,4.76,34.4552286678,0.494,3823
10.0,1.00262618065,0.000282070366666,977.240374197,0.0041426926,4.76,34.4552286678,0.494,3823
10.0,1.00360882282,0.000282125954982,977.30167364,0.0041426926,4.76,34.4552286678,0.494,3823
10.0,1.00351417065,0.000282164983219,977.36297298,0.0041426926,4.76,34.4552286678,0.494,3823
10.0,1.00347936153,0.000282152468571,977.424272318,0.0041426926,4.76,34.4552286678,0.494,3823
10.0,1.00362408161,0.000282125605736,977.485571654,0.0041426926,4.76,34.4552286678,0.494,3823
10.0,1.00365316868,0.000282137596514,977.546870987,0.0041426926,4.76,34.4552286678,0.494,3823
10.0,1.0034621954,0.000282140768832,977.608170318,0.0041426926,4.76,34.4552286678,0.494,3823
10.0,1.00365900993,0.000282236142084,977.669469646,0.0041426926,4.76,34.4552286678,0.494,3823
10.0,1.00371170044,0.000282182940282,977.730768972,0.0041426926,4.76,34.4552286678,0.494,3823
10.0,1.00366854668,0.000282185006654,977.792068295,0.0041426926,4.76,34.4552286678,0.494,3823
10.0,1.00420439243,0.000282186898403,977.853367616,0.0041426926,4.76,34.4552286678,0.494,3823
10.0,1.0038394928,0.00028218422085,977.914666935,0.0041426926,4.76,34.4552286678,0.494,3823
10.0,1.00334322453,0.00028224682319,977.996399456,0.0041426926,4.76,34.4552286678,0.494,3823
10.0,1.00467479229,0.000282280700048,978.057698768,0.0041426926,4.76,34.4552286678,0.494,3823
10.0,1.00434494019,0.000282253226032,978.118998079,0.0041426926,4.76,34.4552286678,0.494,3823
10.0,1.00472617149,0.000282351888018,978.180297387,0.0041426926,4.76,34.4552286678,0.494,3823
10.0,1.00419795513,0.000282242748654,978.241596692,0.0041426926,4.76,34.4552286678,0.494,3823
10.0,1.00475585461,0.000282248045551,978.302895995,0.0041426926,4.76,34.4552286678,0.494,3823
10.0,1.00454044342,0.000282246212009,978.364195296,0.0041426926,4.76,34.4552286678,0.494,3823
10.0,1.00423395634,0.000282238092041,978.425494594,0.0041426926,4.76,34.4552286678,0.494,3823
10.0,1.00416314602,0.000282247754512,978.48679389,0.0041426926,4.76,34.4552286678,0.494,3823
10.0,1.00435781479,0.000282277964288,978.548093184,0.0041426926,4.76,34.4552286678,0.494,3823
10.0,1.00459873676,0.000282274122583,978.609392475,0.0041426926,4.76,34.4552286678,0.494,3823
10.0,1.0056167841,0.000282357446849,978.670691763,0.0041426926,4.76,34.4552286678,0.494,3823
10.0,1.00494658947,0.000282288878225,978.731991049,0.0041426926,4.76,34.4552286678,0.494,3823
10.0,1.0050753355,0.000282329681795,978.793290533,0.0041426926,4.76,34.4552286678,0.494,3823
10.0,1.00428009033,0.000282293738564,978.854589814,0.0041426926,4.76,34.4552286678,0.494,3823
10.0,1.004357934,0.000282248016447,978.915889093,0.0041426926,4.76,34.4552286678,0.494,3823
10.0,1.00535309315,0.000282291177427,978.97718837,0.0041426926,4.76,34.4552286678,0.494,3823
10.0,1.00488936901,0.00028229970485,979.038487644,0.0041426926,4.76,34.4552286678,0.494,3823
10.0,1.00523757935,0.000282343564322,979.099786915,0.0041426926,4.76,34.4552286678,0.494,3823
10.0,1.00498068333,0.000282345252344,979.161086185,0.0041426926,4.76,34.4552286678,0.494,3823
10.0,1.00485169888,0.000282335153315,979.222385451,0.0041426926,4.76,34.4552286678,0.494,3823
10.0,1.00490295887,0.000282301014522,979.283684716,0.0041426926,4.76,34.4552286678,0.494,3823
10.0,1.00490534306,0.000282303401036,979.344983978,0.0041426926,4.76,34.4552286678,0.494,3823
10.0,1.00513255596,0.000282324210275,979.406283237,0.0041426926,4.76,34.4552286678,0.494,3823
10.0,1.00484108925,0.000282353459625,979.467582495,0.0041426926,4.76,34.4552286678,0.494,3823
10.0,1.00544202328,0.000282392458757,979.528881749,0.0041426926,4.76,34.4552286678,0.494,3823
10.0,1.00543045998,0.000282402761513,979.590181002,0.0041426926,4.76,34.4552286678,0.494,3823
10.0,1.00653123856,0.000282492314,979.651480252,0.0041426926,4.76,34.4552286678,0.494,3823
10.0,1.00563299656,0.00028237348306,979.712779499,0.0041426926,4.76,34.4552286678,0.494,3823
10.0,1.00561237335,0.000282392866211,979.774078945,0.0041426926,4.76,34.4552286678,0.494,3823
10.0,1.00553631783,0.000282404042082,979.835378187,0.0041426926,4.76,34.4552286678,0.494,3823
10.0,1.00520181656,0.000282444118056,979.896677328,0.0041426926,4.76,34.4552286678,0.494,3823
10.0,1.00612604618,0.000282452325337,979.957976566,0.0041426926,4.76,34.4552286678,0.494,3823
10.0,1.00573265553,0.000282406748738,980.019275802,0.0041426926,4.76,34.4552286678,0.494,3823
10.0,1.00587713718,0.000282408786006,980.080575035,0.0041426926,4.76,34.4552286678,0.494,3823
10.0,1.00562882423,0.000282421417069,980.141874366,0.0041426926,4.76,34.4552286678,0.494,3823
10.0,1.00626933575,0.00028248707531,980.203173594,0.0041426926,4.76,34.4552286678,0.494,3823
10.0,1.00564265251,0.00028243669658,980.26447282,0.0041426926,4.76,34.4552286678,0.494,3823
10.0,1.00611400604,0.000282470835373,980.325772044,0.0041426926,4.76,34.4552286678,0.494,3823
10.0,1.00618910789,0.000282441993477,980.387071265,0.0041426926,4.76,34.4552286678,0.494,3823
10.0,1.00594902039,0.000282496534055,980.448370484,0.0041426926,4.76,34.4552286678,0.494,3823
10.0,1.0070797205,0.000282558758045,980.5096697,0.0041426926,4.76,34.4552286678,0.494,3823
10.0,1.00652873516,0.000282505963696,980.570968914,0.0041426926,4.76,34.4552286678,0.494,3823
10.0,1.00638663769,0.000282504421193,980.632268126,0.0041426926,4.76,34.4552286678,0.494,3823
10.0,1.0063816309,0.000282498687739,980.693567336,0.0041426926,4.76,34.4552286678,0.494,3823
10.0,1.00619935989,0.000282516353764,980.754866643,0.0041426926,4.76,34.4552286678,0.494,3823
10.0,1.00613820553,0.000282480788883,980.816165847,0.0041426926,4.76,34.4552286678,0.494,3823
10.0,1.00651240349,0.000282490713289,980.87746505,0.0041426926,4.76,34.4552286678,0.494,3823
10.0,1.00654995441,0.000282505032374,980.959197315,0.0041426926,4.76,34.4552286678,0.494,3823
10.0,1.00569736958,0.000282480381429,981.020496512,0.0041426926,4.76,34.4552286678,0.494,3823
10.0,1.00654113293,0.000282539374894,981.081795707,0.0041426926,4.76,34.4552286678,0.494,3823
10.0,1.00740253925,0.000282536551822,981.143094899,0.0041426926,4.76,34.4552286678,0.494,3823
10.0,1.00689852238,0.000282537948806,981.204394088,0.0041426926,4.76,34.4552286678,0.494,3823
10.0,1.00692808628,0.000282529275864,981.265693276,0.0041426926,4.76,34.4552286678,0.494,3823
10.0,1.00719106197,0.000282495195279,981.32699246,0.0041426926,4.76,34.4552286678,0.494,3823
10.0,1.00687885284,0.00028252255288,981.388291743,0.0041426926,4.76,34.4552286678,0.494,3823
10.0,1.0070194006,0.000282455817796,981.449590923,0.0041426926,4.76,34.4552286678,0.494,3823
10.0,1.00719547272,0.000282538792817,981.510890101,0.0041426926,4.76,34.4552286678,0.494,3823
10.0,1.00803792477,0.000282519758912,981.572189276,0.0041426926,4.76,34.4552286678,0.494,3823
10.0,1.00759613514,0.000282527355012,981.63348845,0.0041426926,4.76,34.4552286678,0.494,3823
10.0,1.00727903843,0.000282517459709,981.69478772,0.0041426926,4.76,34.4552286678,0.494,3823
10.0,1.0072927475,0.000282516411971,981.756086889,0.0041426926,4.76,34.4552286678,0.494,3823
10.0,1.00736927986,0.000282560766209,981.817386055,0.0041426926,4.76,34.4552286678,0.494,3823
10.0,1.00767815113,0.000282588065602,981.878685218,0.0041426926,4.76,34.4552286678,0.494,3823
10.0,1.00808489323,0.000282565189991,981.93998438,0.0041426926,4.76,34.4552286678,0.494,3823
10.0,1.00769245625,0.000282522931229,982.001283439,0.0041426926,4.76,34.4552286678,0.494,3823
10.0,1.00776493549,0.000282524706563,982.062582695,0.0041426926,4.76,34.4552286678,0.494,3823
10.0,1.00757479668,0.000282560271444,982.12388185,0.0041426926,4.76,34.4552286678,0.494,3823
10.0,1.00750946999,0.000282498338493,982.185181002,0.0041426926,4.76,34.4552286678,0.494,3823
10.0,1.00734138489,0.000282547000097,982.246480151,0.0041426926,4.76,34.4552286678,0.494,3823
10.0,1.00717496872,0.000282569963019,982.307779299,0.0041426926,4.76,34.4552286678,0.494,3823
10.0,1.00777006149,0.000282546010567,982.369078543,0.0041426926,4.76,34.4552286678,0.494,3823
10.0,1.0068821907,0.000282474793494,982.430377686,0.0041426926,4.76,34.4552286678,0.494,3823
10.0,1.00733458996,0.000282512977719,982.491676827,0.0041426926,4.76,34.4552286678,0.494,3823
10.0,1.00782430172,0.000282541936031,982.552975964,0.0041426926,4.76,34.4552286678,0.494,3823
10.0,1.00735366344,0.000282535940642,982.6142751,0.0041426926,4.76,34.4552286678,0.494,3823
10.0,1.00811755657,0.000282716617221,982.675574233,0.0041426926,4.76,34.4552286678,0.494,3823
10.0,1.0077624321,0.000282705470454,982.736873364,0.0041426926,4.76,34.4552286678,0.494,3823
10.0,1.00752425194,0.000282656925265,982.798172493,0.0041426926,4.76,34.4552286678,0.494,3823
10.0,1.00778579712,0.000282645312836,982.859471619,0.0041426926,4.76,34.4552286678,0.494,3823
10.0,1.00757944584,0.00028272086638,982.920770743,0.0041426926,4.76,34.4552286678,0.494,3823
10.0,1.00836992264,0.000282751512714,982.982069965,0.0041426926,4.76,34.4552286678,0.494,3823
10.0,1.00858223438,0.000282754335785,983.043369084,0.0041426926,4.76,34.4552286678,0.494,3823
10.0,1.0076239109,0.000282731023617,983.104668201,0.0041426926,4.76,34.4552286678,0.494,3823
10.0,1.00814807415,0.000282757478999,983.165967316,0.0041426926,4.76,34.4552286678,0.494,3823
10.0,1.00782430172,0.000282728375169,983.227266428,0.0041426926,4.76,34.4552286678,0.494,3823
10.0,1.00774943829,0.000282728433376,983.308998674,0.0041426926,4.76,34.4552286678,0.494,3823
10.0,1.0074570179,0.000282646942651,983.370297681,0.0041426926,4.76,34.4552286678,0.494,3823
10.0,1.00780296326,0.000282713532215,983.431596786,0.0041426926,4.76,34.4552286678,0.494,3823
10.0,1.00809025764,0.000282720109681,983.492895888,0.0041426926,4.76,34.4552286678,0.494,3823
10.0,1.00820171833,0.00028274525539,983.554195088,0.0041426926,4.76,34.4552286678,0.494,3823
10.0,1.00799632072,0.000282715307549,983.615494186,0.0041426926,4.76,34.4552286678,0.494,3823
10.0,1.00778317451,0.000282760127448,983.676793281,0.0041426926,4.76,34.4552286678,0.494,3823
10.0,1.0081474781,0.000282742636045,983.738092375,0.0041426926,4.76,34.4552286678,0.494,3823
10.0,1.00862765312,0.000282796128886,983.799391465,0.0041426926,4.76,34.4552286678,0.494,3823
10.0,1.00759327412,0.000282761291601,983.860690554,0.0041426926,4.76,34.4552286678,0.494,3823
10.0,1.00823378563,0.000282822293229,983.942422768,0.0041426926,4.76,34.4552286678,0.494,3823
10.0,1.00820100307,0.000282808119664,984.003721751,0.0041426926,4.76,34.4552286678,0.494,3823
10.0,1.00791144371,0.000282768043689,984.065020932,0.0041426926,4.76,34.4552286678,0.494,3823
10.0,1.00781393051,0.000282769324258,984.126320011,0.0041426926,4.76,34.4552286678,0.494,3823
10.0,1.00760245323,0.000282741995761,984.187619087,0.0041426926,4.76,34.4552286678,0.494,3823
10.0,1.0079305172,0.00028278309037,984.248918161,0.0041426926,4.76,34.4552286678,0.494,3823
10.0,1.00746011734,0.000282752647763,984.310217233,0.0041426926,4.76,34.4552286678,0.494,3823
10.0,1.00795936584,0.000282794848317,984.371516302,0.0041426926,4.76,34.4552286678,0.494,3823
10.0,1.00764560699,0.000282738270471,984.432815369,0.0041426926,4.76,34.4552286678,0.494,3823
10.0,1.00689542294,0.000282678636722,984.494114434,0.0041426926,4.76,34.4552286678,0.494,3823
10.0,1.00735521317,0.000282690190943,984.555413497,0.0041426926,4.76,34.4552286678,0.494,3823
10.0,1.00825154781,0.000282781897113,984.616712557,0.0041426926,4.76,34.4552286678,0.494,3823
10.0,1.00740432739,0.000282715889625,984.678011615,0.0041426926,4.76,34.4552286678,0.494,3823
10.0,1.00784873962,0.000282776803942,984.73931077,0.0041426926,4.76,34.4552286678,0.494,3823
10.0,1.00685226917,0.000282719411189,984.800609824,0.0041426926,4.76,34.4552286678,0.494,3823
10.0,1.00721240044,0.000282688182779,984.861908875,0.0041426926,4.76,34.4552286678,0.494,3823
10.0,1.00708866119,0.000282717373921,984.923207924,0.0041426926,4.76,34.4552286678,0.494,3823
10.0,1.0070040226,0.000282688386505,984.98450697,0.0041426926,4.76,34.4552286678,0.494,3823
10.0,1.00701296329,0.000282726134174,985.045806115,0.0041426926,4.76,34.4552286678,0.494,3823
10.0,1.00659620762,0.000282697408693,985.107105157,0.0041426926,4.76,34.4552286678,0.494,3823
10.0,1.00608968735,0.000282677385258,985.168404196,0.0041426926,4.76,34.4552286678,0.494,3823
10.0,1.00635957718,0.00028264374123,985.229703234,0.0041426926,4.76,34.4552286678,0.494,3823
10.0,1.00629138947,0.000282667664578,985.291002269,0.0041426926,4.76,34.4552286678,0.494,3823
10.0,1.00656878948,0.000282658351352,985.352301302,0.0041426926,4.76,34.4552286678,0.494,3823
10.0,1.00683903694,0.000282725144643,985.413600333,0.0041426926,4.76,34.4552286678,0.494,3823
10.0,1.00620090961,0.000282695080386,985.474899361,0.0041426926,4.76,34.4552286678,0.494,3823
10.0,1.00581872463,0.000282679509837,985.536198388,0.0041426926,4.76,34.4552286678,0.494,3823
10.0,1.00621247292,0.000282700231764,985.597497411,0.0041426926,4.76,34.4552286678,0.494,3823
10.0,1.00628387928,0.000282666092971,985.658796433,0.0041426926,4.76,34.4552286678,0.494,3823
10.0,1.00647521019,0.000282594555756,985.720095552,0.0041426926,4.76,34.4552286678,0.494,3823
10.0,1.00619709492,0.000282530731056,985.78139457,0.0041426926,4.76,34.4552286678,0.494,3823
10.0,1.00635623932,0.000282571301796,985.842693585,0.0041426926,4.76,34.4552286678,0.494,3823
10.0,1.00659704208,0.000282437220449,985.903992597,0.0041426926,4.76,34.4552286678,0.494,3823
10.0,1.00653791428,0.000282526860246,985.965291608,0.0041426926,4.76,34.4552286678,0.494,3823
10.0,1.0063252449,0.000282501103356,986.026590616,0.0041426926,4.76,34.4552286678,0.494,3823
10.0,1.00593101978,0.000282470631646,986.087889622,0.0041426926,4.76,34.4552286678,0.494,3823
10.0,1.00552594662,0.000282502791379,986.149188625,0.0041426926,4.76,34.4552286678,0.494,3823
10.0,1.00604271889,0.000282528169919,986.210487627,0.0041426926,4.76,34.4552286678,0.494,3823
10.0,1.00562751293,0.000282579887426,986.271786626,0.0041426926,4.76,34.4552286678,0.494,3823
10.0,1.00572156906,0.000282600231003,986.333085623,0.0041426926,4.76,34.4552286678,0.494,3823
10.0,1.00508713722,0.000282543856883,986.394384618,0.0041426926,4.76,34.4552286678,0.494,3823
10.0,1.00533676147,0.000282510067336,986.45568371,0.0041426926,4.76,34.4552286678,0.494,3823
10.0,1.00572121143,0.000282566878013,986.516982701,0.0041426926,4.76,34.4552286678,0.494,3823
10.0,1.00547504425,0.000282520573819,986.578281688,0.0041426926,4.76,34.4552286678,0.494,3823
10.0,1.0051420927,0.000282541674096,986.639580674,0.0041426926,4.76,34.4552286678,0.494,3823
10.0,1.00498986244,0.000282461580355,986.700879658,0.0041426926,4.76,34.4552286678,0.494,3823
10.0,1.00555765629,0.000282546243398,986.762178739,0.0041426926,4.76,34.4552286678,0.494,3823
10.0,1.004545331,0.00028248509625,986.823477718,0.0041426926,4.76,34.4552286678,0.494,3823
10.0,1.00535583496,0.000282513065031,986.884776695,0.0041426926,4.76,34.4552286678,0.494,3823
10.0,1.00459611416,0.000282500666799,986.966508661,0.0041426926,4.76,34.4552286678,0.494,3823
10.0,1.00488984585,0.000282421940938,987.027807633,0.0041426926,4.76,34.4552286678,0.494,3823
10.0,1.0052267313,0.00028245037538,987.089106602,0.0041426926,4.76,34.4552286678,0.494,3823
10.0,1.00489413738,0.00028243122506,987.150405569,0.0041426926,4.76,34.4552286678,0.494,3823
10.0,1.00400948524,0.000282392342342,987.211704534,0.0041426926,4.76,34.4552286678,0.494,3823
10.0,1.00509774685,0.000282505847281,987.273003497,0.0041426926,4.76,34.4552286678,0.494,3823
10.0,1.00483977795,0.00028241117252,987.334302458,0.0041426926,4.76,34.4552286678,0.494,3823
10.0,1.0049071312,0.000282481894828,987.395601516,0.0041426926,4.76,34.4552286678,0.494,3823
10.0,1.00468802452,0.000282530905679,987.456900472,0.0041426926,4.76,34.4552286678,0.494,3823
10.0,1.00477385521,0.000282450404484,987.518199426,0.0041426926,4.76,34.4552286678,0.494,3823
10.0,1.00408220291,0.000282450841041,987.579498378,0.0041426926,4.76,34.4552286678,0.494,3823
10.0,1.00423598289,0.000282508786768,987.640797328,0.0041426926,4.76,34.4552286678,0.494,3823
10.0,1.00407743454,0.000282480323222,987.702096275,0.0041426926,4.76,34.4552286678,0.494,3823
10.0,1.0041834116,0.000282531109406,987.76339522,0.0041426926,4.76,34.4552286678,0.494,3823
10.0,1.00407969952,0.00028250933974,987.824694163,0.0041426926,4.76,34.4552286678,0.494,3823
10.0,1.00368058681,0.00028253113851,987.885993204,0.0041426926,4.76,34.4552286678,0.494,3823
10.0,1.0042642355,0.000282613531454,987.947292143,0.0041426926,4.76,34.4552286678,0.494,3823
10.0,1.00383210182,0.000282589462586,988.008591079,0.0041426926,4.76,34.4552286678,0.494,3823
10.0,1.0041975975,0.000282547960524,988.069890013,0.0041426926,4.76,34.4552286678,0.494,3823
10.0,1.00354814529,0.000282573280856,988.131188945,0.0041426926,4.76,34.4552286678,0.494,3823
10.0,1.0036854744,0.000282578199403,988.192487775,0.0041426926,4.76,34.4552286678,0.494,3823
10.0,1.00324714184,0.000282602268271,988.253786703,0.0041426926,4.76,34.4552286678,0.494,3823
10.0,1.00339448452,0.000282575609162,988.315085728,0.0041426926,4.76,34.4552286678,0.494,3823
10.0,1.00358593464,0.000282643304672,988.376384652,0.0041426926,4.76,34.4552286678,0.494,3823
10.0,1.00349986553,0.000282592256553,988.437683673,0.0041426926,4.76,34.4552286678,0.494,3823
10.0,1.00324451923,0.000282572902506,988.498982592,0.0041426926,4.76,34.4552286678,0.494,3823
10.0,1.00373220444,0.000282655644696,988.560281508,0.0041426926,4.76,34.4552286678,0.494,3823
10.0,1.00338482857,0.000282645021798,988.621580423,0.0041426926,4.76,34.4552286678,0.494,3823
10.0,1.00360441208,0.000282613065792,988.682879335,0.0041426926,4.76,34.4552286678,0.494,3823
10.0,1.0033942461,0.000282677065115,988.744178246,0.0041426926,4.76,34.4552286678,0.494,3823
10.0,1.00326454639,0.000282634078758,988.805477154,0.0041426926,4.76,34.4552286678,0.494,3823
10.0,1.00329315662,0.000282637833152,988.86677606,0.0041426926,4.76,34.4552286678,0.494,3823
10.0,1.00320780277,0.000282626453554,988.928074963,0.0041426926,4.76,34.4552286678,0.494,3823
10.0,1.00294411182,0.000282622931991,988.989373865,0.0041426926,4.76,34.4552286678,0.494,3823
10.0,1.00300109386,0.00028266463778,989.050672764,0.0041426926,4.76,34.4552286678,0.494,3823
10.0,1.00276911259,0.00028263888089,989.111971661,0.0041426926,4.76,34.4552286678,0.494,3823
10.0,1.00316631794,0.000282670021988,989.173270556,0.0041426926,4.76,34.4552286678,0.494,3823
10.0,1.00329005718,0.000282656721538,989.234569449,0.0041426926,4.76,34.4552286678,0.494,3823
10.0,1.00272250175,0.000282621855149,989.29586844,0.0041426926,4.76,34.4552286678,0.494,3823
10.0,1.00321018696,0.000282658700598,989.357167329,0.0041426926,4.76,34.4552286678,0.494,3823
10.0,1.00326049328,0.000282675697235,989.418466215,0.0041426926,4.76,34.4552286678,0.494,3823
10.0,1.00311470032,0.000282663386315,989.479765199,0.0041426926,4.76,34.4552286678,0.494,3823
10.0,1.00286221504,0.000282653170871,989.541064082,0.0041426926,4.76,34.4552286678,0.494,3823
10.0,1.00294148922,0.000282653578324,989.602362962,0.0041426926,4.76,34.4552286678,0.494,3823
10.0,1.00306200981,0.000282652792521,989.663661839,0.0041426926,4.76,34.4552286678,0.494,3823
10.0,1.00401031971,0.000282726134174,989.724960715,0.0041426926,4.76,34.4552286678,0.494,3823
10.0,1.00142228603,0.000282574706944,989.786259589,0.0041426926,4.76,34.4552286678,0.494,3823
10.0,1.00264620781,0.000282642751699,989.84755846,0.0041426926,4.76,34.4552286678,0.494,3823
10.0,1.00221812725,0.000282580673229,989.929290286,0.0041426926,4.76,34.4552286678,0.494,3823
10.0,1.00357222557,0.000282704510028,989.990589152,0.0041426926,4.76,34.4552286678,0.494,3823
10.0,1.00250256062,0.00028265081346,990.051888016,0.0041426926,4.76,34.4552286678,0.494,3823
10.0,1.00305831432,0.000282674154732,990.113186878,0.0041426926,4.76,34.4552286678,0.494,3823
10.0,1.0027333498,0.00028263477725,990.174485838,0.0041426926,4.76,34.4552286678,0.494,3823
10.0,1.00343847275,0.00028266638401,990.235784696,0.0041426926,4.76,34.4552286678,0.494,3823
10.0,1.00351142883,0.000282690307358,990.297083552,0.0041426926,4.76,34.4552286678,0.494,3823
10.0,1.00284159184,0.000282624096144,990.358382406,0.0041426926,4.76,34.4552286678,0.494,3823
10.0,1.00272500515,0.000282648601569,990.419681257,0.0041426926,4.76,34.4552286678,0.494,3823
10.0,1.00341057777,0.000282680848613,990.480980106,0.0041426926,4.76,34.4552286678,0.494,3823
10.0,1.00294804573,0.000282634922769,990.542278954,0.0041426926,4.76,34.4552286678,0.494,3823
10.0,1.00284171104,0.0002826488344,990.603577799,0.0041426926,4.76,34.4552286678,0.494,3823
10.0,1.00276148319,0.000282667810097,990.664876642,0.0041426926,4.76,34.4552286678,0.494,3823
10.0,1.00326657295,0.000282654626062,990.726175483,0.0041426926,4.76,34.4552286678,0.494,3823
10.0,1.00321698189,0.000282670574961,990.787474422,0.0041426926,4.76,34.4552286678,0.494,3823
10.0,1.00274932384,0.000282645574771,990.848773259,0.0041426926,4.76,34.4552286678,0.494,3823
10.0,1.00274074078,0.0002826351556,990.910071993,0.0041426926,4.76,34.4552286678,0.494,3823
10.0,1.00251221657,0.000282627530396,990.971370826,0.0041426926,4.76,34.4552286678,0.494,3823
10.0,1.00255393982,0.000282638240606,991.032669656,0.0041426926,4.76,34.4552286678,0.494,3823
10.0,1.00316405296,0.00028266973095,991.093968484,0.0041426926,4.76,34.4552286678,0.494,3823
10.0,1.00286448002,0.000282646185951,991.15526731,0.0041426926,4.76,34.4552286678,0.494,3823
10.0,1.00314366817,0.000282677967334,991.216566334,0.0041426926,4.76,34.4552286678,0.494,3823
10.0,1.00276041031,0.000282675871858,991.277865156,0.0041426926,4.76,34.4552286678,0.494,3823
10.0,1.00314354897,0.000282699998934,991.339163976,0.0041426926,4.76,34.4552286678,0.494,3823
10.0,1.00253248215,0.000282679277007,991.400462794,0.0041426926,4.76,34.4552286678,0.494,3823
10.0,1.00257015228,0.000282680557575,991.46176161,0.0041426926,4.76,34.4552286678,0.494,3823
10.0,1.00250351429,0.000282674562186,991.523060423,0.0041426926,4.76,34.4552286678,0.494,3823
10.0,1.00235700607,0.000282666471321,991.584359235,0.0041426926,4.76,34.4552286678,0.494,3823
10.0,1.00234436989,0.000282652792521,991.645658044,0.0041426926,4.76,34.4552286678,0.494,3823
10.0,1.00266456604,0.00028269237373,991.706956851,0.0041426926,4.76,34.4552286678,0.494,3823
10.0,1.00185716152,0.000282663997496,991.768255657,0.0041426926,4.76,34.4552286678,0.494,3823
10.0,1.00266075134,0.000282713968772,991.82955446,0.0041426926,4.76,34.4552286678,0.494,3823
10.0,1.00248754025,0.000282700639218,991.890853261,0.0041426926,4.76,34.4552286678,0.494,3823
10.0,1.00280070305,0.000282693770714,991.95215206,0.0041426926,4.76,34.4552286678,0.494,3823
10.0,1.0026371479,0.000282710592728,992.013450857,0.0041426926,4.76,34.4552286678,0.494,3823
10.0,1.002409935,0.000282679888187,992.074749652,0.0041426926,4.76,34.4552286678,0.494,3823
10.0,1.00168609619,0.000282637833152,992.136048545,0.0041426926,4.76,34.4552286678,0.494,3823
10.0,1.00235486031,0.000282682158286,992.197347335,0.0041426926,4.76,34.4552286678,0.494,3823
10.0,1.002368927,0.000282708031591,992.258646124,0.0041426926,4.76,34.4552286678,0.494,3823
10.0,1.00234055519,0.000282676366623,992.319944911,0.0041426926,4.76,34.4552286678,0.494,3823
10.0,1.00233602524,0.000282700173557,992.381243795,0.0041426926,4.76,34.4552286678,0.494,3823
10.0,1.00214731693,0.000282677385258,992.442542577,0.0041426926,4.76,34.4552286678,0.494,3823
10.0,1.00174689293,0.000282663619146,992.503841358,0.0041426926,4.76,34.4552286678,0.494,3823
10.0,1.00173091888,0.000282638065983,992.565140136,0.0041426926,4.76,34.4552286678,0.494,3823
10.0,1.0017645359,0.000282668770524,992.626438912,0.0041426926,4.76,34.4552286678,0.494,3823
10.0,1.001968503,0.000282676628558,992.687737687,0.0041426926,4.76,34.4552286678,0.494,3823
10.0,1.00198853016,0.000282673398033,992.749036459,0.0041426926,4.76,34.4552286678,0.494,3823
10.0,1.00159943104,0.000282648485154,992.810335229,0.0041426926,4.76,34.4552286678,0.494,3823
10.0,1.00146067142,0.000282655237243,992.892067019,0.0041426926,4.76,34.4552286678,0.494,3823
10.0,1.00161170959,0.000282679626253,992.953365784,0.0041426926,4.76,34.4552286678,0.494,3823
10.0,1.00133669376,0.000282646680716,993.014664548,0.0041426926,4.76,34.4552286678,0.494,3823
10.0,1.0013730526,0.000282623805106,993.075963309,0.0041426926,4.76,34.4552286678,0.494,3823
10.0,1.0014436245,0.00028263166314,993.137262068,0.0041426926,4.76,34.4552286678,0.494,3823
10.0,1.00236821175,0.00028268864844,993.198560825,0.0041426926,4.76,34.4552286678,0.494,3823
10.0,1.0017529726,0.000282645574771,993.25985958,0.0041426926,4.76,34.4552286678,0.494,3823
10.0,1.00136315823,0.000282629858702,993.321158333,0.0041426926,4.76,34.4552286678,0.494,3823
10.0,1.00232183933,0.000282682653051,993.382457084,0.0041426926,4.76,34.4552286678,0.494,3823
10.0,1.001501441,0.000282630848233,993.443755833,0.0041426926,4.76,34.4552286678,0.494,3823
10.0,1.00163090229,0.000282634602627,993.50505458,0.0041426926,4.76,34.4552286678,0.494,3823
10.0,1.00106406212,0.000282628723653,993.566353325,0.0041426926,4.76,34.4552286678,0.494,3823
10.0,1.00142002106,0.000282627152046,993.627652068,0.0041426926,4.76,34.4552286678,0.494,3823
10.0,1.00156068802,0.000282657128992,993.688950809,0.0041426926,4.76,34.4552286678,0.494,3823
10.0,1.00115692616,0.00028260590625,993.750249548,0.0041426926,4.76,34.4552286678,0.494,3823
10.0,1.00129139423,0.000282627908746,993.811548285,0.0041426926,4.76,34.4552286678,0.494,3823
10.0,1.00115573406,0.000282613269519,993.87284722,0.0041426926,4.76,34.4552286678,0.494,3823
10.0,1.00095927715,0.00028257939266,993.934145952,0.0041426926,4.76,34.4552286678,0.494,3823
10.0,1.00004303455,0.000282541004708,993.995444683,0.0041426926,4.76,34.4552286678,0.494,3823
10.0,1.00112593174,0.000282593973679,994.056743412,0.0041426926,4.76,34.4552286678,0.494,3823
10.0,1.00104773045,0.000282603199594,994.118042139,0.0041426926,4.76,34.4552286678,0.494,3823
10.0,1.00092613697,0.000282601889921,994.179340863,0.0041426926,4.76,34.4552286678,0.494,3823
10.0,0.999870240688,0.000282547844108,994.240639586,0.0041426926,4.76,34.4552286678,0.494,3823
10.0,1.00106751919,0.000282594090095,994.301938307,0.0041426926,4.76,34.4552286678,0.494,3823
10.0,1.00056385994,0.000282564840745,994.363237025,0.0041426926,4.76,34.4552286678,0.494,3823
10.0,1.0009239912,0.000282579072518,994.424535742,0.0041426926,4.76,34.4552286678,0.494,3823
10.0,1.0007417202,0.000282570748823,994.485834457,0.0041426926,4.76,34.4552286678,0.494,3823
10.0,1.00092637539,0.000282607710687,994.54713317,0.0041426926,4.76,34.4552286678,0.494,3823
10.0,1.00016391277,0.000282546243398,994.60843188,0.0041426926,4.76,34.4552286678,0.494,3823
10.0,1.00036323071,0.000282541936031,994.669730589,0.0041426926,4.76,34.4552286678,0.494,3823
10.0,0.99994546175,0.000282544322545,994.731029296,0.0041426926,4.76,34.4552286678,0.494,3823
10.0,0.999884545803,0.000282528984826,994.792328001,0.0041426926,4.76,34.4552286678,0.494,3823
10.0,0.999925196171,0.000282540044282,994.853626704,0.0041426926,4.76,34.4552286678,0.494,3823
10.0,1.0002117157,0.000282534951111,994.914925604,0.0041426926,4.76,34.4552286678,0.494,3823
10.0,0.99971473217,0.000282527907984,994.976224203,0.0041426926,4.76,34.4552286678,0.494,3823
10.0,0.999825954437,0.000282530789264,995.0375229,0.0041426926,4.76,34.4552286678,0.494,3823
10.0,0.99944537878,0.000282490102109,995.098821595,0.0041426926,4.76,34.4552286678,0.494,3823
10.0,1.00017046928,0.00028255712823,995.160120288,0.0041426926,4.76,34.4552286678,0.494,3823
10.0,0.999420702457,0.000282508815872,995.221419079,0.0041426926,4.76,34.4552286678,0.494,3823
10.0,0.999862074852,0.000282537337625,995.282717768,0.0041426926,4.76,34.4552286678,0.494,3823
10.0,1.00017786026,0.00028254519566,995.344016454,0.0041426926,4.76,34.4552286678,0.494,3823
10.0,0.999403297901,0.000282527675154,995.405315139,0.0041426926,4.76,34.4552286678,0.494,3823
10.0,0.999525845051,0.0002824991534,995.466613822,0.0041426926,4.76,34.4552286678,0.494,3823
10.0,0.999029099941,0.000282474735286,995.527912503,0.0041426926,4.76,34.4552286678,0.494,3823
10.0,0.99889588356,0.000282463966869,995.589211182,0.0041426926,4.76,34.4552286678,0.494,3823
10.0,0.999335885048,0.000282491440885,995.65050986,0.0041426926,4.76,34.4552286678,0.494,3823
10.0,0.999488949776,0.000282498367596,995.711808535,0.0041426926,4.76,34.4552286678,0.494,3823
10.0,0.99907040596,0.000282478024019,995.773107208,0.0041426926,4.76,34.4552286678,0.494,3823
10.0,0.998708426952,0.000282497116132,995.834405879,0.0041426926,4.76,34.4552286678,0.494,3823
10.0,0.998237550259,0.000282452383544,995.936570327,0.0041426926,4.76,34.4552286678,0.494,3823
10.0,0.998050391674,0.000282448541839,995.997868993,0.0041426926,4.76,34.4552286678,0.494,3823
10.0,0.998336017132,0.00028247947921,996.059167757,0.0041426926,4.76,34.4552286678,0.494,3823
10.0,0.998014271259,0.000282462598989,996.120466419,0.0041426926,4.76,34.4552286678,0.494,3823
10.0,0.998163163662,0.000282467372017,996.181765079,0.0041426926,4.76,34.4552286678,0.494,3823
10.0,0.998192310333,0.000282469845843,996.243063837,0.0041426926,4.76,34.4552286678,0.494,3823
10.0,0.997638702393,0.000282467488432,996.304362494,0.0041426926,4.76,34.4552286678,0.494,3823
10.0,0.997133553028,0.000282428925857,996.365661148,0.0041426926,4.76,34.4552286678,0.494,3823
10.0,0.997500061989,0.000282389257336,996.426959801,0.0041426926,4.76,34.4552286678,0.494,3823
10.0,0.997688770294,0.000282468128717,996.488258451,0.0041426926,4.76,34.4552286678,0.494,3823
10.0,0.997000992298,0.000282388704363,996.5495571,0.0041426926,4.76,34.4552286678,0.494,3823
10.0,0.996566832066,0.000282359571429,996.610855746,0.0041426926,4.76,34.4552286678,0.494,3823
10.0,0.99668353796,0.000282296707155,996.672154391,0.0041426926,4.76,34.4552286678,0.494,3823
10.0,0.996516764164,0.000282324152067,996.733453034,0.0041426926,4.76,34.4552286678,0.494,3823
10.0,0.996013224125,0.000282255175989,996.794751674,0.0041426926,4.76,34.4552286678,0.494,3823
10.0,0.996336579323,0.000282312306808,996.856050314,0.0041426926,4.76,34.4552286678,0.494,3823
10.0,0.996242523193,0.000282329128822,996.917348951,0.0041426926,4.76,34.4552286678,0.494,3823
10.0,0.996067762375,0.000282275461359,996.978647585,0.0041426926,4.76,34.4552286678,0.494,3823
10.0,0.996161282063,0.000282323482679,997.039946319,0.0041426926,4.76,34.4552286678,0.494,3823
10.0,0.996072471142,0.000282287073787,997.10124485,0.0041426926,4.76,34.4552286678,0.494,3823
10.0,0.995627105236,0.000282251014141,997.162543479,0.0041426926,4.76,34.4552286678,0.494,3823
10.0,0.995528876781,0.000282230001176,997.223842207,0.0041426926,4.76,34.4552286678,0.494,3823
10.0,0.995411992073,0.000282190361759,997.285140932,0.0041426926,4.76,34.4552286678,0.494,3823
10.0,0.994522511959,0.000282192602754,997.346439556,0.0041426926,4.76,34.4552286678,0.494,3823
10.0,0.995328903198,0.00028222828405,997.407738178,0.0041426926,4.76,34.4552286678,0.494,3823
10.0,0.994973957539,0.000282201945083,997.469036797,0.0041426926,4.76,34.4552286678,0.494,3823
10.0,0.994428277016,0.000282156717731,997.530335415,0.0041426926,4.76,34.4552286678,0.494,3823
10.0,0.994694888592,0.000282176944893,997.591634031,0.0041426926,4.76,34.4552286678,0.494,3823
10.0,0.994464576244,0.000282138003968,997.652932645,0.0041426926,4.76,34.4552286678,0.494,3823
10.0,0.994037926197,0.000282124383375,997.714231258,0.0041426926,4.76,34.4552286678,0.494,3823
10.0,0.993599593639,0.000282123393845,997.775529868,0.0041426926,4.76,34.4552286678,0.494,3823
10.0,0.99366736412,0.000282101042103,997.836828476,0.0041426926,4.76,34.4552286678,0.494,3823
10.0,0.993206501007,0.00028212525649,997.898127083,0.0041426926,4.76,34.4552286678,0.494,3823
10.0,0.99293756485,0.000282063730992,997.959425688,0.0041426926,4.76,34.4552286678,0.494,3823
10.0,0.993579447269,0.000282073975541,998.02072429,0.0041426926,4.76,34.4552286678,0.494,3823
10.0,0.99287456274,0.000282046181383,998.082022891,0.0041426926,4.76,34.4552286678,0.494,3823
10.0,0.99254655838,0.000282069871901,998.14332149,0.0041426926,4.76,34.4552286678,0.494,3823
10.0,0.991790235043,0.000282036489807,998.204620188,0.0041426926,4.76,34.4552286678,0.494,3823
10.0,0.992142379284,0.000281982327579,998.265918883,0.0041426926,4.76,34.4552286678,0.494,3823
10.0,0.992126703262,0.000281973800156,998.327217476,0.0041426926,4.76,34.4552286678,0.494,3823
10.0,0.992019295692,0.000282019085716,998.388516068,0.0041426926,4.76,34.4552286678,0.494,3823
10.0,0.992287158966,0.000282048626104,998.449814557,0.0041426926,4.76,34.4552286678,0.494,3823
10.0,0.991910517216,0.000281966873445,998.511113145,0.0041426926,4.76,34.4552286678,0.494,3823
10.0,0.992663681507,0.000282010645606,998.572411731,0.0041426926,4.76,34.4552286678,0.494,3823
10.0,0.991835653782,0.000281933520455,998.633710415,0.0041426926,4.76,34.4552286678,0.494,3823
10.0,0.991351008415,0.000281922897557,998.695008998,0.0041426926,4.76,34.4552286678,0.494,3823
10.0,0.991352140903,0.000281899556285,998.756307578,0.0041426926,4.76,34.4552286678,0.494,3823
10.0,0.99119156599,0.000281902583083,998.817606156,0.0041426926,4.76,34.4552286678,0.494,3823
10.0,0.99101805687,0.000281836953945,998.899337691,0.0041426926,4.76,34.4552286678,0.494,3823
10.0,0.990856647491,0.000281876564259,998.981069023,0.0041426926,4.76,34.4552286678,0.494,3823
10.0,0.990698158741,0.000281827349681,999.042367595,0.0041426926,4.76,34.4552286678,0.494,3823
10.0,0.990601122379,0.000281820772216,999.124099021,0.0041426926,4.76,34.4552286678,0.494,3823
10.0,0.990921795368,0.000281818036456,999.185397689,0.0041426926,4.76,34.4552286678,0.494,3823
10.0,0.990286588669,0.000281795713818,999.246696254,0.0041426926,4.76,34.4552286678,0.494,3823
10.0,0.990052163601,0.000281750661088,999.307994818,0.0041426926,4.76,34.4552286678,0.494,3823
10.0,0.990868985653,0.000281886139419,999.36929338,0.0041426926,4.76,34.4552286678,0.494,3823
10.0,0.989980101585,0.000281792337773,999.43059194,0.0041426926,4.76,34.4552286678,0.494,3823
10.0,0.989382326603,0.000281795102637,999.491890498,0.0041426926,4.76,34.4552286678,0.494,3823
10.0,0.988853394985,0.000281764980173,999.553189054,0.0041426926,4.76,34.4552286678,0.494,3823
10.0,0.989412069321,0.00028178296634,999.614487709,0.0041426926,4.76,34.4552286678,0.494,3823
10.0,0.989453136921,0.000281775050098,999.675786262,0.0041426926,4.76,34.4552286678,0.494,3823
10.0,0.988824367523,0.000281763233943,999.737084813,0.0041426926,4.76,34.4552286678,0.494,3823
10.0,0.989202141762,0.00028179018409,999.798383362,0.0041426926,4.76,34.4552286678,0.494,3823
10.0,0.98890632391,0.000281738641206,999.859681809,0.0041426926,4.76,34.4552286678,0.494,3823
10.0,0.988374352455,0.000281702086795,999.920980355,0.0041426926,4.76,34.4552286678,0.494,3823
10.0,0.988272070885,0.000281707616523,999.982278998,0.0041426926,4.76,34.4552286678,0.494,3823
10.0,0.988462865353,0.000281705608359,1000.04357754,0.0041426926,4.76,34.4552286678,0.494,3823
10.0,0.987939834595,0.000281639106106,1000.10487608,0.0041426926,4.76,34.4552286678,0.494,3823
10.0,0.988473236561,0.00028163366369,1000.16617472,0.0041426926,4.76,34.4552286678,0.494,3823
10.0,0.988590955734,0.000281637156149,1000.22747325,0.0041426926,4.76,34.4552286678,0.494,3823
11.0,0.992892682552,0.000231190337217,1001.22865964,0.0041426926,4.76,34.4552286678,0.494,3823
11.0,0.992137312889,0.000231142039411,1001.28995834,0.0041426926,4.76,34.4552286678,0.494,3823
11.0,0.992126822472,0.000231220052228,1001.35125685,0.0041426926,4.76,34.4552286678,0.494,3823
11.0,0.993043422699,0.000231139230891,1001.41255535,0.0041426926,4.76,34.4552286678,0.494,3823
11.0,0.991910636425,0.000231115976931,1001.47385385,0.0041426926,4.76,34.4552286678,0.494,3823
11.0,0.991950392723,0.000231120691751,1001.53515235,0.0041426926,4.76,34.4552286678,0.494,3823
11.0,0.992248773575,0.000231193262152,1001.59645084,0.0041426926,4.76,34.4552286678,0.494,3823
11.0,0.991786658764,0.000231165045989,1001.65774934,0.0041426926,4.76,34.4552286678,0.494,3823
11.0,0.991275668144,0.000231117141084,1001.71904783,0.0041426926,4.76,34.4552286678,0.494,3823
11.0,0.991525769234,0.000231252750382,1001.78034632,0.0041426926,4.76,34.4552286678,0.494,3823
11.0,0.990908920765,0.000231071331655,1001.84164481,0.0041426926,4.76,34.4552286678,0.494,3823
11.0,0.991380512714,0.000231187150348,1001.9029433,0.0041426926,4.76,34.4552286678,0.494,3823
11.0,0.991442978382,0.000231256693951,1001.96424179,0.0041426926,4.76,34.4552286678,0.494,3823
11.0,0.991291344166,0.000231257159612,1002.02554027,0.0041426926,4.76,34.4552286678,0.494,3823
11.0,0.990939974785,0.000231161015108,1002.08683875,0.0041426926,4.76,34.4552286678,0.494,3823
11.0,0.991372466087,0.00023124749714,1002.14813734,0.0041426926,4.76,34.4552286678,0.494,3823
11.0,0.991013526917,0.000231178710237,1002.20943581,0.0041426926,4.76,34.4552286678,0.494,3823
11.0,0.990729153156,0.000231180543778,1002.27073429,0.0041426926,4.76,34.4552286678,0.494,3823
11.0,0.990418255329,0.000231184254517,1002.33203277,0.0041426926,4.76,34.4552286678,0.494,3823
11.0,0.990420222282,0.000231211612117,1002.39333124,0.0041426926,4.76,34.4552286678,0.494,3823
11.0,0.990990698338,0.000231190919294,1002.45462981,0.0041426926,4.76,34.4552286678,0.494,3823
11.0,0.991003990173,0.000231251804507,1002.51592828,0.0041426926,4.76,34.4552286678,0.494,3823
11.0,0.990850806236,0.000231185229495,1002.57722675,0.0041426926,4.76,34.4552286678,0.494,3823
11.0,0.990213036537,0.000231150930631,1002.63852522,0.0041426926,4.76,34.4552286678,0.494,3823
11.0,0.989919900894,0.000231143989367,1002.69982369,0.0041426926,4.76,34.4552286678,0.494,3823
11.0,0.990614235401,0.000231179205002,1002.76112215,0.0041426926,4.76,34.4552286678,0.494,3823
11.0,0.990583479404,0.000231165569858,1002.82242061,0.0041426926,4.76,34.4552286678,0.494,3823
11.0,0.990905761719,0.000231205922319,1002.88371907,0.0041426926,4.76,34.4552286678,0.494,3823
11.0,0.990400791168,0.000231195605011,1002.94501763,0.0041426926,4.76,34.4552286678,0.494,3823
11.0,0.990707159042,0.000231224650634,1003.00631609,0.0041426926,4.76,34.4552286678,0.494,3823
11.0,0.990234911442,0.000231205092859,1003.06761454,0.0041426926,4.76,34.4552286678,0.494,3823
11.0,0.990075588226,0.000231227881159,1003.128913,0.0041426926,4.76,34.4552286678,0.494,3823
11.0,0.990269899368,0.000231228710618,1003.19021145,0.0041426926,4.76,34.4552286678,0.494,3823
11.0,0.990135252476,0.00023121832055,1003.2515099,0.0041426926,4.76,34.4552286678,0.494,3823
11.0,0.989533364773,0.00023119506659,1003.33324116,0.0041426926,4.76,34.4552286678,0.494,3823
11.0,0.9894297719,0.00023116619559,1003.39453961,0.0041426926,4.76,34.4552286678,0.494,3823
11.0,0.989877164364,0.000231165424339,1003.45583815,0.0041426926,4.76,34.4552286678,0.494,3823
11.0,0.989785134792,0.000231179219554,1003.5171366,0.0041426926,4.76,34.4552286678,0.494,3823
11.0,0.989989459515,0.000231174999499,1003.57843504,0.0041426926,4.76,34.4552286678,0.494,3823
11.0,0.990228712559,0.000231261117733,1003.63973348,0.0041426926,4.76,34.4552286678,0.494,3823
11.0,0.989908993244,0.000231189012993,1003.70103191,0.0041426926,4.76,34.4552286678,0.494,3823
11.0,0.990045726299,0.000231211699429,1003.76233035,0.0041426926,4.76,34.4552286678,0.494,3823
11.0,0.9903870821,0.00023123351275,1003.82362878,0.0041426926,4.76,34.4552286678,0.494,3823
11.0,0.989947378635,0.000231244048337,1003.88492722,0.0041426926,4.76,34.4552286678,0.494,3823
11.0,0.990531206131,0.000231284779147,1003.94622575,0.0041426926,4.76,34.4552286678,0.494,3823
11.0,0.989820063114,0.000231233847444,1004.00752418,0.0041426926,4.76,34.4552286678,0.494,3823
11.0,0.990510582924,0.000231226760661,1004.06882261,0.0041426926,4.76,34.4552286678,0.494,3823
11.0,0.99007833004,0.000231230427744,1004.13012103,0.0041426926,4.76,34.4552286678,0.494,3823
11.0,0.990132033825,0.000231244368479,1004.21185226,0.0041426926,4.76,34.4552286678,0.494,3823
11.0,0.990090966225,0.000231240905123,1004.27315069,0.0041426926,4.76,34.4552286678,0.494,3823
11.0,0.990403234959,0.00023129361216,1004.37531482,0.0041426926,4.76,34.4552286678,0.494,3823
11.0,0.990244328976,0.000231322614127,1004.43661324,0.0041426926,4.76,34.4552286678,0.494,3823
11.0,0.990466535091,0.000231306650676,1004.49791165,0.0041426926,4.76,34.4552286678,0.494,3823
11.0,0.990514934063,0.000231337471632,1004.55921007,0.0041426926,4.76,34.4552286678,0.494,3823
11.0,0.990695774555,0.000231348938541,1004.62050848,0.0041426926,4.76,34.4552286678,0.494,3823
11.0,0.990513205528,0.000231296857237,1004.68180689,0.0041426926,4.76,34.4552286678,0.494,3823
11.0,0.990818023682,0.000231375539443,1004.7431053,0.0041426926,4.76,34.4552286678,0.494,3823
11.0,0.991203904152,0.000231389436522,1004.80440371,0.0041426926,4.76,34.4552286678,0.494,3823
11.0,0.991063594818,0.000231381171034,1004.86570211,0.0041426926,4.76,34.4552286678,0.494,3823
11.0,0.990964829922,0.000231318219448,1004.92700052,0.0041426926,4.76,34.4552286678,0.494,3823
11.0,0.99060434103,0.000231367288507,1004.98829902,0.0041426926,4.76,34.4552286678,0.494,3823
11.0,0.990490078926,0.000231360827456,1005.04959742,0.0041426926,4.76,34.4552286678,0.494,3823
11.0,0.991129338741,0.000231360609178,1005.11089582,0.0041426926,4.76,34.4552286678,0.494,3823
11.0,0.990944445133,0.000231365556829,1005.17219432,0.0041426926,4.76,34.4552286678,0.494,3823
11.0,0.991055011749,0.000231376063311,1005.23349272,0.0041426926,4.76,34.4552286678,0.494,3823
11.0,0.99178725481,0.000231439888012,1005.29479111,0.0041426926,4.76,34.4552286678,0.494,3823
11.0,0.991368234158,0.000231393118156,1005.35608951,0.0041426926,4.76,34.4552286678,0.494,3823
11.0,0.990864813328,0.000231372323469,1005.4173879,0.0041426926,4.76,34.4552286678,0.494,3823
11.0,0.990985035896,0.000231390746194,1005.47868629,0.0041426926,4.76,34.4552286678,0.494,3823
11.0,0.991523981094,0.000231439960771,1005.53998468,0.0041426926,4.76,34.4552286678,0.494,3823
11.0,0.99136608839,0.000231438461924,1005.60128306,0.0041426926,4.76,34.4552286678,0.494,3823
11.0,0.991547942162,0.000231449623243,1005.66258145,0.0041426926,4.76,34.4552286678,0.494,3823
11.0,0.99146181345,0.000231425234233,1005.72387993,0.0041426926,4.76,34.4552286678,0.494,3823
11.0,0.991453766823,0.000231420694035,1005.78517831,0.0041426926,4.76,34.4552286678,0.494,3823
11.0,0.991814315319,0.00023146730382,1005.84647669,0.0041426926,4.76,34.4552286678,0.494,3823
11.0,0.991808116436,0.000231455487665,1005.90777507,0.0041426926,4.76,34.4552286678,0.494,3823
11.0,0.991430282593,0.0002314686717,1005.96907345,0.0041426926,4.76,34.4552286678,0.494,3823
11.0,0.991350650787,0.000231468045968,1006.03037183,0.0041426926,4.76,34.4552286678,0.494,3823
11.0,0.992035925388,0.000231479411013,1006.0916702,0.0041426926,4.76,34.4552286678,0.494,3823
11.0,0.991911828518,0.000231470388826,1006.15296857,0.0041426926,4.76,34.4552286678,0.494,3823
11.0,0.992268145084,0.000231575351791,1006.21426694,0.0041426926,4.76,34.4552286678,0.494,3823
11.0,0.992074549198,0.000231555284699,1006.2959982,0.0041426926,4.76,34.4552286678,0.494,3823
11.0,0.991930544376,0.000231523765251,1006.35729657,0.0041426926,4.76,34.4552286678,0.494,3823
11.0,0.992092609406,0.000231549071032,1006.41859494,0.0041426926,4.76,34.4552286678,0.494,3823
11.0,0.992268919945,0.00023160186538,1006.4798933,0.0041426926,4.76,34.4552286678,0.494,3823
11.0,0.993830680847,0.000231722733588,1006.54119166,0.0041426926,4.76,34.4552286678,0.494,3823
11.0,0.992899119854,0.000231637284742,1006.60249002,0.0041426926,4.76,34.4552286678,0.494,3823
11.0,0.992602646351,0.000231606536545,1006.66378848,0.0041426926,4.76,34.4552286678,0.494,3823
11.0,0.992342889309,0.000231599682593,1006.72508684,0.0041426926,4.76,34.4552286678,0.494,3823
11.0,0.992374181747,0.000231602447457,1006.7863852,0.0041426926,4.76,34.4552286678,0.494,3823
11.0,0.997676670551,0.000232788559515,1006.84768355,0.0041426926,4.76,34.4552286678,0.494,3823
11.0,0.992690384388,0.000231650090427,1006.9089818,0.0041426926,4.76,34.4552286678,0.494,3823
11.0,0.992614209652,0.000231626661844,1006.97028036,0.0041426926,4.76,34.4552286678,0.494,3823
11.0,0.992911815643,0.000231611105846,1007.03157871,0.0041426926,4.76,34.4552286678,0.494,3823
11.0,0.993529379368,0.000231685698964,1007.09287705,0.0041426926,4.76,34.4552286678,0.494,3823
11.0,0.992969036102,0.000231671408983,1007.1541754,0.0041426926,4.76,34.4552286678,0.494,3823
11.0,0.993295550346,0.000231679601711,1007.21547375,0.0041426926,4.76,34.4552286678,0.494,3823
11.0,0.993200540543,0.00023168810003,1007.27677209,0.0041426926,4.76,34.4552286678,0.494,3823
11.0,0.993706941605,0.000231725527556,1007.33807043,0.0041426926,4.76,34.4552286678,0.494,3823
11.0,0.993063211441,0.00023166538449,1007.39936877,0.0041426926,4.76,34.4552286678,0.494,3823
11.0,0.993292748928,0.000231698330026,1007.46066711,0.0041426926,4.76,34.4552286678,0.494,3823
11.0,0.994008719921,0.000231726313359,1007.52196545,0.0041426926,4.76,34.4552286678,0.494,3823
11.0,0.99378579855,0.000231725076446,1007.58326379,0.0041426926,4.76,34.4552286678,0.494,3823
11.0,0.99416744709,0.000231779835303,1007.64456212,0.0041426926,4.76,34.4552286678,0.494,3823
11.0,0.99413049221,0.000231774116401,1007.70586046,0.0041426926,4.76,34.4552286678,0.494,3823
11.0,0.994362175465,0.000231788100791,1007.76715889,0.0041426926,4.76,34.4552286678,0.494,3823
11.0,0.994452595711,0.000231813552091,1007.82845722,0.0041426926,4.76,34.4552286678,0.494,3823
11.0,0.994024515152,0.00023175770184,1007.88975565,0.0041426926,4.76,34.4552286678,0.494,3823
11.0,0.994805932045,0.000231845639064,1007.95105397,0.0041426926,4.76,34.4552286678,0.494,3823
11.0,0.994365930557,0.000231793732382,1008.0123523,0.0041426926,4.76,34.4552286678,0.494,3823
11.0,0.994457185268,0.00023181612778,1008.07365062,0.0041426926,4.76,34.4552286678,0.494,3823
11.0,0.9947463274,0.000231842539506,1008.13494895,0.0041426926,4.76,34.4552286678,0.494,3823
11.0,0.994407832623,0.000231808167882,1008.19624727,0.0041426926,4.76,34.4552286678,0.494,3823
11.0,0.994487166405,0.000231816171436,1008.25754559,0.0041426926,4.76,34.4552286678,0.494,3823
11.0,0.995547235012,0.000231895188335,1008.33927668,0.0041426926,4.76,34.4552286678,0.494,3823
11.0,0.995038211346,0.000231885613175,1008.40057509,0.0041426926,4.76,34.4552286678,0.494,3823
11.0,0.994739532471,0.000231840152992,1008.46187341,0.0041426926,4.76,34.4552286678,0.494,3823
11.0,0.994884550571,0.000231865837122,1008.54360439,0.0041426926,4.76,34.4552286678,0.494,3823
11.0,0.995029985905,0.00023190084903,1008.6049027,0.0041426926,4.76,34.4552286678,0.494,3823
11.0,0.99534702301,0.000231923229876,1008.66620101,0.0041426926,4.76,34.4552286678,0.494,3823
11.0,0.995591878891,0.000231931291637,1008.72749942,0.0041426926,4.76,34.4552286678,0.494,3823
11.0,0.995456278324,0.000231921949307,1008.78879783,0.0041426926,4.76,34.4552286678,0.494,3823
11.0,0.995940506458,0.000231987069128,1008.85009603,0.0041426926,4.76,34.4552286678,0.494,3823
11.0,0.995642840862,0.000231953759794,1008.91139444,0.0041426926,4.76,34.4552286678,0.494,3823
11.0,0.99600148201,0.000231988131418,1008.97269274,0.0041426926,4.76,34.4552286678,0.494,3823
11.0,0.995741546154,0.000231966754654,1009.03399104,0.0041426926,4.76,34.4552286678,0.494,3823
11.0,0.996179640293,0.000231982936384,1009.09528934,0.0041426926,4.76,34.4552286678,0.494,3823
11.0,0.995883822441,0.000231983678532,1009.15658764,0.0041426926,4.76,34.4552286678,0.494,3823
11.0,0.996445775032,0.000232043166761,1009.21788593,0.0041426926,4.76,34.4552286678,0.494,3823
11.0,0.996764719486,0.000232042162679,1009.29961709,0.0041426926,4.76,34.4552286678,0.494,3823
11.0,0.996406793594,0.00023202727607,1009.36091538,0.0041426926,4.76,34.4552286678,0.494,3823
11.0,0.996239125729,0.000232031336054,1009.44264644,0.0041426926,4.76,34.4552286678,0.494,3823
11.0,0.997255265713,0.000232084901654,1009.50394463,0.0041426926,4.76,34.4552286678,0.494,3823
11.0,0.996868789196,0.000232072736253,1009.56524292,0.0041426926,4.76,34.4552286678,0.494,3823
11.0,0.997803509235,0.000232139733271,1009.6265412,0.0041426926,4.76,34.4552286678,0.494,3823
11.0,0.997257649899,0.000232087433687,1009.68783949,0.0041426926,4.76,34.4552286678,0.494,3823
11.0,0.998034358025,0.000232144840993,1009.74913787,0.0041426926,4.76,34.4552286678,0.494,3823
11.0,0.997438251972,0.000232108097407,1009.81043626,0.0041426926,4.76,34.4552286678,0.494,3823
11.0,0.997660279274,0.000232131613302,1009.87173454,0.0041426926,4.76,34.4552286678,0.494,3823
11.0,0.997930586338,0.000232142891036,1009.93303282,0.0041426926,4.76,34.4552286678,0.494,3823
11.0,0.998583972454,0.000232196151046,1010.03519651,0.0041426926,4.76,34.4552286678,0.494,3823
11.0,0.998289048672,0.000232170568779,1010.09649499,0.0041426926,4.76,34.4552286678,0.494,3823
11.0,0.999188125134,0.000232227321249,1010.17822592,0.0041426926,4.76,34.4552286678,0.494,3823
11.0,0.998567938805,0.000232175356359,1010.23952419,0.0041426926,4.76,34.4552286678,0.494,3823
11.0,0.998878777027,0.000232205391512,1010.30082246,0.0041426926,4.76,34.4552286678,0.494,3823
11.0,0.998268246651,0.000232187114307,1010.36212073,0.0041426926,4.76,34.4552286678,0.494,3823
11.0,0.998976409435,0.000232225109357,1010.423419,0.0041426926,4.76,34.4552286678,0.494,3823
11.0,0.998903691769,0.000232260674238,1010.48471727,0.0041426926,4.76,34.4552286678,0.494,3823
11.0,0.999333322048,0.000232346399571,1010.54601553,0.0041426926,4.76,34.4552286678,0.494,3823
11.0,0.999440908432,0.000232322898228,1010.607314,0.0041426926,4.76,34.4552286678,0.494,3823
11.0,0.999251663685,0.000232324804529,1010.66861226,0.0041426926,4.76,34.4552286678,0.494,3823
11.0,0.999749898911,0.000232360122027,1010.72991052,0.0041426926,4.76,34.4552286678,0.494,3823
11.0,0.999500215054,0.000232341059018,1010.79120868,0.0041426926,4.76,34.4552286678,0.494,3823
11.0,1.00008487701,0.0002323929657,1010.85250704,0.0041426926,4.76,34.4552286678,0.494,3823
11.0,1.00035119057,0.000232411490288,1010.9138052,0.0041426926,4.76,34.4552286678,0.494,3823
11.0,1.00038695335,0.000232423262787,1010.97510355,0.0041426926,4.76,34.4552286678,0.494,3823
11.0,1.00053083897,0.00023241697636,1011.03640181,0.0041426926,4.76,34.4552286678,0.494,3823
11.0,1.00053036213,0.000232394522754,1011.09770006,0.0041426926,4.76,34.4552286678,0.494,3823
11.0,1.00034868717,0.000232429301832,1011.15899831,0.0041426926,4.76,34.4552286678,0.494,3823
11.0,1.00038409233,0.00023242624593,1011.22029656,0.0041426926,4.76,34.4552286678,0.494,3823
11.0,1.0006633997,0.000232430247706,1011.28159481,0.0041426926,4.76,34.4552286678,0.494,3823
11.0,1.00076973438,0.000232412625337,1011.34289306,0.0041426926,4.76,34.4552286678,0.494,3823
11.0,1.0005569458,0.000232429883908,1011.4041914,0.0041426926,4.76,34.4552286678,0.494,3823
11.0,1.00112009048,0.000232461025007,1011.46548965,0.0041426926,4.76,34.4552286678,0.494,3823
11.0,1.00101602077,0.000232474223594,1011.52678789,0.0041426926,4.76,34.4552286678,0.494,3823
11.0,1.00141477585,0.000232489474001,1011.58808613,0.0041426926,4.76,34.4552286678,0.494,3823
11.0,1.00157427788,0.000232500533457,1011.64938437,0.0041426926,4.76,34.4552286678,0.494,3823
11.0,1.00154900551,0.000232498627156,1011.71068261,0.0041426926,4.76,34.4552286678,0.494,3823
11.0,1.00101065636,0.000232487873291,1011.77198085,0.0041426926,4.76,34.4552286678,0.494,3823
11.0,1.00176262856,0.000232505932217,1011.83327909,0.0041426926,4.76,34.4552286678,0.494,3823
11.0,1.00191712379,0.000232527600019,1011.89457732,0.0041426926,4.76,34.4552286678,0.494,3823
11.0,1.00166928768,0.000232491875067,1011.95587565,0.0041426926,4.76,34.4552286678,0.494,3823
11.0,1.0020250082,0.000232547812629,1012.01717389,0.0041426926,4.76,34.4552286678,0.494,3823
11.0,1.00190365314,0.000232508275076,1012.07847212,0.0041426926,4.76,34.4552286678,0.494,3823
11.0,1.00197803974,0.000232543607126,1012.13977035,0.0041426926,4.76,34.4552286678,0.494,3823
11.0,1.00198113918,0.000232513411902,1012.20106868,0.0041426926,4.76,34.4552286678,0.494,3823
11.0,1.00197982788,0.000232517035329,1012.28279955,0.0041426926,4.76,34.4552286678,0.494,3823
11.0,1.00255644321,0.000232587903156,1012.34409777,0.0041426926,4.76,34.4552286678,0.494,3823
11.0,1.00261080265,0.0002325665846,1012.40539599,0.0041426926,4.76,34.4552286678,0.494,3823
11.0,1.00240051746,0.000232567472267,1012.46669432,0.0041426926,4.76,34.4552286678,0.494,3823
11.0,1.00307476521,0.000232586680795,1012.52799254,0.0041426926,4.76,34.4552286678,0.494,3823
11.0,1.00326108932,0.00023263222829,1012.58929076,0.0041426926,4.76,34.4552286678,0.494,3823
11.0,1.00273525715,0.000232589809457,1012.65058898,0.0041426926,4.76,34.4552286678,0.494,3823
11.0,1.00294005871,0.000232586040511,1012.71188719,0.0041426926,4.76,34.4552286678,0.494,3823
11.0,1.00346910954,0.000232619408052,1012.77318551,0.0041426926,4.76,34.4552286678,0.494,3823
11.0,1.00350570679,0.000232626800425,1012.83448372,0.0041426926,4.76,34.4552286678,0.494,3823
11.0,1.00410544872,0.000232675345615,1012.89578194,0.0041426926,4.76,34.4552286678,0.494,3823
11.0,1.00362372398,0.00023262569448,1012.95708015,0.0041426926,4.76,34.4552286678,0.494,3823
11.0,1.0037471056,0.000232652106206,1013.01837836,0.0041426926,4.76,34.4552286678,0.494,3823
11.0,1.00357580185,0.000232624835917,1013.07967657,0.0041426926,4.76,34.4552286678,0.494,3823
11.0,1.0038022995,0.000232639882597,1013.14097478,0.0041426926,4.76,34.4552286678,0.494,3823
11.0,1.00394356251,0.000232650985708,1013.20227299,0.0041426926,4.76,34.4552286678,0.494,3823
11.0,1.0038779974,0.000232621285249,1013.26357119,0.0041426926,4.76,34.4552286678,0.494,3823
11.0,1.00353705883,0.000232582402532,1013.3248694,0.0041426926,4.76,34.4552286678,0.494,3823
11.0,1.00397050381,0.000232609148952,1013.3861676,0.0041426926,4.76,34.4552286678,0.494,3823
11.0,1.00417506695,0.000232648002566,1013.4474659,0.0041426926,4.76,34.4552286678,0.494,3823
11.0,1.00400793552,0.000232626713114,1013.5087641,0.0041426926,4.76,34.4552286678,0.494,3823
11.0,1.00431156158,0.000232631791732,1013.5700623,0.0041426926,4.76,34.4552286678,0.494,3823
11.0,1.00428664684,0.000232653619605,1013.6313605,0.0041426926,4.76,34.4552286678,0.494,3823
11.0,1.00396347046,0.000232587583014,1013.69265879,0.0041426926,4.76,34.4552286678,0.494,3823
11.0,1.00425183773,0.000232658654568,1013.75395699,0.0041426926,4.76,34.4552286678,0.494,3823
11.0,1.00397205353,0.000232592705288,1013.81525518,0.0041426926,4.76,34.4552286678,0.494,3823
11.0,1.00452208519,0.000232657039305,1013.87655338,0.0041426926,4.76,34.4552286678,0.494,3823
11.0,1.00477087498,0.000232655627769,1013.93785157,0.0041426926,4.76,34.4552286678,0.494,3823
11.0,1.00446295738,0.00023263967887,1013.99914976,0.0041426926,4.76,34.4552286678,0.494,3823
11.0,1.00476741791,0.000232693724683,1014.06044795,0.0041426926,4.76,34.4552286678,0.494,3823
11.0,1.00445091724,0.00023266999051,1014.12174614,0.0041426926,4.76,34.4552286678,0.494,3823
11.0,1.00520718098,0.00023274506384,1014.18304432,0.0041426926,4.76,34.4552286678,0.494,3823
11.0,1.00791716576,0.000233582934015,1014.24434251,0.0041426926,4.76,34.4552286678,0.494,3823
11.0,1.00468802452,0.000232682636124,1014.30564069,0.0041426926,4.76,34.4552286678,0.494,3823
11.0,1.00551176071,0.000232756297919,1014.3873717,0.0041426926,4.76,34.4552286678,0.494,3823
11.0,1.00560462475,0.000232711041463,1014.44866988,0.0041426926,4.76,34.4552286678,0.494,3823
11.0,1.00547528267,0.000232708887779,1014.50996806,0.0041426926,4.76,34.4552286678,0.494,3823
11.0,1.00493431091,0.000232658028835,1014.57126624,0.0041426926,4.76,34.4552286678,0.494,3823
11.0,1.00527989864,0.000232713631704,1014.63256442,0.0041426926,4.76,34.4552286678,0.494,3823
11.0,1.00553441048,0.000232689490076,1014.6938626,0.0041426926,4.76,34.4552286678,0.494,3823
11.0,1.00557279587,0.000232723919908,1014.75516077,0.0041426926,4.76,34.4552286678,0.494,3823
11.0,1.00541639328,0.000232750389841,1014.81645894,0.0041426926,4.76,34.4552286678,0.494,3823
11.0,1.0056694746,0.00023270532256,1014.87775722,0.0041426926,4.76,34.4552286678,0.494,3823
11.0,1.00537335873,0.000232630583923,1014.93905539,0.0041426926,4.76,34.4552286678,0.494,3823
11.0,1.00558948517,0.00023267720826,1015.00035356,0.0041426926,4.76,34.4552286678,0.494,3823
11.0,1.00615644455,0.000232786478591,1015.06165173,0.0041426926,4.76,34.4552286678,0.494,3823
11.0,1.0056912899,0.000232706370298,1015.12294989,0.0041426926,4.76,34.4552286678,0.494,3823
11.0,1.00594758987,0.000232716003666,1015.18424816,0.0041426926,4.76,34.4552286678,0.494,3823
11.0,1.00597298145,0.000232656704611,1015.26597895,0.0041426926,4.76,34.4552286678,0.494,3823
11.0,1.00600755215,0.000232659294852,1015.32727711,0.0041426926,4.76,34.4552286678,0.494,3823
11.0,1.00610303879,0.000232734717429,1015.38857527,0.0041426926,4.76,34.4552286678,0.494,3823
11.0,1.00642704964,0.000232789519941,1015.44987364,0.0041426926,4.76,34.4552286678,0.494,3823
11.0,1.00594103336,0.000232748468989,1015.5111718,0.0041426926,4.76,34.4552286678,0.494,3823
11.0,1.00613832474,0.00023272963881,1015.57246985,0.0041426926,4.76,34.4552286678,0.494,3823
11.0,1.00581407547,0.000232704303926,1015.63376801,0.0041426926,4.76,34.4552286678,0.494,3823
11.0,1.0060646534,0.000232754799072,1015.69506627,0.0041426926,4.76,34.4552286678,0.494,3823
11.0,1.00617182255,0.000232713544392,1015.77679704,0.0041426926,4.76,34.4552286678,0.494,3823
11.0,1.00624120235,0.000232798469369,1015.8380952,0.0041426926,4.76,34.4552286678,0.494,3823
11.0,1.00611817837,0.000232808175497,1015.89939335,0.0041426926,4.76,34.4552286678,0.494,3823
11.0,1.00650632381,0.000232826161664,1015.9606917,0.0041426926,4.76,34.4552286678,0.494,3823
11.0,1.00646281242,0.000232777325436,1016.02198985,0.0041426926,4.76,34.4552286678,0.494,3823
11.0,1.00704467297,0.000232824546401,1016.083288,0.0041426926,4.76,34.4552286678,0.494,3823
11.0,1.00689268112,0.000232841615798,1016.14458615,0.0041426926,4.76,34.4552286678,0.494,3823
11.0,1.00700902939,0.000232753562159,1016.20588429,0.0041426926,4.76,34.4552286678,0.494,3823
11.0,1.00726914406,0.000232832244365,1016.26718244,0.0041426926,4.76,34.4552286678,0.494,3823
11.0,1.00712120533,0.00023282141774,1016.32848058,0.0041426926,4.76,34.4552286678,0.494,3823
11.0,1.0072414875,0.000232805658015,1016.38977873,0.0041426926,4.76,34.4552286678,0.494,3823
11.0,1.00710499287,0.000232782433159,1016.45107687,0.0041426926,4.76,34.4552286678,0.494,3823
11.0,1.0073325634,0.000232850128668,1016.51237501,0.0041426926,4.76,34.4552286678,0.494,3823
11.0,1.00769591331,0.000232872014749,1016.57367315,0.0041426926,4.76,34.4552286678,0.494,3823
11.0,1.00761961937,0.000232860198594,1016.63497129,0.0041426926,4.76,34.4552286678,0.494,3823
11.0,1.00751364231,0.000232908510952,1016.69626943,0.0041426926,4.76,34.4552286678,0.494,3823
11.0,1.00731682777,0.000232948616031,1016.75756756,0.0041426926,4.76,34.4552286678,0.494,3823
11.0,1.00786268711,0.000232886333833,1016.8188658,0.0041426926,4.76,34.4552286678,0.494,3823
11.0,1.00745797157,0.000232938298723,1016.88016393,0.0041426926,4.76,34.4552286678,0.494,3823
11.0,1.00748848915,0.000232857462834,1016.94146207,0.0041426926,4.76,34.4552286678,0.494,3823
11.0,1.0079549551,0.00023294777202,1017.0027602,0.0041426926,4.76,34.4552286678,0.494,3823
11.0,1.00789296627,0.000232972990489,1017.06405833,0.0041426926,4.76,34.4552286678,0.494,3823
11.0,1.00771152973,0.000232901074924,1017.12535646,0.0041426926,4.76,34.4552286678,0.494,3823
11.0,1.00821316242,0.000232979873545,1017.18665459,0.0041426926,4.76,34.4552286678,0.494,3823
11.0,1.00820147991,0.000232906400925,1017.24795281,0.0041426926,4.76,34.4552286678,0.494,3823
11.0,1.00825357437,0.000232979189605,1017.30925094,0.0041426926,4.76,34.4552286678,0.494,3823
11.0,1.00877094269,0.000232977094129,1017.37054907,0.0041426926,4.76,34.4552286678,0.494,3823
11.0,1.00788390636,0.000232925420278,1017.43184719,0.0041426926,4.76,34.4552286678,0.494,3823
11.0,1.00873160362,0.000233005252085,1017.49314531,0.0041426926,4.76,34.4552286678,0.494,3823
11.0,1.00809693336,0.000232933118241,1017.55444344,0.0041426926,4.76,34.4552286678,0.494,3823
11.0,1.00800096989,0.000232885067817,1017.61574166,0.0041426926,4.76,34.4552286678,0.494,3823
11.0,1.00857782364,0.000232944643358,1017.67703978,0.0041426926,4.76,34.4552286678,0.494,3823
11.0,1.00794684887,0.000232940627029,1017.73833789,0.0041426926,4.76,34.4552286678,0.494,3823
11.0,1.00861036777,0.000233021215536,1017.79963601,0.0041426926,4.76,34.4552286678,0.494,3823
11.0,1.00838088989,0.000232963138842,1017.86093413,0.0041426926,4.76,34.4552286678,0.494,3823
11.0,1.00846469402,0.000233001497691,1017.92223224,0.0041426926,4.76,34.4552286678,0.494,3823
11.0,1.00886464119,0.00023303629132,1017.98353036,0.0041426926,4.76,34.4552286678,0.494,3823
11.0,1.00866818428,0.000233001366723,1018.04482847,0.0041426926,4.76,34.4552286678,0.494,3823
11.0,1.00841128826,0.000233005179325,1018.10612658,0.0041426926,4.76,34.4552286678,0.494,3823
11.0,1.00874197483,0.000233009181102,1018.16742479,0.0041426926,4.76,34.4552286678,0.494,3823
11.0,1.009116292,0.000233049533563,1018.24915561,0.0041426926,4.76,34.4552286678,0.494,3823
11.0,1.00894379616,0.000232994440012,1018.31045372,0.0041426926,4.76,34.4552286678,0.494,3823
11.0,1.00863671303,0.000232996550039,1018.37175182,0.0041426926,4.76,34.4552286678,0.494,3823
11.0,1.00877547264,0.000233006881899,1018.43304993,0.0041426926,4.76,34.4552286678,0.494,3823
11.0,1.00857710838,0.000233070531976,1018.49434804,0.0041426926,4.76,34.4552286678,0.494,3823
11.0,1.00830030441,0.000232985592447,1018.55564614,0.0041426926,4.76,34.4552286678,0.494,3823
11.0,1.00909221172,0.000233058686717,1018.61694424,0.0041426926,4.76,34.4552286678,0.494,3823
11.0,1.00820982456,0.000233040147577,1018.67824245,0.0041426926,4.76,34.4552286678,0.494,3823
11.0,1.00856912136,0.000233041428146,1018.73954055,0.0041426926,4.76,34.4552286678,0.494,3823
11.0,1.00862967968,0.000232994018006,1018.80083865,0.0041426926,4.76,34.4552286678,0.494,3823
11.0,1.00905966759,0.000233040729654,1018.86213675,0.0041426926,4.76,34.4552286678,0.494,3823
11.0,1.00834071636,0.000232971447986,1018.92343484,0.0041426926,4.76,34.4552286678,0.494,3823
11.0,1.00867700577,0.000232998136198,1018.98473304,0.0041426926,4.76,34.4552286678,0.494,3823
11.0,1.00886404514,0.000233011727687,1019.04603114,0.0041426926,4.76,34.4552286678,0.494,3823
11.0,1.00872862339,0.000233047103393,1019.10732923,0.0041426926,4.76,34.4552286678,0.494,3823
11.0,1.00770127773,0.000232981794397,1019.18905992,0.0041426926,4.76,34.4552286678,0.494,3823
11.0,1.00858604908,0.000232982580201,1019.27079081,0.0041426926,4.76,34.4552286678,0.494,3823
11.0,1.00835204124,0.000233028404182,1019.3320889,0.0041426926,4.76,34.4552286678,0.494,3823
11.0,1.00836575031,0.000233015191043,1019.39338709,0.0041426926,4.76,34.4552286678,0.494,3823
11.0,1.00828754902,0.000233069018577,1019.45468518,0.0041426926,4.76,34.4552286678,0.494,3823
11.0,1.00874757767,0.000233065002249,1019.51598327,0.0041426926,4.76,34.4552286678,0.494,3823
11.0,1.00838494301,0.000233073325944,1019.57728136,0.0041426926,4.76,34.4552286678,0.494,3823
11.0,1.00839817524,0.000233029335504,1019.63857935,0.0041426926,4.76,34.4552286678,0.494,3823
11.0,1.00856685638,0.000233103812207,1019.69987743,0.0041426926,4.76,34.4552286678,0.494,3823
11.0,1.00880670547,0.000233058977756,1019.76117561,0.0041426926,4.76,34.4552286678,0.494,3823
11.0,1.0082975626,0.000233020051382,1019.8224737,0.0041426926,4.76,34.4552286678,0.494,3823
11.0,1.00871872902,0.000233056081925,1019.88377178,0.0041426926,4.76,34.4552286678,0.494,3823
11.0,1.00890135765,0.000233057755395,1019.94506986,0.0041426926,4.76,34.4552286678,0.494,3823
11.0,1.00829970837,0.000233066137298,1020.00636794,0.0041426926,4.76,34.4552286678,0.494,3823
11.0,1.00800430775,0.000233063867199,1020.06766612,0.0041426926,4.76,34.4552286678,0.494,3823
11.0,1.00818490982,0.000233086961089,1020.1289642,0.0041426926,4.76,34.4552286678,0.494,3823
11.0,1.00835847855,0.00023307815718,1020.19026228,0.0041426926,4.76,34.4552286678,0.494,3823
11.0,1.00851202011,0.00023310839606,1020.25156035,0.0041426926,4.76,34.4552286678,0.494,3823
11.0,1.00853824615,0.000233096638112,1020.31285843,0.0041426926,4.76,34.4552286678,0.494,3823
11.0,1.00789737701,0.000233069411479,1020.3741565,0.0041426926,4.76,34.4552286678,0.494,3823
11.0,1.00834929943,0.000233090191614,1020.43545458,0.0041426926,4.76,34.4552286678,0.494,3823
11.0,1.00816094875,0.000233113969443,1020.49675265,0.0041426926,4.76,34.4552286678,0.494,3823
11.0,1.00828206539,0.000233099839534,1020.55805072,0.0041426926,4.76,34.4552286678,0.494,3823
11.0,1.0080602169,0.000233080689213,1020.61934879,0.0041426926,4.76,34.4552286678,0.494,3823
11.0,1.00776708126,0.000233058890444,1020.68064686,0.0041426926,4.76,34.4552286678,0.494,3823
11.0,1.00787448883,0.000233089522226,1020.74194503,0.0041426926,4.76,34.4552286678,0.494,3823
11.0,1.00812852383,0.000233134429436,1020.8032431,0.0041426926,4.76,34.4552286678,0.494,3823
11.0,1.00789475441,0.000233069993556,1020.86454126,0.0041426926,4.76,34.4552286678,0.494,3823
11.0,1.00759339333,0.000233009923249,1020.92583933,0.0041426926,4.76,34.4552286678,0.494,3823
11.0,1.00715911388,0.000233036727877,1020.98713739,0.0041426926,4.76,34.4552286678,0.494,3823
11.0,1.00758266449,0.000233048616792,1021.04843546,0.0041426926,4.76,34.4552286678,0.494,3823
11.0,1.00806689262,0.000233091646805,1021.10973352,0.0041426926,4.76,34.4552286678,0.494,3823
11.0,1.00774645805,0.000233053899137,1021.19146417,0.0041426926,4.76,34.4552286678,0.494,3823
11.0,1.00702905655,0.0002330011921,1021.25276233,0.0041426926,4.76,34.4552286678,0.494,3823
11.0,1.00757074356,0.000232851714827,1021.31406039,0.0041426926,4.76,34.4552286678,0.494,3823
11.0,1.00791597366,0.000233071215916,1021.39579123,0.0041426926,4.76,34.4552286678,0.494,3823
11.0,1.00765168667,0.000233048136579,1021.45708929,0.0041426926,4.76,34.4552286678,0.494,3823
11.0,1.00758051872,0.000233036422287,1021.51838735,0.0041426926,4.76,34.4552286678,0.494,3823
11.0,1.00761091709,0.000233041952015,1021.5796853,0.0041426926,4.76,34.4552286678,0.494,3823
11.0,1.00742995739,0.000233060898609,1021.64098336,0.0041426926,4.76,34.4552286678,0.494,3823
11.0,1.00730276108,0.000233039594605,1021.70228141,0.0041426926,4.76,34.4552286678,0.494,3823
11.0,1.00746548176,0.000233072642004,1021.76357957,0.0041426926,4.76,34.4552286678,0.494,3823
11.0,1.00732314587,0.000233012717217,1021.82487762,0.0041426926,4.76,34.4552286678,0.494,3823
11.0,1.00734424591,0.000233028244111,1021.88617567,0.0041426926,4.76,34.4552286678,0.494,3823
11.0,1.00707638264,0.000232996055274,1021.94747382,0.0041426926,4.76,34.4552286678,0.494,3823
11.0,1.00709080696,0.000233035316342,1022.00877187,0.0041426926,4.76,34.4552286678,0.494,3823
11.0,1.0073941946,0.000233059909078,1022.07006992,0.0041426926,4.76,34.4552286678,0.494,3823
11.0,1.00691652298,0.000233052865951,1022.13136797,0.0041426926,4.76,34.4552286678,0.494,3823
11.0,1.00707900524,0.000233040234889,1022.19266601,0.0041426926,4.76,34.4552286678,0.494,3823
11.0,1.0066896677,0.000232999242144,1022.25396406,0.0041426926,4.76,34.4552286678,0.494,3823
11.0,1.00675332546,0.000233026439673,1022.3152621,0.0041426926,4.76,34.4552286678,0.494,3823
11.0,1.00671112537,0.00023300126486,1022.37656015,0.0041426926,4.76,34.4552286678,0.494,3823
11.0,1.00693142414,0.000233067112276,1022.43785819,0.0041426926,4.76,34.4552286678,0.494,3823
11.0,1.00647044182,0.000232984326431,1022.49915623,0.0041426926,4.76,34.4552286678,0.494,3823
11.0,1.00626790524,0.000232970225625,1022.56045427,0.0041426926,4.76,34.4552286678,0.494,3823
11.0,1.00662958622,0.000232998572756,1022.62175231,0.0041426926,4.76,34.4552286678,0.494,3823
11.0,1.00723409653,0.000233035636484,1022.68305035,0.0041426926,4.76,34.4552286678,0.494,3823
11.0,1.00674068928,0.000233024940826,1022.74434859,0.0041426926,4.76,34.4552286678,0.494,3823
11.0,1.00634646416,0.000232943639276,1022.80564663,0.0041426926,4.76,34.4552286678,0.494,3823
11.0,1.00604379177,0.000232957507251,1022.86694467,0.0041426926,4.76,34.4552286678,0.494,3823
11.0,1.00616550446,0.000232966325711,1022.92824271,0.0041426926,4.76,34.4552286678,0.494,3823
11.0,1.00628578663,0.000232981430599,1022.98954074,0.0041426926,4.76,34.4552286678,0.494,3823
11.0,1.00577545166,0.00023293569393,1023.05083878,0.0041426926,4.76,34.4552286678,0.494,3823
11.0,1.0057592392,0.000232986334595,1023.11213681,0.0041426926,4.76,34.4552286678,0.494,3823
11.0,1.00573241711,0.000232909733313,1023.17343484,0.0041426926,4.76,34.4552286678,0.494,3823
11.0,1.00613796711,0.000233017024584,1023.23473287,0.0041426926,4.76,34.4552286678,0.494,3823
11.0,1.00576448441,0.00023295119172,1023.29603091,0.0041426926,4.76,34.4552286678,0.494,3823
11.0,1.00499117374,0.000232918086112,1023.35732894,0.0041426926,4.76,34.4552286678,0.494,3823
11.0,1.00542080402,0.000232915248489,1023.41862697,0.0041426926,4.76,34.4552286678,0.494,3823
11.0,1.00562489033,0.000232954393141,1023.479925,0.0041426926,4.76,34.4552286678,0.494,3823
11.0,1.0056000948,0.000232954189414,1023.54122312,0.0041426926,4.76,34.4552286678,0.494,3823
11.0,1.00498735905,0.000232886523008,1023.60252115,0.0041426926,4.76,34.4552286678,0.494,3823
11.0,1.00539433956,0.00023292050173,1023.66381918,0.0041426926,4.76,34.4552286678,0.494,3823
11.0,1.00557076931,0.000232973208767,1023.7251172,0.0041426926,4.76,34.4552286678,0.494,3823
11.0,1.00586700439,0.000232985272305,1023.78641523,0.0041426926,4.76,34.4552286678,0.494,3823
11.0,1.00520122051,0.000232925027376,1023.84771325,0.0041426926,4.76,34.4552286678,0.494,3823
11.0,1.00539672375,0.000232989128563,1023.90901127,0.0041426926,4.76,34.4552286678,0.494,3823
11.0,1.00509667397,0.000232980906731,1023.9703094,0.0041426926,4.76,34.4552286678,0.494,3823
11.0,1.00579953194,0.000232998951105,1024.03160742,0.0041426926,4.76,34.4552286678,0.494,3823
11.0,1.00558042526,0.000232988648349,1024.09290544,0.0041426926,4.76,34.4552286678,0.494,3823
11.0,1.00596535206,0.000232932812651,1024.17463623,0.0041426926,4.76,34.4552286678,0.494,3823
11.0,1.00504517555,0.000232968275668,1024.23593425,0.0041426926,4.76,34.4552286678,0.494,3823
11.0,1.00552773476,0.000232997146668,1024.29723217,0.0041426926,4.76,34.4552286678,0.494,3823
11.0,1.00532472134,0.000232896898524,1024.35853019,0.0041426926,4.76,34.4552286678,0.494,3823
11.0,1.00542724133,0.000232902486459,1024.4198282,0.0041426926,4.76,34.4552286678,0.494,3823
11.0,1.00502574444,0.00023294708808,1024.48112632,0.0041426926,4.76,34.4552286678,0.494,3823
11.0,1.00542020798,0.000232989114011,1024.54242433,0.0041426926,4.76,34.4552286678,0.494,3823
11.0,1.00541126728,0.000232964666793,1024.60372235,0.0041426926,4.76,34.4552286678,0.494,3823
11.0,1.00495672226,0.000232929873164,1024.66502036,0.0041426926,4.76,34.4552286678,0.494,3823
11.0,1.00566267967,0.000232957623666,1024.72631838,0.0041426926,4.76,34.4552286678,0.494,3823
11.0,1.00514912605,0.000232903752476,1024.78761639,0.0041426926,4.76,34.4552286678,0.494,3823
11.0,1.0049072504,0.000232940306887,1024.8489145,0.0041426926,4.76,34.4552286678,0.494,3823
11.0,1.00506401062,0.000232881342527,1024.91021251,0.0041426926,4.76,34.4552286678,0.494,3823
11.0,1.00509858131,0.000232905716985,1024.97151052,0.0041426926,4.76,34.4552286678,0.494,3823
11.0,1.00505578518,0.000232928374317,1025.03280853,0.0041426926,4.76,34.4552286678,0.494,3823
11.0,1.00515758991,0.000232972786762,1025.09410654,0.0041426926,4.76,34.4552286678,0.494,3823
11.0,1.00484836102,0.000232949649217,1025.15540454,0.0041426926,4.76,34.4552286678,0.494,3823
11.0,1.00476074219,0.000232934835367,1025.21670255,0.0041426926,4.76,34.4552286678,0.494,3823
11.0,1.0049110651,0.000232914564549,1025.27800056,0.0041426926,4.76,34.4552286678,0.494,3823
11.0,1.00495231152,0.000232909544138,1025.33929856,0.0041426926,4.76,34.4552286678,0.494,3823
11.0,1.00455594063,0.000232925420278,1025.40059657,0.0041426926,4.76,34.4552286678,0.494,3823
11.0,1.00483167171,0.000232887032325,1025.46189467,0.0041426926,4.76,34.4552286678,0.494,3823
11.0,1.00449025631,0.000232913473155,1025.52319267,0.0041426926,4.76,34.4552286678,0.494,3823
11.0,1.00448107719,0.000232953592786,1025.58449068,0.0041426926,4.76,34.4552286678,0.494,3823
11.0,1.00446069241,0.000232928025071,1025.64578868,0.0041426926,4.76,34.4552286678,0.494,3823
11.0,1.00452888012,0.000232950042118,1025.70708678,0.0041426926,4.76,34.4552286678,0.494,3823
11.0,1.00398159027,0.000232844700804,1025.76838478,0.0041426926,4.76,34.4552286678,0.494,3823
11.0,1.00425541401,0.000232896578382,1025.82968278,0.0041426926,4.76,34.4552286678,0.494,3823
11.0,1.00372755527,0.000232870210311,1025.89098078,0.0041426926,4.76,34.4552286678,0.494,3823
11.0,1.00424778461,0.00023289998353,1025.95227878,0.0041426926,4.76,34.4552286678,0.494,3823
11.0,1.00405502319,0.0002328370756,1026.01357677,0.0041426926,4.76,34.4552286678,0.494,3823
11.0,1.00454998016,0.000232915554079,1026.07487477,0.0041426926,4.76,34.4552286678,0.494,3823
11.0,1.00427389145,0.000232914957451,1026.13617277,0.0041426926,4.76,34.4552286678,0.494,3823
11.0,1.00395858288,0.000232895254157,1026.19747076,0.0041426926,4.76,34.4552286678,0.494,3823
11.0,1.00437545776,0.000232947844779,1026.25876876,0.0041426926,4.76,34.4552286678,0.494,3823
11.0,1.00393736362,0.00023285082716,1026.32006675,0.0041426926,4.76,34.4552286678,0.494,3823
11.0,1.00343978405,0.000232905818848,1026.38136484,0.0041426926,4.76,34.4552286678,0.494,3823
11.0,1.00354218483,0.00023282058828,1026.44266284,0.0041426926,4.76,34.4552286678,0.494,3823
11.0,1.00310754776,0.000232876802329,1026.50396083,0.0041426926,4.76,34.4552286678,0.494,3823
11.0,1.00371420383,0.000232867561863,1026.56525882,0.0041426926,4.76,34.4552286678,0.494,3823
11.0,1.00306367874,0.000232867212617,1026.62655681,0.0041426926,4.76,34.4552286678,0.494,3823
11.0,1.00336050987,0.000232868391322,1026.6878549,0.0041426926,4.76,34.4552286678,0.494,3823
11.0,1.00317275524,0.000232844904531,1026.74915289,0.0041426926,4.76,34.4552286678,0.494,3823
11.0,1.00291860104,0.000232748338021,1026.81045088,0.0041426926,4.76,34.4552286678,0.494,3823
11.0,1.00251948833,0.000232734964811,1026.87174886,0.0041426926,4.76,34.4552286678,0.494,3823
11.0,1.00294065475,0.000232812701142,1026.93304685,0.0041426926,4.76,34.4552286678,0.494,3823
11.0,1.00207328796,0.000232750782743,1026.99434474,0.0041426926,4.76,34.4552286678,0.494,3823
11.0,1.00326299667,0.000232880905969,1027.05564282,0.0041426926,4.76,34.4552286678,0.494,3823
11.0,1.00241935253,0.000232809572481,1027.11694081,0.0041426926,4.76,34.4552286678,0.494,3823
11.0,1.00232505798,0.000232729100389,1027.21910412,0.0041426926,4.76,34.4552286678,0.494,3823
11.0,1.00205540657,0.000232748716371,1027.30083486,0.0041426926,4.76,34.4552286678,0.494,3823
11.0,1.00193822384,0.000232728605624,1027.36213284,0.0041426926,4.76,34.4552286678,0.494,3823
11.0,1.00175428391,0.00023275174317,1027.42343083,0.0041426926,4.76,34.4552286678,0.494,3823
11.0,1.0020134449,0.000232823658735,1027.48472881,0.0041426926,4.76,34.4552286678,0.494,3823
11.0,1.00153434277,0.000232712380239,1027.54602679,0.0041426926,4.76,34.4552286678,0.494,3823
11.0,1.00117468834,0.000232777747442,1027.60732477,0.0041426926,4.76,34.4552286678,0.494,3823
11.0,1.00121843815,0.000232712423895,1027.66862275,0.0041426926,4.76,34.4552286678,0.494,3823
11.0,1.00085377693,0.000232687918469,1027.72992073,0.0041426926,4.76,34.4552286678,0.494,3823
11.0,1.00159311295,0.000232806021813,1027.79121871,0.0041426926,4.76,34.4552286678,0.494,3823
11.0,1.00083744526,0.00023277605942,1027.85251668,0.0041426926,4.76,34.4552286678,0.494,3823
11.0,1.00079250336,0.000232719408814,1027.91381466,0.0041426926,4.76,34.4552286678,0.494,3823
11.0,1.00121998787,0.000232749647694,1027.97511284,0.0041426926,4.76,34.4552286678,0.494,3823
11.0,1.00024569035,0.000232682621572,1028.03641081,0.0041426926,4.76,34.4552286678,0.494,3823
11.0,1.00044417381,0.000232764825341,1028.11814135,0.0041426926,4.76,34.4552286678,0.494,3823
11.0,1.00063991547,0.000232771111769,1028.17943942,0.0041426926,4.76,34.4552286678,0.494,3823
11.0,1.00081241131,0.000232721373322,1028.2407374,0.0041426926,4.76,34.4552286678,0.494,3823
11.0,1.00002932549,0.000232710677665,1028.30203537,0.0041426926,4.76,34.4552286678,0.494,3823
11.0,1.00013780594,0.000232792706811,1028.36333324,0.0041426926,4.76,34.4552286678,0.494,3823
11.0,0.999339222908,0.00023271178361,1028.44506397,0.0041426926,4.76,34.4552286678,0.494,3823
11.0,0.999839782715,0.000232705118833,1028.50636194,0.0041426926,4.76,34.4552286678,0.494,3823
11.0,0.999160468578,0.000232740014326,1028.56765991,0.0041426926,4.76,34.4552286678,0.494,3823
11.0,0.999224185944,0.000232679929468,1028.62895789,0.0041426926,4.76,34.4552286678,0.494,3823
11.0,0.999460279942,0.000232673235587,1028.69025585,0.0041426926,4.76,34.4552286678,0.494,3823
11.0,0.999557673931,0.000232729988056,1028.75155392,0.0041426926,4.76,34.4552286678,0.494,3823
11.0,0.9992582798,0.000232738544582,1028.81285189,0.0041426926,4.76,34.4552286678,0.494,3823
11.0,0.998894631863,0.000232703212532,1028.87414986,0.0041426926,4.76,34.4552286678,0.494,3823
11.0,0.998523533344,0.000232643840718,1028.93544783,0.0041426926,4.76,34.4552286678,0.494,3823
11.0,0.998669445515,0.000232613761909,1028.9967459,0.0041426926,4.76,34.4552286678,0.494,3823
11.0,0.998989582062,0.000232764272369,1029.05804386,0.0041426926,4.76,34.4552286678,0.494,3823
11.0,0.999030292034,0.000232704682276,1029.11934183,0.0041426926,4.76,34.4552286678,0.494,3823
11.0,0.998510837555,0.000232698090258,1029.18063979,0.0041426926,4.76,34.4552286678,0.494,3823
11.0,0.998290240765,0.000232616977883,1029.24193776,0.0041426926,4.76,34.4552286678,0.494,3823
11.0,0.998118400574,0.00023269848316,1029.30323572,0.0041426926,4.76,34.4552286678,0.494,3823
11.0,0.997601687908,0.00023259264708,1029.36453369,0.0041426926,4.76,34.4552286678,0.494,3823
11.0,0.997971713543,0.000232593898545,1029.42583165,0.0041426926,4.76,34.4552286678,0.494,3823
11.0,0.997720241547,0.000232633945416,1029.48712961,0.0041426926,4.76,34.4552286678,0.494,3823
11.0,0.997797489166,0.000232541307923,1029.54842757,0.0041426926,4.76,34.4552286678,0.494,3823
11.0,0.998058259487,0.000232645485085,1029.60972554,0.0041426926,4.76,34.4552286678,0.494,3823
11.0,0.997799694538,0.000232615988352,1029.6710235,0.0041426926,4.76,34.4552286678,0.494,3823
11.0,0.997732043266,0.000232651305851,1029.73232156,0.0041426926,4.76,34.4552286678,0.494,3823
11.0,0.998068988323,0.000232704682276,1029.79361952,0.0041426926,4.76,34.4552286678,0.494,3823
11.0,0.997836410999,0.000232702979702,1029.85491748,0.0041426926,4.76,34.4552286678,0.494,3823
11.0,0.997530400753,0.00023266064818,1029.91621554,0.0041426926,4.76,34.4552286678,0.494,3823
11.0,0.997058451176,0.000232642676565,1029.97751349,0.0041426926,4.76,34.4552286678,0.494,3823
11.0,0.997453808784,0.00023266513017,1030.03881145,0.0041426926,4.76,34.4552286678,0.494,3823
11.0,0.997377753258,0.00023267781944,1030.10010941,0.0041426926,4.76,34.4552286678,0.494,3823
11.0,0.997269272804,0.000232654012507,1030.24313808,0.0041426926,4.76,34.4552286678,0.494,3823
11.0,0.996663153172,0.000232583362958,1030.30443593,0.0041426926,4.76,34.4552286678,0.494,3823
11.0,0.997508108616,0.000232616483117,1030.36573389,0.0041426926,4.76,34.4552286678,0.494,3823
11.0,0.996441662312,0.000232502061408,1030.42703194,0.0041426926,4.76,34.4552286678,0.494,3823
11.0,0.997125387192,0.000232652237173,1030.4883299,0.0041426926,4.76,34.4552286678,0.494,3823
11.0,0.996558010578,0.000232530830544,1030.54962785,0.0041426926,4.76,34.4552286678,0.494,3823
11.0,0.996802151203,0.000232535472605,1030.6109258,0.0041426926,4.76,34.4552286678,0.494,3823
11.0,0.996026396751,0.000232583770412,1030.67222376,0.0041426926,4.76,34.4552286678,0.494,3823
11.0,0.996116518974,0.000232574006077,1030.73352171,0.0041426926,4.76,34.4552286678,0.494,3823
11.0,0.996398448944,0.000232545542531,1030.79481966,0.0041426926,4.76,34.4552286678,0.494,3823
11.0,0.99632614851,0.000232559934375,1030.85611761,0.0041426926,4.76,34.4552286678,0.494,3823
11.0,0.995827972889,0.000232565958868,1030.91741556,0.0041426926,4.76,34.4552286678,0.494,3823
11.0,0.995902955532,0.000232540798606,1030.97871362,0.0041426926,4.76,34.4552286678,0.494,3823
11.0,0.995869874954,0.000232584337937,1031.04001157,0.0041426926,4.76,34.4552286678,0.494,3823
11.0,0.995813131332,0.000232555961702,1031.10130952,0.0041426926,4.76,34.4552286678,0.494,3823
11.0,0.995792627335,0.000232500358834,1031.16260747,0.0041426926,4.76,34.4552286678,0.494,3823
11.0,0.995393514633,0.000232456703088,1031.22390541,0.0041426926,4.76,34.4552286678,0.494,3823
11.0,0.995374143124,0.000232570368098,1031.28520336,0.0041426926,4.76,34.4552286678,0.494,3823
11.0,0.995649755001,0.000232526814216,1031.34650131,0.0041426926,4.76,34.4552286678,0.494,3823
11.0,0.995206594467,0.000232564576436,1031.40779936,0.0041426926,4.76,34.4552286678,0.494,3823
11.0,0.995894908905,0.000232572245295,1031.46909731,0.0041426926,4.76,34.4552286678,0.494,3823
11.0,0.995893120766,0.000232592850807,1031.53039525,0.0041426926,4.76,34.4552286678,0.494,3823
11.0,0.995326936245,0.000232526828768,1031.5916931,0.0041426926,4.76,34.4552286678,0.494,3823
11.0,0.995554029942,0.000232582737226,1031.65299115,0.0041426926,4.76,34.4552286678,0.494,3823
11.0,0.995496153831,0.00023252205574,1031.71428919,0.0041426926,4.76,34.4552286678,0.494,3823
11.0,0.994756102562,0.000232480000705,1031.77558714,0.0041426926,4.76,34.4552286678,0.494,3823
11.0,0.99489659071,0.000232499660342,1031.83688508,0.0041426926,4.76,34.4552286678,0.494,3823
11.0,0.994845271111,0.000232537640841,1031.89818302,0.0041426926,4.76,34.4552286678,0.494,3823
11.0,0.994779706001,0.000232453734498,1031.95948097,0.0041426926,4.76,34.4552286678,0.494,3823
11.0,0.994587004185,0.000232491191127,1032.02077891,0.0041426926,4.76,34.4552286678,0.494,3823
11.0,0.994751751423,0.000232516293181,1032.08207686,0.0041426926,4.76,34.4552286678,0.494,3823
11.0,0.994602560997,0.000232523496379,1032.1433748,0.0041426926,4.76,34.4552286678,0.494,3823
11.0,0.993950307369,0.000232509264606,1032.20467274,0.0041426926,4.76,34.4552286678,0.494,3823
11.0,0.994410991669,0.000232447811868,1032.26597068,0.0041426926,4.76,34.4552286678,0.494,3823
11.0,0.993790328503,0.000232424223213,1033.10370939,0.0041426926,4.76,34.4552286678,0.494,3823
11.0,0.993817090988,0.000232517966651,1033.16500732,0.0041426926,4.76,34.4552286678,0.494,3823
11.0,0.993715703487,0.000232364574913,1033.22630526,0.0041426926,4.76,34.4552286678,0.494,3823
11.0,0.993931472301,0.000232417427469,1033.2876032,0.0041426926,4.76,34.4552286678,0.494,3823
11.0,0.993385910988,0.000232371690799,1033.34890113,0.0041426926,4.76,34.4552286678,0.494,3823
11.0,0.993471205235,0.000232422084082,1033.41019907,0.0041426926,4.76,34.4552286678,0.494,3823
11.0,0.993468999863,0.000232485414017,1033.4714972,0.0041426926,4.76,34.4552286678,0.494,3823
11.0,0.994202792645,0.000232447564485,1033.53279504,0.0041426926,4.76,34.4552286678,0.494,3823
11.0,0.993630886078,0.000232427977608,1033.59409297,0.0041426926,4.76,34.4552286678,0.494,3823
11.0,0.994314610958,0.00023247327772,1033.655391,0.0041426926,4.76,34.4552286678,0.494,3823
11.0,0.994299054146,0.000232486694586,1033.71668894,0.0041426926,4.76,34.4552286678,0.494,3823
11.0,0.994447529316,0.000232489153859,1033.77798687,0.0041426926,4.76,34.4552286678,0.494,3823
11.0,0.993852138519,0.00023251415405,1033.8392848,0.0041426926,4.76,34.4552286678,0.494,3823
11.0,0.993705093861,0.000232497841353,1033.90058274,0.0041426926,4.76,34.4552286678,0.494,3823
11.0,0.993889629841,0.000232468053582,1033.96188067,0.0041426926,4.76,34.4552286678,0.494,3823
11.0,0.993636012077,0.000232469537877,1034.0231786,0.0041426926,4.76,34.4552286678,0.494,3823
11.0,0.993454992771,0.000232397578657,1034.08447653,0.0041426926,4.76,34.4552286678,0.494,3823
11.0,0.993683993816,0.00023249037622,1034.14577457,0.0041426926,4.76,34.4552286678,0.494,3823
11.0,0.993667423725,0.000232494043303,1034.22750514,0.0041426926,4.76,34.4552286678,0.494,3823
11.0,0.993180274963,0.000232338512433,1034.28880307,0.0041426926,4.76,34.4552286678,0.494,3823
11.0,0.993620932102,0.00023249280639,1034.350101,0.0041426926,4.76,34.4552286678,0.494,3823
11.0,0.993112504482,0.000232437043451,1034.41139893,0.0041426926,4.76,34.4552286678,0.494,3823
11.0,0.993620753288,0.000232453094213,1034.47269686,0.0041426926,4.76,34.4552286678,0.494,3823
11.0,0.993177473545,0.000232403326663,1034.53399479,0.0041426926,4.76,34.4552286678,0.494,3823
11.0,0.993464887142,0.000232477148529,1034.59529272,0.0041426926,4.76,34.4552286678,0.494,3823
11.0,0.992849826813,0.000232337770285,1034.65659075,0.0041426926,4.76,34.4552286678,0.494,3823
11.0,0.993231356144,0.000232474034419,1034.71788868,0.0041426926,4.76,34.4552286678,0.494,3823
11.0,0.993044257164,0.00023240862356,1034.77918671,0.0041426926,4.76,34.4552286678,0.494,3823
11.0,0.993171691895,0.000232450576732,1034.84048464,0.0041426926,4.76,34.4552286678,0.494,3823
11.0,0.993331134319,0.000232493446674,1034.90178257,0.0041426926,4.76,34.4552286678,0.494,3823
11.0,0.993209719658,0.0002324347588,1034.9630804,0.0041426926,4.76,34.4552286678,0.494,3823
11.0,0.992723226547,0.000232431513723,1035.02437832,0.0041426926,4.76,34.4552286678,0.494,3823
11.0,0.992960453033,0.000232490812778,1035.08567625,0.0041426926,4.76,34.4552286678,0.494,3823
11.0,0.992442905903,0.000232475751545,1035.14697428,0.0041426926,4.76,34.4552286678,0.494,3823
11.0,0.992422044277,0.000232409583987,1035.20827221,0.0041426926,4.76,34.4552286678,0.494,3823
11.0,0.993165194988,0.000232531470829,1035.26957013,0.0041426926,4.76,34.4552286678,0.494,3823
11.0,0.992453455925,0.000232455786318,1035.3513008,0.0041426926,4.76,34.4552286678,0.494,3823
11.0,0.992898106575,0.000232526916079,1035.41259873,0.0041426926,4.76,34.4552286678,0.494,3823
11.0,0.992022454739,0.000232469188632,1035.47389665,0.0041426926,4.76,34.4552286678,0.494,3823
11.0,0.992335021496,0.000232470207266,1035.53519458,0.0041426926,4.76,34.4552286678,0.494,3823
11.0,0.99178481102,0.000232356920606,1035.59649241,0.0041426926,4.76,34.4552286678,0.494,3823
11.0,0.991729319096,0.000232477555983,1035.65779033,0.0041426926,4.76,34.4552286678,0.494,3823
11.0,0.991693675518,0.000232418940868,1035.71908836,0.0041426926,4.76,34.4552286678,0.494,3823
11.0,0.992153942585,0.000232469144976,1035.78038628,0.0041426926,4.76,34.4552286678,0.494,3823
11.0,0.991438567638,0.000232452497585,1035.84168431,0.0041426926,4.76,34.4552286678,0.494,3823
11.0,0.991459548473,0.000232410573517,1035.90298223,0.0041426926,4.76,34.4552286678,0.494,3823
11.0,0.990866243839,0.000232400590903,1035.96428016,0.0041426926,4.76,34.4552286678,0.494,3823
11.0,0.991879165173,0.000232481805142,1036.02557808,0.0041426926,4.76,34.4552286678,0.494,3823
11.0,0.991438806057,0.000232442864217,1036.086876,0.0041426926,4.76,34.4552286678,0.494,3823
11.0,0.991607666016,0.00023246256751,1036.14817393,0.0041426926,4.76,34.4552286678,0.494,3823
11.0,0.991813898087,0.000232464182773,1036.20947185,0.0041426926,4.76,34.4552286678,0.494,3823
11.0,0.992206215858,0.000232475184021,1036.27076978,0.0041426926,4.76,34.4552286678,0.494,3823
11.0,0.991935074329,0.000232449776377,1036.3320677,0.0041426926,4.76,34.4552286678,0.494,3823
11.0,0.991952121258,0.000232491336646,1036.39336562,0.0041426926,4.76,34.4552286678,0.494,3823
11.0,0.991807699203,0.000232437974773,1036.45466354,0.0041426926,4.76,34.4552286678,0.494,3823
11.0,0.992266595364,0.000232551508816,1036.51596147,0.0041426926,4.76,34.4552286678,0.494,3823
11.0,0.992642641068,0.00023256354325,1036.57725959,0.0041426926,4.76,34.4552286678,0.494,3823
11.0,0.992157876492,0.000232547172345,1036.63855751,0.0041426926,4.76,34.4552286678,0.494,3823
11.0,0.992319464684,0.000232531965594,1036.69985544,0.0041426926,4.76,34.4552286678,0.494,3823
11.0,0.992854833603,0.000232550693909,1036.76115336,0.0041426926,4.76,34.4552286678,0.494,3823
11.0,0.992150127888,0.00023254196276,1036.82245128,0.0041426926,4.76,34.4552286678,0.494,3823
11.0,0.991803467274,0.000232526435866,1036.8837492,0.0041426926,4.76,34.4552286678,0.494,3823
11.0,0.992154955864,0.000232588834479,1036.94504712,0.0041426926,4.76,34.4552286678,0.494,3823
11.0,0.992184579372,0.000232585167396,1037.00634505,0.0041426926,4.76,34.4552286678,0.494,3823
11.0,0.991645991802,0.000232549908105,1037.06764297,0.0041426926,4.76,34.4552286678,0.494,3823
11.0,0.991781353951,0.000232529360801,1037.12894089,0.0041426926,4.76,34.4552286678,0.494,3823
11.0,0.992138266563,0.000232577993302,1037.19023881,0.0041426926,4.76,34.4552286678,0.494,3823
11.0,0.992236554623,0.000232606413192,1037.25153673,0.0041426926,4.76,34.4552286678,0.494,3823
11.0,0.992276608944,0.000232626509387,1037.31283475,0.0041426926,4.76,34.4552286678,0.494,3823
11.0,0.992454707623,0.00023265730124,1037.37413267,0.0041426926,4.76,34.4552286678,0.494,3823
11.0,0.992589950562,0.000232651902479,1037.43543059,0.0041426926,4.76,34.4552286678,0.494,3823
11.0,0.99250459671,0.000232619175222,1037.49672861,0.0041426926,4.76,34.4552286678,0.494,3823
11.0,0.992409586906,0.000232588747167,1037.55802653,0.0041426926,4.76,34.4552286678,0.494,3823
11.0,0.992062151432,0.000232566497289,1037.61932435,0.0041426926,4.76,34.4552286678,0.494,3823
11.0,0.992137432098,0.000232590755331,1037.70105492,0.0041426926,4.76,34.4552286678,0.494,3823
11.0,0.992026329041,0.000232579739532,1037.76235294,0.0041426926,4.76,34.4552286678,0.494,3823
11.0,0.992337942123,0.00023262767354,1037.82365086,0.0041426926,4.76,34.4552286678,0.494,3823
11.0,0.992158770561,0.000232587422943,1037.88494878,0.0041426926,4.76,34.4552286678,0.494,3823
11.0,0.992191255093,0.00023257099383,1037.9462467,0.0041426926,4.76,34.4552286678,0.494,3823
11.0,0.992404580116,0.000232612655964,1038.00754472,0.0041426926,4.76,34.4552286678,0.494,3823
11.0,0.992099881172,0.000232603677432,1038.06884264,0.0041426926,4.76,34.4552286678,0.494,3823
11.0,0.992444455624,0.000232557111303,1038.13014055,0.0041426926,4.76,34.4552286678,0.494,3823
11.0,0.992769122124,0.000232618738664,1038.19143847,0.0041426926,4.76,34.4552286678,0.494,3823
11.0,0.992397248745,0.000232616133871,1038.25273639,0.0041426926,4.76,34.4552286678,0.494,3823
11.0,0.992530286312,0.000232635211432,1038.41619751,0.0041426926,4.76,34.4552286678,0.494,3823
11.0,0.992442905903,0.000232645994402,1038.47749543,0.0041426926,4.76,34.4552286678,0.494,3823
11.0,0.992972671986,0.000232655322179,1038.53879335,0.0041426926,4.76,34.4552286678,0.494,3823
11.0,0.992627680302,0.000232634134591,1038.60009127,0.0041426926,4.76,34.4552286678,0.494,3823
11.0,0.993047595024,0.000232677499298,1038.66138919,0.0041426926,4.76,34.4552286678,0.494,3823
11.0,0.992644608021,0.000232652309933,1038.72268731,0.0041426926,4.76,34.4552286678,0.494,3823
11.0,0.99309617281,0.000232686448726,1038.78398523,0.0041426926,4.76,34.4552286678,0.494,3823
11.0,0.993030846119,0.000232658640016,1038.84528315,0.0041426926,4.76,34.4552286678,0.494,3823
11.0,0.992602825165,0.000232635618886,1038.90658096,0.0041426926,4.76,34.4552286678,0.494,3823
11.0,0.992974281311,0.00023266854987,1038.96787888,0.0041426926,4.76,34.4552286678,0.494,3823
11.0,0.993056237698,0.000232671824051,1039.0291769,0.0041426926,4.76,34.4552286678,0.494,3823
11.0,0.993219912052,0.000232691614656,1039.09047482,0.0041426926,4.76,34.4552286678,0.494,3823
11.0,0.99315226078,0.000232706355746,1039.15177274,0.0041426926,4.76,34.4552286678,0.494,3823
11.0,0.993055701256,0.000232676058658,1039.21307066,0.0041426926,4.76,34.4552286678,0.494,3823
11.0,0.993440330029,0.000232677382883,1039.27436858,0.0041426926,4.76,34.4552286678,0.494,3823
11.0,0.993759870529,0.000232745602261,1039.3356665,0.0041426926,4.76,34.4552286678,0.494,3823
11.0,0.993036150932,0.000232668433455,1039.39696452,0.0041426926,4.76,34.4552286678,0.494,3823
11.0,0.993337333202,0.000232697741012,1039.45826243,0.0041426926,4.76,34.4552286678,0.494,3823
11.0,0.993457973003,0.000232687481912,1039.51956035,0.0041426926,4.76,34.4552286678,0.494,3823
11.0,0.993738114834,0.000232737336773,1039.58085827,0.0041426926,4.76,34.4552286678,0.494,3823
11.0,0.993365287781,0.000232760023209,1039.64215619,0.0041426926,4.76,34.4552286678,0.494,3823
11.0,0.992875754833,0.000232680118643,1039.70345411,0.0041426926,4.76,34.4552286678,0.494,3823
11.0,0.993277490139,0.000232711332501,1039.76475203,0.0041426926,4.76,34.4552286678,0.494,3823
11.0,0.993249893188,0.000232739956118,1039.82604995,0.0041426926,4.76,34.4552286678,0.494,3823
11.0,0.993421375751,0.000232733305893,1039.88734786,0.0041426926,4.76,34.4552286678,0.494,3823
11.0,0.993485331535,0.000232757913182,1039.94864578,0.0041426926,4.76,34.4552286678,0.494,3823
11.0,0.993194699287,0.000232719714404,1040.0099438,0.0041426926,4.76,34.4552286678,0.494,3823
11.0,0.99375641346,0.0002327979455,1040.07124182,0.0041426926,4.76,34.4552286678,0.494,3823
11.0,0.992718219757,0.00023266246717,1040.13253974,0.0041426926,4.76,34.4552286678,0.494,3823
11.0,0.993580698967,0.000232769118156,1040.19383766,0.0041426926,4.76,34.4552286678,0.494,3823
11.0,0.993658840656,0.000232768943533,1040.25513558,0.0041426926,4.76,34.4552286678,0.494,3823
11.0,0.993741631508,0.000232754537137,1040.3164335,0.0041426926,4.76,34.4552286678,0.494,3823
11.0,0.993922293186,0.000232776219491,1040.37773142,0.0041426926,4.76,34.4552286678,0.494,3823
11.0,0.994343459606,0.000232829508604,1040.43902933,0.0041426926,4.76,34.4552286678,0.494,3823
11.0,0.994001090527,0.000232787118875,1040.50032725,0.0041426926,4.76,34.4552286678,0.494,3823
11.0,0.993959724903,0.000232836595387,1040.56162517,0.0041426926,4.76,34.4552286678,0.494,3823
11.0,0.993908286095,0.00023276291904,1040.62292309,0.0041426926,4.76,34.4552286678,0.494,3823
11.0,0.99414730072,0.000232838647207,1040.68422101,0.0041426926,4.76,34.4552286678,0.494,3823
11.0,0.993951976299,0.000232780264923,1040.74551893,0.0041426926,4.76,34.4552286678,0.494,3823
11.0,0.993875563145,0.000232782069361,1040.80681695,0.0041426926,4.76,34.4552286678,0.494,3823
11.0,0.99416321516,0.000232802573009,1040.86811487,0.0041426926,4.76,34.4552286678,0.494,3823
11.0,0.994208097458,0.000232822072576,1040.92941279,0.0041426926,4.76,34.4552286678,0.494,3823
11.0,0.994104921818,0.000232788108406,1040.99071071,0.0041426926,4.76,34.4552286678,0.494,3823
11.0,0.994666576385,0.000232796621276,1041.05200863,0.0041426926,4.76,34.4552286678,0.494,3823
11.0,0.994080007076,0.000232803475228,1041.11330655,0.0041426926,4.76,34.4552286678,0.494,3823
11.0,0.994291484356,0.000232824735576,1041.17460447,0.0041426926,4.76,34.4552286678,0.494,3823
11.0,0.994165956974,0.000232801074162,1041.23590249,0.0041426926,4.76,34.4552286678,0.494,3823
11.0,0.994382321835,0.000232878854149,1041.33806569,0.0041426926,4.76,34.4552286678,0.494,3823
11.0,0.994630396366,0.000232912643696,1041.39936361,0.0041426926,4.76,34.4552286678,0.494,3823
11.0,0.994403362274,0.000232876249356,1041.46066153,0.0041426926,4.76,34.4552286678,0.494,3823
11.0,0.994309782982,0.000232898120885,1041.52195945,0.0041426926,4.76,34.4552286678,0.494,3823
11.0,0.994647741318,0.000232887643506,1041.58325737,0.0041426926,4.76,34.4552286678,0.494,3823
11.0,0.994606792927,0.000232874663197,1041.64455529,0.0041426926,4.76,34.4552286678,0.494,3823
11.0,0.994474828243,0.000232853155467,1041.70585331,0.0041426926,4.76,34.4552286678,0.494,3823
11.0,0.995170652866,0.000232921403949,1041.76715123,0.0041426926,4.76,34.4552286678,0.494,3823
11.0,0.994372904301,0.000232878446695,1041.82844915,0.0041426926,4.76,34.4552286678,0.494,3823
11.0,0.99451982975,0.000232844889979,1041.88974717,0.0041426926,4.76,34.4552286678,0.494,3823
11.0,0.994768321514,0.000232888138271,1041.95104509,0.0041426926,4.76,34.4552286678,0.494,3823
11.0,0.994505047798,0.000232852587942,1042.01234301,0.0041426926,4.76,34.4552286678,0.494,3823
11.0,0.994999587536,0.000232846374274,1042.07364093,0.0041426926,4.76,34.4552286678,0.494,3823
11.0,0.995245397091,0.000232919002883,1042.13493885,0.0041426926,4.76,34.4552286678,0.494,3823
11.0,0.994606971741,0.000232868973399,1042.19623678,0.0041426926,4.76,34.4552286678,0.494,3823
11.0,0.995377659798,0.000232962847804,1042.2575347,0.0041426926,4.76,34.4552286678,0.494,3823
11.0,0.995368719101,0.000232941965805,1042.31883262,0.0041426926,4.76,34.4552286678,0.494,3823
11.0,0.99477738142,0.00023287460499,1042.38013064,0.0041426926,4.76,34.4552286678,0.494,3823
11.0,0.995468258858,0.000232985126786,1042.44142856,0.0041426926,4.76,34.4552286678,0.494,3823
11.0,0.995594739914,0.00023289625824,1042.50272648,0.0041426926,4.76,34.4552286678,0.494,3823
11.0,0.995244085789,0.000232902515563,1042.56402441,0.0041426926,4.76,34.4552286678,0.494,3823
11.0,0.996402919292,0.00023312070698,1042.62532233,0.0041426926,4.76,34.4552286678,0.494,3823
11.0,0.995912134647,0.000232911042986,1042.68662025,0.0041426926,4.76,34.4552286678,0.494,3823
11.0,0.99599480629,0.00023295902065,1042.74791818,0.0041426926,4.76,34.4552286678,0.494,3823
11.0,0.995960593224,0.000232997292187,1042.8092161,0.0041426926,4.76,34.4552286678,0.494,3823
11.0,0.996200025082,0.000233057115111,1042.87051402,0.0041426926,4.76,34.4552286678,0.494,3823
11.0,0.99587982893,0.0002331200958,1042.93181194,0.0041426926,4.76,34.4552286678,0.494,3823
11.0,0.99591511488,0.000233032696997,1042.99310987,0.0041426926,4.76,34.4552286678,0.494,3823
11.0,0.996207714081,0.000233136292081,1043.05440789,0.0041426926,4.76,34.4552286678,0.494,3823
11.0,0.996338069439,0.000233134123846,1043.11570592,0.0041426926,4.76,34.4552286678,0.494,3823
11.0,0.99658960104,0.000233173224842,1043.17700384,0.0041426926,4.76,34.4552286678,0.494,3823
11.0,0.996049940586,0.000233097918681,1043.23830176,0.0041426926,4.76,34.4552286678,0.494,3823
11.0,0.99686229229,0.000233148180996,1043.29959969,0.0041426926,4.76,34.4552286678,0.494,3823
11.0,0.996678411961,0.000233098558965,1043.36089761,0.0041426926,4.76,34.4552286678,0.494,3823
11.0,0.996628642082,0.000233218728681,1043.42219554,0.0041426926,4.76,34.4552286678,0.494,3823
11.0,0.996494829655,0.000233180151554,1043.48349346,0.0041426926,4.76,34.4552286678,0.494,3823
11.0,0.996820807457,0.000233194354223,1043.54479139,0.0041426926,4.76,34.4552286678,0.494,3823
11.0,0.996812701225,0.000233203507378,1043.60608931,0.0041426926,4.76,34.4552286678,0.494,3823
11.0,0.996800065041,0.000233156839386,1043.66738724,0.0041426926,4.76,34.4552286678,0.494,3823
11.0,0.997074186802,0.000233253726037,1043.72868517,0.0041426926,4.76,34.4552286678,0.494,3823
11.0,0.997049927711,0.000233222177485,1043.78998319,0.0041426926,4.76,34.4552286678,0.494,3823
11.0,0.997225999832,0.000233255414059,1043.85128112,0.0041426926,4.76,34.4552286678,0.494,3823
11.0,0.997664809227,0.000233220780501,1043.91257905,0.0041426926,4.76,34.4552286678,0.494,3823
11.0,0.997200548649,0.000233193903114,1043.97387697,0.0041426926,4.76,34.4552286678,0.494,3823
11.0,0.997962296009,0.000233221260714,1044.0351749,0.0041426926,4.76,34.4552286678,0.494,3823
11.0,0.997560739517,0.000233238199144,1044.09647293,0.0041426926,4.76,34.4552286678,0.494,3823
11.0,0.997829020023,0.000233227605349,1044.15777085,0.0041426926,4.76,34.4552286678,0.494,3823
11.0,0.998385310173,0.000233258891967,1044.21906868,0.0041426926,4.76,34.4552286678,0.494,3823
11.0,0.997690916061,0.000233258891967,1044.30079935,0.0041426926,4.76,34.4552286678,0.494,3823
11.0,0.997887074947,0.000233297338127,1044.36209728,0.0041426926,4.76,34.4552286678,0.494,3823
11.0,0.998741388321,0.000233364538872,1044.42339521,0.0041426926,4.76,34.4552286678,0.494,3823
11.0,0.998396813869,0.000233302256675,1044.48469314,0.0041426926,4.76,34.4552286678,0.494,3823
11.0,0.998190820217,0.000233280909015,1044.54599107,0.0041426926,4.76,34.4552286678,0.494,3823
11.0,0.998920679092,0.000233400802244,1044.6072891,0.0041426926,4.76,34.4552286678,0.494,3823
11.0,0.998220980167,0.000233292594203,1044.66858703,0.0041426926,4.76,34.4552286678,0.494,3823
11.0,0.998583197594,0.000233345563174,1044.72988496,0.0041426926,4.76,34.4552286678,0.494,3823
11.0,0.998929619789,0.000233321581618,1044.79118289,0.0041426926,4.76,34.4552286678,0.494,3823
11.0,0.998985826969,0.000233302285778,1044.85248072,0.0041426926,4.76,34.4552286678,0.494,3823
11.0,0.999363899231,0.000233377548284,1044.91377885,0.0041426926,4.76,34.4552286678,0.494,3823
11.0,0.999173104763,0.00023336992308,1044.97507678,0.0041426926,4.76,34.4552286678,0.494,3823
11.0,0.999164938927,0.000233336511883,1045.03637471,0.0041426926,4.76,34.4552286678,0.494,3823
11.0,0.999028205872,0.000233357262914,1045.09767264,0.0041426926,4.76,34.4552286678,0.494,3823
11.0,0.998947679996,0.000233384067542,1045.15897057,0.0041426926,4.76,34.4552286678,0.494,3823
11.0,0.999045133591,0.000233375962125,1045.22026851,0.0041426926,4.76,34.4552286678,0.494,3823
11.0,0.998989224434,0.000233335187659,1045.28156644,0.0041426926,4.76,34.4552286678,0.494,3823
11.0,0.999267101288,0.000233396538533,1045.34286437,0.0041426926,4.76,34.4552286678,0.494,3823
11.0,0.999734282494,0.000233445578488,1045.4041623,0.0041426926,4.76,34.4552286678,0.494,3823
11.0,0.999425053596,0.000233369341004,1045.46546024,0.0041426926,4.76,34.4552286678,0.494,3823
11.0,0.999682307243,0.000233358965488,1045.52675827,0.0041426926,4.76,34.4552286678,0.494,3823
11.0,0.999438047409,0.000233408427448,1045.58805621,0.0041426926,4.76,34.4552286678,0.494,3823
11.0,0.999828338623,0.000233359212871,1045.64935414,0.0041426926,4.76,34.4552286678,0.494,3823
11.0,0.999734520912,0.000233340804698,1045.71065207,0.0041426926,4.76,34.4552286678,0.494,3823
11.0,0.999794125557,0.000233388971537,1045.77195011,0.0041426926,4.76,34.4552286678,0.494,3823
11.0,0.999835848808,0.000233296887018,1045.83324804,0.0041426926,4.76,34.4552286678,0.494,3823
11.0,0.999668836594,0.000233345359447,1045.89454598,0.0041426926,4.76,34.4552286678,0.494,3823
11.0,1.0,0.000233415266848,1045.95584392,0.0041426926,4.76,34.4552286678,0.494,3823
11.0,1.00029802322,0.000233434082475,1046.01714185,0.0041426926,4.76,34.4552286678,0.494,3823
11.0,0.999938607216,0.000233353843214,1046.07843979,0.0041426926,4.76,34.4552286678,0.494,3823
11.0,1.00034952164,0.000233482700423,1046.13973773,0.0041426926,4.76,34.4552286678,0.494,3823
11.0,1.00086653233,0.000233472717809,1046.20103576,0.0041426926,4.76,34.4552286678,0.494,3823
11.0,1.00048732758,0.00023347431852,1046.2623337,0.0041426926,4.76,34.4552286678,0.494,3823
11.0,1.00062727928,0.00023342492932,1046.32363164,0.0041426926,4.76,34.4552286678,0.494,3823
11.0,1.00057411194,0.000233445956837,1046.38492958,0.0041426926,4.76,34.4552286678,0.494,3823
11.0,1.00078713894,0.00023347599199,1046.44622752,0.0041426926,4.76,34.4552286678,0.494,3823
11.0,1.0012178421,0.000233550163102,1046.50752546,0.0041426926,4.76,34.4552286678,0.494,3823
11.0,1.0011203289,0.000233389408095,1046.5688234,0.0041426926,4.76,34.4552286678,0.494,3823
11.0,1.00075674057,0.000233518789173,1046.63012134,0.0041426926,4.76,34.4552286678,0.494,3823
11.0,1.00080108643,0.000233504106291,1046.69141928,0.0041426926,4.76,34.4552286678,0.494,3823
11.0,1.00139832497,0.000233511033002,1046.75271722,0.0041426926,4.76,34.4552286678,0.494,3823
11.0,1.00117504597,0.000233464335906,1046.81401516,0.0041426926,4.76,34.4552286678,0.494,3823
11.0,1.00141191483,0.000233534214203,1046.8753132,0.0041426926,4.76,34.4552286678,0.494,3823
11.0,1.00130844116,0.000233561833738,1046.93661114,0.0041426926,4.76,34.4552286678,0.494,3823
11.0,1.00152957439,0.000233555794694,1046.99790918,0.0041426926,4.76,34.4552286678,0.494,3823
11.0,1.00201380253,0.000233619022765,1047.05920713,0.0041426926,4.76,34.4552286678,0.494,3823
11.0,1.00193309784,0.000233569124248,1047.12050507,0.0041426926,4.76,34.4552286678,0.494,3823
11.0,1.00187540054,0.000233596059843,1047.18180301,0.0041426926,4.76,34.4552286678,0.494,3823
11.0,1.00221645832,0.00023367011454,1047.2635335,0.0041426926,4.76,34.4552286678,0.494,3823
11.0,1.0020853281,0.000233623402892,1047.32483165,0.0041426926,4.76,34.4552286678,0.494,3823
11.0,1.00237214565,0.000233599072089,1047.38612959,0.0041426926,4.76,34.4552286678,0.494,3823
11.0,1.0020455122,0.000233602884691,1047.44742744,0.0041426926,4.76,34.4552286678,0.494,3823
11.0,1.00233197212,0.000233613624005,1047.50872538,0.0041426926,4.76,34.4552286678,0.494,3823
11.0,1.0030156374,0.000233713362832,1047.57002343,0.0041426926,4.76,34.4552286678,0.494,3823
11.0,1.00282394886,0.000233700251556,1047.63132138,0.0041426926,4.76,34.4552286678,0.494,3823
11.0,1.00272405148,0.000233724698774,1047.69261932,0.0041426926,4.76,34.4552286678,0.494,3823
11.0,1.00319957733,0.000233715036302,1047.75391727,0.0041426926,4.76,34.4552286678,0.494,3823
11.0,1.00276982784,0.0002336432226,1047.81521522,0.0041426926,4.76,34.4552286678,0.494,3823
11.0,1.00336265564,0.000233714177739,1047.87651317,0.0041426926,4.76,34.4552286678,0.494,3823
11.0,1.00299298763,0.000233650411246,1047.93781112,0.0041426926,4.76,34.4552286678,0.494,3823
11.0,1.00333583355,0.000233718295931,1047.99910916,0.0041426926,4.76,34.4552286678,0.494,3823
11.0,1.00347745419,0.000233638958889,1048.06040711,0.0041426926,4.76,34.4552286678,0.494,3823
11.0,1.00346088409,0.000233709986787,1048.12170506,0.0041426926,4.76,34.4552286678,0.494,3823
11.0,1.00331735611,0.000233757251408,1048.18300301,0.0041426926,4.76,34.4552286678,0.494,3823
11.0,1.00322687626,0.000233670012676,1048.24430097,0.0041426926,4.76,34.4552286678,0.494,3823
11.0,1.00400316715,0.000233815939282,1048.30559892,0.0041426926,4.76,34.4552286678,0.494,3823
11.0,1.00374770164,0.000233814833337,1048.36689687,0.0041426926,4.76,34.4552286678,0.494,3823
11.0,1.00390350819,0.000233810045756,1048.42819482,0.0041426926,4.76,34.4552286678,0.494,3823
11.0,1.00382626057,0.000233790749917,1048.48949287,0.0041426926,4.76,34.4552286678,0.494,3823
11.0,1.00339448452,0.000233748185565,1048.55079083,0.0041426926,4.76,34.4552286678,0.494,3823
11.0,1.00457334518,0.000233828715864,1048.61208888,0.0041426926,4.76,34.4552286678,0.494,3823
11.0,1.00451171398,0.000233917817241,1048.67338683,0.0041426926,4.76,34.4552286678,0.494,3823
11.0,1.00441789627,0.000233829880017,1048.73468479,0.0041426926,4.76,34.4552286678,0.494,3823
11.0,1.00461518764,0.000233837388805,1048.79598274,0.0041426926,4.76,34.4552286678,0.494,3823
11.0,1.00480675697,0.00023384927772,1048.8572807,0.0041426926,4.76,34.4552286678,0.494,3823
11.0,1.00486755371,0.00023389935086,1048.91857866,0.0041426926,4.76,34.4552286678,0.494,3823
11.0,1.0048596859,0.000233884726185,1048.97987661,0.0041426926,4.76,34.4552286678,0.494,3823
11.0,1.00486838818,0.000233800732531,1049.04117457,0.0041426926,4.76,34.4552286678,0.494,3823
11.0,1.00506401062,0.00023400473583,1049.10247253,0.0041426926,4.76,34.4552286678,0.494,3823
11.0,1.00520527363,0.000233953076531,1049.16377049,0.0041426926,4.76,34.4552286678,0.494,3823
11.0,1.00539278984,0.000234009450651,1049.22506844,0.0041426926,4.76,34.4552286678,0.494,3823
11.0,1.00501775742,0.000233914528508,1049.2863665,0.0041426926,4.76,34.4552286678,0.494,3823
11.0,1.0052614212,0.000234053324675,1049.34766446,0.0041426926,4.76,34.4552286678,0.494,3823
11.0,1.00490474701,0.000234003411606,1049.40896242,0.0041426926,4.76,34.4552286678,0.494,3823
11.0,1.00565934181,0.000234097678913,1049.47026038,0.0041426926,4.76,34.4552286678,0.494,3823
11.0,1.00566673279,0.000234059625654,1049.53155835,0.0041426926,4.76,34.4552286678,0.494,3823
11.0,1.00552785397,0.000233991493587,1049.59285631,0.0041426926,4.76,34.4552286678,0.494,3823
11.0,1.00567424297,0.00023402358056,1049.65415427,0.0041426926,4.76,34.4552286678,0.494,3823
11.0,1.00590121746,0.00023398824851,1049.71545233,0.0041426926,4.76,34.4552286678,0.494,3823
11.0,1.00629925728,0.000234099701629,1049.7767503,0.0041426926,4.76,34.4552286678,0.494,3823
11.0,1.00579810143,0.000234020582866,1049.83804826,0.0041426926,4.76,34.4552286678,0.494,3823
11.0,1.00612330437,0.000234135790379,1049.89934623,0.0041426926,4.76,34.4552286678,0.494,3823
11.0,1.00583362579,0.000234115068452,1049.96064429,0.0041426926,4.76,34.4552286678,0.494,3823
11.0,1.00604867935,0.000234080420341,1050.02194226,0.0041426926,4.76,34.4552286678,0.494,3823
11.0,1.0057746172,0.000234046063269,1050.08324022,0.0041426926,4.76,34.4552286678,0.494,3823
11.0,1.00573718548,0.000234091145103,1050.14453819,0.0041426926,4.76,34.4552286678,0.494,3823
11.0,1.00573539734,0.000234081308008,1050.22626881,0.0041426926,4.76,34.4552286678,0.494,3823
11.0,1.00640583038,0.000234210368944,1050.28756678,0.0041426926,4.76,34.4552286678,0.494,3823
11.0,1.00637543201,0.000234188890317,1050.34886485,0.0041426926,4.76,34.4552286678,0.494,3823
11.0,1.00623595715,0.000234137914958,1050.41016282,0.0041426926,4.76,34.4552286678,0.494,3823
11.0,1.00596523285,0.000234172257478,1050.47146079,0.0041426926,4.76,34.4552286678,0.494,3823
11.0,1.00631058216,0.000234227540204,1050.53275876,0.0041426926,4.76,34.4552286678,0.494,3823
11.0,1.00648355484,0.000234200677369,1050.59405673,0.0041426926,4.76,34.4552286678,0.494,3823
11.0,1.00624120235,0.000234216815443,1050.6553547,0.0041426926,4.76,34.4552286678,0.494,3823
11.0,1.00668299198,0.000234167659073,1050.71665267,0.0041426926,4.76,34.4552286678,0.494,3823
11.0,1.00637102127,0.000234213584918,1050.77795065,0.0041426926,4.76,34.4552286678,0.494,3823
11.0,1.00616836548,0.000234191582422,1050.83924862,0.0041426926,4.76,34.4552286678,0.494,3823
11.0,1.00710773468,0.000234251318034,1050.90054659,0.0041426926,4.76,34.4552286678,0.494,3823
11.0,1.00681972504,0.00023427742417,1050.96184457,0.0041426926,4.76,34.4552286678,0.494,3823
11.0,1.00713133812,0.000234270031797,1051.02314274,0.0041426926,4.76,34.4552286678,0.494,3823
11.0,1.0071464777,0.000234265593463,1051.08444072,0.0041426926,4.76,34.4552286678,0.494,3823
11.0,1.00704050064,0.000234246123,1051.14573869,0.0041426926,4.76,34.4552286678,0.494,3823
11.0,1.00669384003,0.000234227089095,1051.20703667,0.0041426926,4.76,34.4552286678,0.494,3823
11.0,1.00699388981,0.000234203354921,1051.26833465,0.0041426926,4.76,34.4552286678,0.494,3823
11.0,1.00646078587,0.000234292412642,1051.32963253,0.0041426926,4.76,34.4552286678,0.494,3823
11.0,1.00678503513,0.000234291612287,1051.39093061,0.0041426926,4.76,34.4552286678,0.494,3823
11.0,1.00708270073,0.000234292878304,1051.45222859,0.0041426926,4.76,34.4552286678,0.494,3823
11.0,1.00698053837,0.000234269100474,1051.51352657,0.0041426926,4.76,34.4552286678,0.494,3823
11.0,1.00701785088,0.000234298669966,1051.57482455,0.0041426926,4.76,34.4552286678,0.494,3823
11.0,1.00693809986,0.000234316903516,1051.63612263,0.0041426926,4.76,34.4552286678,0.494,3823
11.0,1.00722455978,0.000234310646192,1051.69742061,0.0041426926,4.76,34.4552286678,0.494,3823
11.0,1.00693249702,0.000234288818319,1051.75871859,0.0041426926,4.76,34.4552286678,0.494,3823
11.0,1.0070091486,0.000234271603404,1051.82001658,0.0041426926,4.76,34.4552286678,0.494,3823
11.0,1.00665664673,0.000234329534578,1051.88131456,0.0041426926,4.76,34.4552286678,0.494,3823
11.0,1.0068795681,0.000234349674429,1051.94261255,0.0041426926,4.76,34.4552286678,0.494,3823
11.0,1.0065318346,0.000234319755691,1052.00391053,0.0041426926,4.76,34.4552286678,0.494,3823
11.0,1.0071747303,0.000234357794398,1052.06520852,0.0041426926,4.76,34.4552286678,0.494,3823
11.0,1.00789415836,0.00023443021928,1052.1265065,0.0041426926,4.76,34.4552286678,0.494,3823
11.0,1.00702750683,0.000234401915804,1052.18780449,0.0041426926,4.76,34.4552286678,0.494,3823
11.0,1.00731158257,0.000234409992117,1052.24910268,0.0041426926,4.76,34.4552286678,0.494,3823
11.0,1.00718998909,0.000234404476942,1052.31040067,0.0041426926,4.76,34.4552286678,0.494,3823
11.0,1.00742542744,0.000234388469835,1052.37169866,0.0041426926,4.76,34.4552286678,0.494,3823
11.0,1.00650727749,0.000234376537264,1052.43299665,0.0041426926,4.76,34.4552286678,0.494,3823
11.0,1.00703692436,0.000234330422245,1052.49429464,0.0041426926,4.76,34.4552286678,0.494,3823
11.0,1.00725615025,0.000234361315961,1052.55559263,0.0041426926,4.76,34.4552286678,0.494,3823
11.0,1.00671112537,0.000234277627897,1052.61689062,0.0041426926,4.76,34.4552286678,0.494,3823
11.0,1.00721383095,0.00023433608294,1052.67818861,0.0041426926,4.76,34.4552286678,0.494,3823
11.0,1.00625228882,0.000234317063587,1052.73948661,0.0041426926,4.76,34.4552286678,0.494,3823
11.0,1.00697767735,0.000234307459323,1052.8007846,0.0041426926,4.76,34.4552286678,0.494,3823
11.0,1.00652194023,0.000234328195802,1052.8620827,0.0041426926,4.76,34.4552286678,0.494,3823
11.0,1.00709462166,0.000234316874412,1052.92338069,0.0041426926,4.76,34.4552286678,0.494,3823
11.0,1.00674510002,0.00023434869945,1052.98467869,0.0041426926,4.76,34.4552286678,0.494,3823
11.0,1.00665533543,0.000234341743635,1053.04597669,0.0041426926,4.76,34.4552286678,0.494,3823
11.0,1.00678098202,0.000234346254729,1053.10727468,0.0041426926,4.76,34.4552286678,0.494,3823
11.0,1.00644552708,0.000234312537941,1053.16857268,0.0041426926,4.76,34.4552286678,0.494,3823
11.0,1.00698018074,0.000234373364947,1053.25030335,0.0041426926,4.76,34.4552286678,0.494,3823
11.0,1.00684833527,0.000234369246755,1053.31160145,0.0041426926,4.76,34.4552286678,0.494,3823
11.0,1.00746822357,0.00023444875842,1053.37289945,0.0041426926,4.76,34.4552286678,0.494,3823
11.0,1.00660228729,0.000234381324844,1053.43419745,0.0041426926,4.76,34.4552286678,0.494,3823
11.0,1.00640296936,0.000234367631492,1053.49549545,0.0041426926,4.76,34.4552286678,0.494,3823
11.0,1.00649368763,0.00023435424373,1053.55679346,0.0041426926,4.76,34.4552286678,0.494,3823
11.0,1.0066665411,0.000234363440541,1053.61809146,0.0041426926,4.76,34.4552286678,0.494,3823
11.0,1.00649595261,0.000234387756791,1053.67938947,0.0041426926,4.76,34.4552286678,0.494,3823
11.0,1.00600552559,0.000234400111367,1053.74068757,0.0041426926,4.76,34.4552286678,0.494,3823
11.0,1.00674891472,0.000234408405959,1053.80198558,0.0041426926,4.76,34.4552286678,0.494,3823
11.0,1.00639021397,0.000234390579863,1053.86328358,0.0041426926,4.76,34.4552286678,0.494,3823
11.0,1.00601792336,0.000234320323216,1053.92458169,0.0041426926,4.76,34.4552286678,0.494,3823
11.0,1.00623989105,0.000234385355725,1053.9858797,0.0041426926,4.76,34.4552286678,0.494,3823
11.0,1.00600302219,0.000234324208577,1054.04717771,0.0041426926,4.76,34.4552286678,0.494,3823
11.0,1.00584185123,0.000234342500335,1054.10847572,0.0041426926,4.76,34.4552286678,0.494,3823
11.0,1.00653135777,0.000234437538893,1054.16977373,0.0041426926,4.76,34.4552286678,0.494,3823
11.0,1.00598978996,0.000234373961575,1054.23107174,0.0041426926,4.76,34.4552286678,0.494,3823
11.0,1.00621557236,0.000234390274272,1054.29236976,0.0041426926,4.76,34.4552286678,0.494,3823
11.0,1.00630652905,0.000234390434343,1054.35366777,0.0041426926,4.76,34.4552286678,0.494,3823
11.0,1.00582373142,0.000234363717027,1054.41496578,0.0041426926,4.76,34.4552286678,0.494,3823
11.0,1.00571453571,0.00023434360628,1054.4762638,0.0041426926,4.76,34.4552286678,0.494,3823
11.0,1.00634145737,0.00023439367942,1054.53756191,0.0041426926,4.76,34.4552286678,0.494,3823
11.0,1.0058580637,0.000234355698922,1054.59885993,0.0041426926,4.76,34.4552286678,0.494,3823
11.0,1.00577151775,0.000234346298384,1054.66015795,0.0041426926,4.76,34.4552286678,0.494,3823
11.0,1.00596320629,0.000234334875131,1054.72145596,0.0041426926,4.76,34.4552286678,0.494,3823
11.0,1.00518345833,0.000234329316299,1054.78275398,0.0041426926,4.76,34.4552286678,0.494,3823
11.0,1.0058246851,0.000234331862885,1054.844052,0.0041426926,4.76,34.4552286678,0.494,3823
11.0,1.00560712814,0.000234327409999,1054.90535012,0.0041426926,4.76,34.4552286678,0.494,3823
11.0,1.00536346436,0.000234326391364,1054.96664814,0.0041426926,4.76,34.4552286678,0.494,3823
11.0,1.00549590588,0.000234347622609,1055.02794617,0.0041426926,4.76,34.4552286678,0.494,3823
11.0,1.00500357151,0.000234299848671,1055.08924419,0.0041426926,4.76,34.4552286678,0.494,3823
11.0,1.00547075272,0.000234345119679,1055.15054231,0.0041426926,4.76,34.4552286678,0.494,3823
11.0,1.00531363487,0.000234328850638,1055.21184034,0.0041426926,4.76,34.4552286678,0.494,3823
11.0,1.00527381897,0.000234306047787,1055.27313836,0.0041426926,4.76,34.4552286678,0.494,3823
11.0,1.00510179996,0.000234315768466,1055.33443639,0.0041426926,4.76,34.4552286678,0.494,3823
11.0,1.0051857233,0.000234351726249,1055.39573442,0.0041426926,4.76,34.4552286678,0.494,3823
11.0,1.0052639246,0.000234344901401,1055.45703244,0.0041426926,4.76,34.4552286678,0.494,3823
11.0,1.00552332401,0.000234315972193,1055.51833047,0.0041426926,4.76,34.4552286678,0.494,3823
11.0,1.00504112244,0.000234282182646,1055.5796285,0.0041426926,4.76,34.4552286678,0.494,3823
11.0,1.00525891781,0.00023433403112,1055.64092653,0.0041426926,4.76,34.4552286678,0.494,3823
11.0,1.00494062901,0.00023435287585,1055.70222466,0.0041426926,4.76,34.4552286678,0.494,3823
11.0,1.00507819653,0.000234325896599,1055.7635228,0.0041426926,4.76,34.4552286678,0.494,3823
11.0,1.00505590439,0.000234331251704,1055.82482073,0.0041426926,4.76,34.4552286678,0.494,3823
11.0,1.00507152081,0.000234353312408,1055.88611876,0.0041426926,4.76,34.4552286678,0.494,3823
11.0,1.00507676601,0.00023435804178,1055.9474168,0.0041426926,4.76,34.4552286678,0.494,3823
11.0,1.00515758991,0.000234266117332,1056.00871483,0.0041426926,4.76,34.4552286678,0.494,3823
11.0,1.0046312809,0.000234252671362,1056.07001287,0.0041426926,4.76,34.4552286678,0.494,3823
11.0,1.00498855114,0.000234318504226,1056.15174369,0.0041426926,4.76,34.4552286678,0.494,3823
11.0,1.00510120392,0.000234315055422,1056.23347441,0.0041426926,4.76,34.4552286678,0.494,3823
11.0,1.00504279137,0.000234268169152,1056.29477245,0.0041426926,4.76,34.4552286678,0.494,3823
11.0,1.00491821766,0.000234277133131,1056.35607049,0.0041426926,4.76,34.4552286678,0.494,3823
11.0,1.00478708744,0.00023423829407,1056.41736853,0.0041426926,4.76,34.4552286678,0.494,3823
11.0,1.00461232662,0.00023429072462,1056.47866657,0.0041426926,4.76,34.4552286678,0.494,3823
11.0,1.0044734478,0.000234305523918,1056.53996471,0.0041426926,4.76,34.4552286678,0.494,3823
11.0,1.00441622734,0.00023427674023,1056.60126276,0.0041426926,4.76,34.4552286678,0.494,3823
11.0,1.00485539436,0.000234330931562,1056.6625608,0.0041426926,4.76,34.4552286678,0.494,3823
11.0,1.00446128845,0.000234288148931,1056.72385885,0.0041426926,4.76,34.4552286678,0.494,3823
11.0,1.00453293324,0.000234290651861,1056.785157,0.0041426926,4.76,34.4552286678,0.494,3823
11.0,1.00418865681,0.000234271297813,1056.84645505,0.0041426926,4.76,34.4552286678,0.494,3823
11.0,1.00348627567,0.000234184830333,1056.90775309,0.0041426926,4.76,34.4552286678,0.494,3823
11.0,1.00378024578,0.000234209364862,1056.96905114,0.0041426926,4.76,34.4552286678,0.494,3823
11.0,1.00409018993,0.000234278515563,1057.0303492,0.0041426926,4.76,34.4552286678,0.494,3823
11.0,1.00379431248,0.000234108942095,1057.09164725,0.0041426926,4.76,34.4552286678,0.494,3823
11.0,1.00417411327,0.000234256091062,1057.1529454,0.0041426926,4.76,34.4552286678,0.494,3823
11.0,1.00389671326,0.000234172533965,1057.21424345,0.0041426926,4.76,34.4552286678,0.494,3823
11.0,1.00397515297,0.000234152612393,1057.27554151,0.0041426926,4.76,34.4552286678,0.494,3823
11.0,1.0036137104,0.000234181628912,1057.33683956,0.0041426926,4.76,34.4552286678,0.494,3823
11.0,1.0035661459,0.00023418701312,1057.39813762,0.0041426926,4.76,34.4552286678,0.494,3823
11.0,1.00392615795,0.000234208462643,1057.45943568,0.0041426926,4.76,34.4552286678,0.494,3823
11.0,1.00358140469,0.000234176273807,1057.52073374,0.0041426926,4.76,34.4552286678,0.494,3823
11.0,1.00373876095,0.000234164122958,1057.58203179,0.0041426926,4.76,34.4552286678,0.494,3823
11.0,1.00403189659,0.000234187231399,1057.64332985,0.0041426926,4.76,34.4552286678,0.494,3823
11.0,1.00360929966,0.000234168197494,1057.70462792,0.0041426926,4.76,34.4552286678,0.494,3823
11.0,1.00371110439,0.000234189326875,1057.76592608,0.0041426926,4.76,34.4552286678,0.494,3823
11.0,1.00405502319,0.000234203660511,1057.82722414,0.0041426926,4.76,34.4552286678,0.494,3823
11.0,1.00394320488,0.000234220031416,1057.88852221,0.0041426926,4.76,34.4552286678,0.494,3823
11.0,1.00393152237,0.000234122344409,1057.94982027,0.0041426926,4.76,34.4552286678,0.494,3823
11.0,1.00396442413,0.000234212609939,1058.01111844,0.0041426926,4.76,34.4552286678,0.494,3823
11.0,1.00297987461,0.000234103688854,1058.0724165,0.0041426926,4.76,34.4552286678,0.494,3823
11.0,1.0033005476,0.000234180755797,1058.13371457,0.0041426926,4.76,34.4552286678,0.494,3823
11.0,1.0033659935,0.000234169448959,1058.19501264,0.0041426926,4.76,34.4552286678,0.494,3823
11.0,1.00326216221,0.000234178893152,1058.25631071,0.0041426926,4.76,34.4552286678,0.494,3823
11.0,1.00277996063,0.000234170933254,1058.31760888,0.0041426926,4.76,34.4552286678,0.494,3823
11.0,1.00302565098,0.000234193736105,1058.37890695,0.0041426926,4.76,34.4552286678,0.494,3823
11.0,1.00299918652,0.000234173945501,1058.44020503,0.0041426926,4.76,34.4552286678,0.494,3823
11.0,1.00265264511,0.000234171064221,1058.5015031,0.0041426926,4.76,34.4552286678,0.494,3823
11.0,1.00317919254,0.000234177146922,1058.56280118,0.0041426926,4.76,34.4552286678,0.494,3823
11.0,1.00254416466,0.000234177961829,1058.62409925,0.0041426926,4.76,34.4552286678,0.494,3823
11.0,1.00242388248,0.000234187740716,1058.68539733,0.0041426926,4.76,34.4552286678,0.494,3823
11.0,1.00252151489,0.000234143721173,1058.74669541,0.0041426926,4.76,34.4552286678,0.494,3823
11.0,1.00230097771,0.000234187609749,1058.80799349,0.0041426926,4.76,34.4552286678,0.494,3823
11.0,1.00273227692,0.000234155057115,1058.86929157,0.0041426926,4.76,34.4552286678,0.494,3823
11.0,1.00254321098,0.000234126462601,1058.93058985,0.0041426926,4.76,34.4552286678,0.494,3823
11.0,1.00196146965,0.000234137754887,1058.99188793,0.0041426926,4.76,34.4552286678,0.494,3823
11.0,1.00192523003,0.000234085760894,1059.05318601,0.0041426926,4.76,34.4552286678,0.494,3823
11.0,1.00174677372,0.000234094346524,1059.114484,0.0041426926,4.76,34.4552286678,0.494,3823
11.0,1.00194215775,0.000234141858527,1059.19621478,0.0041426926,4.76,34.4552286678,0.494,3823
11.0,1.00221657753,0.000234117731452,1059.25751287,0.0041426926,4.76,34.4552286678,0.494,3823
11.0,1.00186538696,0.000234106206335,1059.31881105,0.0041426926,4.76,34.4552286678,0.494,3823
11.0,1.00171983242,0.000234080158407,1059.38010924,0.0041426926,4.76,34.4552286678,0.494,3823
11.0,1.00142800808,0.000234074977925,1059.44140733,0.0041426926,4.76,34.4552286678,0.494,3823
11.0,1.00169849396,0.000234073682805,1059.50270542,0.0041426926,4.76,34.4552286678,0.494,3823
11.0,1.00154387951,0.000234108636505,1059.56400352,0.0041426926,4.76,34.4552286678,0.494,3823
11.0,1.00137650967,0.000234076374909,1059.62530161,0.0041426926,4.76,34.4552286678,0.494,3823
11.0,1.0018196106,0.000234123377595,1059.6865997,0.0041426926,4.76,34.4552286678,0.494,3823
11.0,1.00148713589,0.000234042890952,1059.7478978,0.0041426926,4.76,34.4552286678,0.494,3823
11.0,1.00078630447,0.000234037870541,1059.8091959,0.0041426926,4.76,34.4552286678,0.494,3823
11.0,1.00093388557,0.000234014965827,1059.87049399,0.0041426926,4.76,34.4552286678,0.494,3823
11.0,1.00143992901,0.000234096078202,1059.93179219,0.0041426926,4.76,34.4552286678,0.494,3823
11.0,1.00102841854,0.000234051214647,1059.99309029,0.0041426926,4.76,34.4552286678,0.494,3823
11.0,1.00033676624,0.000234023915255,1060.05438839,0.0041426926,4.76,34.4552286678,0.494,3823
11.0,1.00060498714,0.000234036488109,1060.11568649,0.0041426926,4.76,34.4552286678,0.494,3823
11.0,1.00065517426,0.000233943501371,1060.1769846,0.0041426926,4.76,34.4552286678,0.494,3823
11.0,1.00071597099,0.000234048828133,1060.2382827,0.0041426926,4.76,34.4552286678,0.494,3823
11.0,1.00072324276,0.000234067891142,1060.29958091,0.0041426926,4.76,34.4552286678,0.494,3823
11.0,1.00041604042,0.000234022299992,1060.36087901,0.0041426926,4.76,34.4552286678,0.494,3823
11.0,1.00025331974,0.00023401544604,1060.42217712,0.0041426926,4.76,34.4552286678,0.494,3823
11.0,1.00012803078,0.000234014660236,1060.48347513,0.0041426926,4.76,34.4552286678,0.494,3823
11.0,1.00011241436,0.000234043778619,1060.54477344,0.0041426926,4.76,34.4552286678,0.494,3823
11.0,1.00014746189,0.000233949831454,1060.60607155,0.0041426926,4.76,34.4552286678,0.494,3823
11.0,1.00015771389,0.000233947546803,1060.66736966,0.0041426926,4.76,34.4552286678,0.494,3823
11.0,1.00009512901,0.000233932092669,1060.72866777,0.0041426926,4.76,34.4552286678,0.494,3823
11.0,0.99970293045,0.000234017570619,1060.78996589,0.0041426926,4.76,34.4552286678,0.494,3823
11.0,0.999743938446,0.000233996513998,1060.851264,0.0041426926,4.76,34.4552286678,0.494,3823
11.0,0.999567270279,0.000233990009292,1060.91256212,0.0041426926,4.76,34.4552286678,0.494,3823
11.0,0.999508798122,0.000233950544498,1060.97386024,0.0041426926,4.76,34.4552286678,0.494,3823
11.0,0.999471783638,0.000233899612795,1061.03515835,0.0041426926,4.76,34.4552286678,0.494,3823
11.0,0.998904168606,0.000233938757447,1061.09645657,0.0041426926,4.76,34.4552286678,0.494,3823
11.0,0.999484360218,0.000233928672969,1061.15775469,0.0041426926,4.76,34.4552286678,0.494,3823
11.0,0.999040305614,0.000233914193814,1061.21905282,0.0041426926,4.76,34.4552286678,0.494,3823
11.0,0.999304950237,0.000233987113461,1061.28035094,0.0041426926,4.76,34.4552286678,0.494,3823
11.0,0.999316990376,0.00023398383928,1061.34164906,0.0041426926,4.76,34.4552286678,0.494,3823
11.0,0.999254763126,0.000233979168115,1061.40294719,0.0041426926,4.76,34.4552286678,0.494,3823
11.0,0.998610675335,0.000233933198615,1061.46424532,0.0041426926,4.76,34.4552286678,0.494,3823
11.0,0.998600304127,0.00023397008772,1061.52554354,0.0041426926,4.76,34.4552286678,0.494,3823
11.0,0.999035835266,0.00023394508753,1061.58684167,0.0041426926,4.76,34.4552286678,0.494,3823
11.0,0.998425722122,0.000233905317145,1061.6481398,0.0041426926,4.76,34.4552286678,0.494,3823
11.0,0.998651206493,0.000233936181758,1061.70943803,0.0041426926,4.76,34.4552286678,0.494,3823
11.0,0.998720705509,0.00023399030033,1061.77073617,0.0041426926,4.76,34.4552286678,0.494,3823
11.0,0.99826580286,0.000233992366702,1061.8320343,0.0041426926,4.76,34.4552286678,0.494,3823
11.0,0.999002993107,0.000234021805227,1061.89333244,0.0041426926,4.76,34.4552286678,0.494,3823
11.0,0.998831450939,0.000234009741689,1061.95463057,0.0041426926,4.76,34.4552286678,0.494,3823
11.0,0.997962832451,0.000233921557083,1062.01592871,0.0041426926,4.76,34.4552286678,0.494,3823
11.0,0.998262763023,0.000233967017266,1062.07722685,0.0041426926,4.76,34.4552286678,0.494,3823
11.0,0.997638463974,0.000233946586377,1062.1589578,0.0041426926,4.76,34.4552286678,0.494,3823
11.0,0.99793022871,0.00023398725898,1062.22025594,0.0041426926,4.76,34.4552286678,0.494,3823
11.0,0.997613310814,0.000233985760133,1062.28155409,0.0041426926,4.76,34.4552286678,0.494,3823
11.0,0.997553288937,0.000233970931731,1062.34285223,0.0041426926,4.76,34.4552286678,0.494,3823
11.0,0.997848153114,0.000234017294133,1062.40415037,0.0041426926,4.76,34.4552286678,0.494,3823
11.0,0.997787237167,0.000234007820836,1062.46544852,0.0041426926,4.76,34.4552286678,0.494,3823
11.0,0.997667491436,0.000234031336731,1062.52674667,0.0041426926,4.76,34.4552286678,0.494,3823
11.0,0.997809767723,0.000233995393501,1062.58804482,0.0041426926,4.76,34.4552286678,0.494,3823
11.0,0.997018694878,0.000233905462665,1062.64934297,0.0041426926,4.76,34.4552286678,0.494,3823
11.0,0.996954441071,0.000233907005168,1062.71064122,0.0041426926,4.76,34.4552286678,0.494,3823
11.0,0.996856093407,0.000233824379393,1062.77193937,0.0041426926,4.76,34.4552286678,0.494,3823
11.0,0.996901810169,0.000233900223975,1062.83323762,0.0041426926,4.76,34.4552286678,0.494,3823
11.0,0.996636152267,0.000233923638007,1062.89453578,0.0041426926,4.76,34.4552286678,0.494,3823
11.0,0.997709155083,0.000233957543969,1062.95583383,0.0041426926,4.76,34.4552286678,0.494,3823
11.0,0.997123837471,0.000233971877606,1063.01713209,0.0041426926,4.76,34.4552286678,0.494,3823
11.0,0.996553182602,0.000233908416703,1063.07843015,0.0041426926,4.76,34.4552286678,0.494,3823
11.0,0.996771395206,0.000233900049352,1063.13972831,0.0041426926,4.76,34.4552286678,0.494,3823
11.0,0.996055722237,0.000233859580476,1063.20102647,0.0041426926,4.76,34.4552286678,0.494,3823
11.0,0.995136857033,0.000233775484958,1064.16136489,0.0041426926,4.76,34.4552286678,0.494,3823
11.0,0.994949877262,0.000233739381656,1064.22266307,0.0041426926,4.76,34.4552286678,0.494,3823
11.0,0.9943780303,0.000233596831094,1064.28396126,0.0041426926,4.76,34.4552286678,0.494,3823
11.0,0.994978964329,0.000233594197198,1064.34525944,0.0041426926,4.76,34.4552286678,0.494,3823
11.0,0.994102835655,0.000233634928009,1064.40655763,0.0041426926,4.76,34.4552286678,0.494,3823
11.0,0.994294762611,0.000233658502111,1064.46785582,0.0041426926,4.76,34.4552286678,0.494,3823
11.0,0.993692219257,0.000233632308664,1064.52915401,0.0041426926,4.76,34.4552286678,0.494,3823
11.0,0.993967175484,0.000233626575209,1064.5904522,0.0041426926,4.76,34.4552286678,0.494,3823
11.0,0.993252813816,0.000233632847085,1064.65175039,0.0041426926,4.76,34.4552286678,0.494,3823
11.0,0.99330508709,0.000233644779655,1064.71304878,0.0041426926,4.76,34.4552286678,0.494,3823
11.0,0.993729114532,0.000233619022765,1064.77434698,0.0041426926,4.76,34.4552286678,0.494,3823
11.0,0.993220806122,0.00023363782384,1064.83564517,0.0041426926,4.76,34.4552286678,0.494,3823
11.0,0.994011700153,0.000233637867495,1064.89694327,0.0041426926,4.76,34.4552286678,0.494,3823
11.0,0.99317330122,0.000233625585679,1064.95824147,0.0041426926,4.76,34.4552286678,0.494,3823
11.0,0.993409276009,0.000233604499954,1065.01953967,0.0041426926,4.76,34.4552286678,0.494,3823
11.0,0.992713451385,0.000233609593124,1065.08083797,0.0041426926,4.76,34.4552286678,0.494,3823
11.0,0.992813408375,0.000233635248151,1065.14213617,0.0041426926,4.76,34.4552286678,0.494,3823
11.0,0.992546498775,0.000233595172176,1065.20343437,0.0041426926,4.76,34.4552286678,0.494,3823
11.0,0.99267333746,0.000233626225963,1065.26473258,0.0041426926,4.76,34.4552286678,0.494,3823
11.0,0.99160695076,0.000233555780142,1065.32603078,0.0041426926,4.76,34.4552286678,0.494,3823
11.0,0.992576599121,0.000233586019021,1065.38732909,0.0041426926,4.76,34.4552286678,0.494,3823
11.0,0.992187201977,0.000233545841184,1065.4486273,0.0041426926,4.76,34.4552286678,0.494,3823
11.0,0.992476701736,0.000233596714679,1065.50992551,0.0041426926,4.76,34.4552286678,0.494,3823
11.0,0.992322266102,0.000233572660363,1065.57122372,0.0041426926,4.76,34.4552286678,0.494,3823
11.0,0.992118120193,0.000233601385844,1065.63252194,0.0041426926,4.76,34.4552286678,0.494,3823
11.0,0.992204070091,0.000233608210692,1065.69382015,0.0041426926,4.76,34.4552286678,0.494,3823
11.0,0.992142736912,0.000233561557252,1065.75511837,0.0041426926,4.76,34.4552286678,0.494,3823
11.0,0.992257118225,0.000233562241192,1065.81641659,0.0041426926,4.76,34.4552286678,0.494,3823
11.0,0.991820156574,0.000233536309679,1065.8777148,0.0041426926,4.76,34.4552286678,0.494,3823
11.0,0.991762578487,0.000233510058024,1065.93901303,0.0041426926,4.76,34.4552286678,0.494,3823
11.0,0.991861522198,0.000233501734328,1066.00031145,0.0041426926,4.76,34.4552286678,0.494,3823
11.0,0.991749346256,0.000233501486946,1066.06160967,0.0041426926,4.76,34.4552286678,0.494,3823
11.0,0.991494834423,0.000233483515331,1066.12290789,0.0041426926,4.76,34.4552286678,0.494,3823
11.0,0.991584837437,0.000233506652876,1066.18420602,0.0041426926,4.76,34.4552286678,0.494,3823
11.0,0.991235554218,0.000233490238315,1066.26593699,0.0041426926,4.76,34.4552286678,0.494,3823
11.0,0.99137622118,0.000233528975514,1066.32723522,0.0041426926,4.76,34.4552286678,0.494,3823
11.0,0.991017222404,0.000233479426242,1066.38853355,0.0041426926,4.76,34.4552286678,0.494,3823
11.0,0.991114974022,0.0002334901219,1066.44983188,0.0041426926,4.76,34.4552286678,0.494,3823
11.0,0.990935266018,0.000233503684285,1066.51113012,0.0041426926,4.76,34.4552286678,0.494,3823
11.0,0.990848600864,0.000233501807088,1066.57242835,0.0041426926,4.76,34.4552286678,0.494,3823
11.0,0.99116230011,0.000233521102928,1066.63372659,0.0041426926,4.76,34.4552286678,0.494,3823
11.0,0.990891456604,0.00023352104472,1066.69502482,0.0041426926,4.76,34.4552286678,0.494,3823
11.0,0.991187036037,0.000233515776927,1066.75632306,0.0041426926,4.76,34.4552286678,0.494,3823
11.0,0.990550220013,0.000233506434597,1066.8176213,0.0041426926,4.76,34.4552286678,0.494,3823
11.0,0.990869641304,0.000233529426623,1066.87891955,0.0041426926,4.76,34.4552286678,0.494,3823
11.0,0.990437984467,0.000233523940551,1066.94021779,0.0041426926,4.76,34.4552286678,0.494,3823
11.0,0.990899682045,0.000233450147789,1067.00151603,0.0041426926,4.76,34.4552286678,0.494,3823
11.0,0.991062223911,0.00023352309654,1067.06281438,0.0041426926,4.76,34.4552286678,0.494,3823
11.0,0.990683913231,0.000233459024457,1067.12411263,0.0041426926,4.76,34.4552286678,0.494,3823
11.0,0.990677714348,0.000233448212384,1067.18541088,0.0041426926,4.76,34.4552286678,0.494,3823
11.0,0.990483880043,0.000233465849306,1067.24670913,0.0041426926,4.76,34.4552286678,0.494,3823
11.0,0.990531802177,0.000233431070228,1067.30800738,0.0041426926,4.76,34.4552286678,0.494,3823
11.0,0.990834951401,0.000233446626225,1067.36930564,0.0041426926,4.76,34.4552286678,0.494,3823
11.0,0.990458905697,0.000233431666857,1067.43060399,0.0041426926,4.76,34.4552286678,0.494,3823
11.0,0.990354478359,0.000233435581322,1067.49190225,0.0041426926,4.76,34.4552286678,0.494,3823
11.0,0.990723788738,0.000233391809161,1067.55320041,0.0041426926,4.76,34.4552286678,0.494,3823
11.0,0.990813791752,0.000233497703448,1067.61449866,0.0041426926,4.76,34.4552286678,0.494,3823
11.0,0.990691959858,0.000233437036513,1067.67579713,0.0041426926,4.76,34.4552286678,0.494,3823
11.0,0.990520834923,0.000233453436522,1067.73709539,0.0041426926,4.76,34.4552286678,0.494,3823
11.0,0.990550100803,0.000233484737691,1067.79839365,0.0041426926,4.76,34.4552286678,0.494,3823
11.0,0.990532815456,0.000233453087276,1067.85969192,0.0041426926,4.76,34.4552286678,0.494,3823
11.0,0.990762710571,0.000233462211327,1067.92099019,0.0041426926,4.76,34.4552286678,0.494,3823
11.0,0.990320682526,0.00023340152984,1067.98228845,0.0041426926,4.76,34.4552286678,0.494,3823
11.0,0.990357160568,0.000233383048908,1068.04358672,0.0041426926,4.76,34.4552286678,0.494,3823
11.0,0.990679323673,0.000233456259593,1068.104885,0.0041426926,4.76,34.4552286678,0.494,3823
11.0,0.990790188313,0.000233438258874,1068.16618327,0.0041426926,4.76,34.4552286678,0.494,3823
11.0,0.991011917591,0.000233470011153,1068.22748154,0.0041426926,4.76,34.4552286678,0.494,3823
11.0,0.990633249283,0.000233366692555,1068.28877992,0.0041426926,4.76,34.4552286678,0.494,3823
11.0,0.990764677525,0.00023349976982,1068.3500782,0.0041426926,4.76,34.4552286678,0.494,3823
11.0,0.990945219994,0.000233468570514,1068.41137648,0.0041426926,4.76,34.4552286678,0.494,3823
11.0,0.990417361259,0.000233440907323,1068.47267476,0.0041426926,4.76,34.4552286678,0.494,3823
11.0,0.991109311581,0.000233468002989,1068.53397304,0.0041426926,4.76,34.4552286678,0.494,3823
11.0,0.99089127779,0.000233446728089,1068.59527142,0.0041426926,4.76,34.4552286678,0.494,3823
11.0,0.991087317467,0.000233507496887,1068.65656971,0.0041426926,4.76,34.4552286678,0.494,3823
11.0,0.990851044655,0.000233413433307,1068.71786799,0.0041426926,4.76,34.4552286678,0.494,3823
11.0,0.99140816927,0.000233491591644,1068.77916628,0.0041426926,4.76,34.4552286678,0.494,3823
11.0,0.991320312023,0.000233442187891,1068.84046457,0.0041426926,4.76,34.4552286678,0.494,3823
11.0,0.990938067436,0.000233435173868,1068.90176296,0.0041426926,4.76,34.4552286678,0.494,3823
11.0,0.991421759129,0.000233484170167,1068.96306126,0.0041426926,4.76,34.4552286678,0.494,3823
11.0,0.991521477699,0.000233470316743,1069.02435955,0.0041426926,4.76,34.4552286678,0.494,3823
11.0,0.991975724697,0.000233544633375,1069.08565785,0.0041426926,4.76,34.4552286678,0.494,3823
11.0,0.991940557957,0.00023348434479,1069.14695615,0.0041426926,4.76,34.4552286678,0.494,3823
11.0,0.991336405277,0.000233511367696,1069.20825444,0.0041426926,4.76,34.4552286678,0.494,3823
11.0,0.990787267685,0.000233430968365,1069.28998561,0.0041426926,4.76,34.4552286678,0.494,3823
11.0,0.991440594196,0.00023355432495,1069.35128392,0.0041426926,4.76,34.4552286678,0.494,3823
11.0,0.991316378117,0.000233427112107,1069.41258222,0.0041426926,4.76,34.4552286678,0.494,3823
11.0,0.991074800491,0.000233450802625,1069.47388053,0.0041426926,4.76,34.4552286678,0.494,3823
11.0,0.99083083868,0.000233442144236,1069.53517883,0.0041426926,4.76,34.4552286678,0.494,3823
11.0,0.990724802017,0.000233428450883,1069.59647714,0.0041426926,4.76,34.4552286678,0.494,3823
11.0,0.991303265095,0.000233508239035,1069.65777545,0.0041426926,4.76,34.4552286678,0.494,3823
11.0,0.991073429585,0.000233450147789,1069.71907377,0.0041426926,4.76,34.4552286678,0.494,3823
11.0,0.991321086884,0.000233478887822,1069.78037208,0.0041426926,4.76,34.4552286678,0.494,3823
11.0,0.991390883923,0.000233571670833,1069.84167039,0.0041426926,4.76,34.4552286678,0.494,3823
11.0,0.99136197567,0.000233569080592,1069.90296881,0.0041426926,4.76,34.4552286678,0.494,3823
11.0,0.991457760334,0.000233553495491,1069.96426723,0.0041426926,4.76,34.4552286678,0.494,3823
11.0,0.993611752987,0.000233739861869,1072.57964009,0.0041426926,4.76,34.4552286678,0.494,3823
11.0,0.993523955345,0.000233807135373,1072.64093848,0.0041426926,4.76,34.4552286678,0.494,3823
11.0,0.994912028313,0.000233982631471,1072.70223687,0.0041426926,4.76,34.4552286678,0.494,3823
11.0,0.993961155415,0.000233832135564,1072.78396807,0.0041426926,4.76,34.4552286678,0.494,3823
11.0,0.993769407272,0.000233840415603,1072.84526647,0.0041426926,4.76,34.4552286678,0.494,3823
11.0,0.993755936623,0.000233819242567,1072.90656496,0.0041426926,4.76,34.4552286678,0.494,3823
11.0,0.993603765965,0.000233788683545,1072.96786336,0.0041426926,4.76,34.4552286678,0.494,3823
11.0,0.993838310242,0.000233808517805,1073.02916177,0.0041426926,4.76,34.4552286678,0.494,3823
11.0,0.993707716465,0.000233825820033,1073.09046017,0.0041426926,4.76,34.4552286678,0.494,3823
11.0,0.993588507175,0.000233801081777,1073.15175858,0.0041426926,4.76,34.4552286678,0.494,3823
11.0,0.993875026703,0.000233867162024,1073.21305698,0.0041426926,4.76,34.4552286678,0.494,3823
11.0,0.994516193867,0.000233899758314,1073.27435549,0.0041426926,4.76,34.4552286678,0.494,3823
11.0,0.99437379837,0.000233827202464,1073.3356539,0.0041426926,4.76,34.4552286678,0.494,3823
11.0,0.994379162788,0.000233814280364,1073.39695232,0.0041426926,4.76,34.4552286678,0.494,3823
11.0,0.994804739952,0.000233896018472,1073.45825063,0.0041426926,4.76,34.4552286678,0.494,3823
11.0,0.994208276272,0.000233783604926,1073.51954925,0.0041426926,4.76,34.4552286678,0.494,3823
11.0,0.994163632393,0.000233899845625,1073.58084767,0.0041426926,4.76,34.4552286678,0.494,3823
11.0,0.994311213493,0.000233872124227,1073.64214609,0.0041426926,4.76,34.4552286678,0.494,3823
11.0,0.994274318218,0.000233858270803,1073.70344451,0.0041426926,4.76,34.4552286678,0.494,3823
11.0,0.995055913925,0.000233906845096,1073.76474293,0.0041426926,4.76,34.4552286678,0.494,3823
11.0,0.994697034359,0.000233902101172,1073.82604136,0.0041426926,4.76,34.4552286678,0.494,3823
11.0,0.994761049747,0.000233891289099,1073.88733978,0.0041426926,4.76,34.4552286678,0.494,3823
11.0,0.994818091393,0.000233975719311,1073.94863821,0.0041426926,4.76,34.4552286678,0.494,3823
11.0,0.994729995728,0.00023392685398,1074.00993664,0.0041426926,4.76,34.4552286678,0.494,3823
11.0,0.995293498039,0.000233959392062,1074.07123508,0.0041426926,4.76,34.4552286678,0.494,3823
11.0,0.995185494423,0.000233988146647,1074.13253361,0.0041426926,4.76,34.4552286678,0.494,3823
11.0,0.994982302189,0.000233913437114,1074.19383205,0.0041426926,4.76,34.4552286678,0.494,3823
11.0,0.995362818241,0.00023398004123,1074.25513048,0.0041426926,4.76,34.4552286678,0.494,3823
11.0,0.995388507843,0.000233961778576,1074.31642892,0.0041426926,4.76,34.4552286678,0.494,3823
11.0,0.994723260403,0.000233944185311,1074.37772737,0.0041426926,4.76,34.4552286678,0.494,3823
11.0,0.995478153229,0.000234030754655,1074.43902581,0.0041426926,4.76,34.4552286678,0.494,3823
11.0,0.99569106102,0.000233978164033,1074.50032435,0.0041426926,4.76,34.4552286678,0.494,3823
11.0,0.995585680008,0.000234030754655,1074.5616228,0.0041426926,4.76,34.4552286678,0.494,3823
11.0,0.995790839195,0.000234013641602,1074.62292125,0.0041426926,4.76,34.4552286678,0.494,3823
11.0,0.995147228241,0.000233966333326,1074.6842197,0.0041426926,4.76,34.4552286678,0.494,3823
11.0,0.995588064194,0.000233973027207,1074.74551825,0.0041426926,4.76,34.4552286678,0.494,3823
11.0,0.995890080929,0.000234021776123,1074.80681671,0.0041426926,4.76,34.4552286678,0.494,3823
11.0,0.996020317078,0.000234001839999,1074.86811516,0.0041426926,4.76,34.4552286678,0.494,3823
11.0,0.996029376984,0.000234065257246,1074.92941362,0.0041426926,4.76,34.4552286678,0.494,3823
11.0,0.995958030224,0.000234047111007,1074.99071208,0.0041426926,4.76,34.4552286678,0.494,3823
11.0,0.996152341366,0.000234049686696,1075.05201054,0.0041426926,4.76,34.4552286678,0.494,3823
11.0,0.996124148369,0.000234097009525,1075.11330901,0.0041426926,4.76,34.4552286678,0.494,3823
11.0,0.9964235425,0.000234138889937,1075.17460747,0.0041426926,4.76,34.4552286678,0.494,3823
11.0,0.996509194374,0.000234074206674,1075.23590594,0.0041426926,4.76,34.4552286678,0.494,3823
11.0,0.995641648769,0.00023407243134,1075.29720441,0.0041426926,4.76,34.4552286678,0.494,3823
11.0,0.995948374271,0.000234071470913,1075.35850298,0.0041426926,4.76,34.4552286678,0.494,3823
11.0,0.996368408203,0.000234081351664,1075.41980145,0.0041426926,4.76,34.4552286678,0.494,3823
11.0,0.996134996414,0.000234076127526,1075.48109992,0.0041426926,4.76,34.4552286678,0.494,3823
11.0,0.996253907681,0.000234089326113,1075.5423984,0.0041426926,4.76,34.4552286678,0.494,3823
11.0,0.996826291084,0.000234113380429,1075.60369688,0.0041426926,4.76,34.4552286678,0.494,3823
11.0,0.997048437595,0.000234159000684,1075.66499546,0.0041426926,4.76,34.4552286678,0.494,3823
11.0,0.996560752392,0.000234096703934,1075.74672667,0.0041426926,4.76,34.4552286678,0.494,3823
11.0,0.996433734894,0.000234134786297,1075.80802525,0.0041426926,4.76,34.4552286678,0.494,3823
11.0,0.996845662594,0.000234102088143,1075.86932384,0.0041426926,4.76,34.4552286678,0.494,3823
11.0,0.99651491642,0.000234078717767,1075.93062233,0.0041426926,4.76,34.4552286678,0.494,3823
11.0,0.996868729591,0.000234081453527,1075.99192082,0.0041426926,4.76,34.4552286678,0.494,3823
11.0,0.997001349926,0.000234148275922,1076.05321921,0.0041426926,4.76,34.4552286678,0.494,3823
11.0,0.997421443462,0.000234150473261,1076.1145177,0.0041426926,4.76,34.4552286678,0.494,3823
11.0,0.997088432312,0.000234135906794,1076.1758162,0.0041426926,4.76,34.4552286678,0.494,3823
11.0,0.997152447701,0.000234172737692,1076.2371148,0.0041426926,4.76,34.4552286678,0.494,3823
11.0,0.997229397297,0.000234170380281,1076.2984133,0.0041426926,4.76,34.4552286678,0.494,3823
11.0,0.997135221958,0.000234153601923,1076.3597118,0.0041426926,4.76,34.4552286678,0.494,3823
11.0,0.997456252575,0.00023416960903,1076.4210104,0.0041426926,4.76,34.4552286678,0.494,3823
11.0,0.997236788273,0.000234144259593,1076.48230891,0.0041426926,4.76,34.4552286678,0.494,3823
11.0,0.997392416,0.000234121529502,1076.54360741,0.0041426926,4.76,34.4552286678,0.494,3823
11.0,0.997158706188,0.00023413906456,1076.60490592,0.0041426926,4.76,34.4552286678,0.494,3823
11.0,0.997429251671,0.000234139326494,1076.66620443,0.0041426926,4.76,34.4552286678,0.494,3823
11.0,0.997923195362,0.000234196370002,1076.72750295,0.0041426926,4.76,34.4552286678,0.494,3823
11.0,0.997461915016,0.000234192848438,1076.78880146,0.0041426926,4.76,34.4552286678,0.494,3823
11.0,0.997546613216,0.000234198567341,1076.85009998,0.0041426926,4.76,34.4552286678,0.494,3823
11.0,0.99816095829,0.000234294682741,1076.9113985,0.0041426926,4.76,34.4552286678,0.494,3823
11.0,0.997478067875,0.000234191087657,1076.97269702,0.0041426926,4.76,34.4552286678,0.494,3823
11.0,0.998067259789,0.000234262784943,1077.03399574,0.0041426926,4.76,34.4552286678,0.494,3823
11.0,0.998157441616,0.000234267456108,1077.09529427,0.0041426926,4.76,34.4552286678,0.494,3823
11.0,0.998384833336,0.000234256032854,1077.15659279,0.0041426926,4.76,34.4552286678,0.494,3823
11.0,0.998244643211,0.000234251740039,1077.21789132,0.0041426926,4.76,34.4552286678,0.494,3823
11.0,0.998246014118,0.000234279155848,1077.27918985,0.0041426926,4.76,34.4552286678,0.494,3823
11.0,0.998924136162,0.000234353501583,1077.34048828,0.0041426926,4.76,34.4552286678,0.494,3823
11.0,0.998213768005,0.000234268634813,1077.40178692,0.0041426926,4.76,34.4552286678,0.494,3823
11.0,0.998793244362,0.000234324295889,1077.46308545,0.0041426926,4.76,34.4552286678,0.494,3823
11.0,0.998347401619,0.000234247127082,1077.52438399,0.0041426926,4.76,34.4552286678,0.494,3823
11.0,0.997913897038,0.000234293605899,1077.58568253,0.0041426926,4.76,34.4552286678,0.494,3823
11.0,0.999322831631,0.000234338484006,1077.64698117,0.0041426926,4.76,34.4552286678,0.494,3823
11.0,0.998631715775,0.000234324776102,1077.70827972,0.0041426926,4.76,34.4552286678,0.494,3823
11.0,0.998887002468,0.000234363251366,1077.76957827,0.0041426926,4.76,34.4552286678,0.494,3823
11.0,0.998979568481,0.000234348379308,1077.83087681,0.0041426926,4.76,34.4552286678,0.494,3823
11.0,0.997875452042,0.000234319930314,1077.89217536,0.0041426926,4.76,34.4552286678,0.494,3823
11.0,0.999149680138,0.00023439063807,1077.95347391,0.0041426926,4.76,34.4552286678,0.494,3823
11.0,0.999189198017,0.000234382445342,1078.01477247,0.0041426926,4.76,34.4552286678,0.494,3823
11.0,0.999390125275,0.000234399092733,1078.07607102,0.0041426926,4.76,34.4552286678,0.494,3823
11.0,0.999447345734,0.000234407154494,1078.13736958,0.0041426926,4.76,34.4552286678,0.494,3823
11.0,0.998906672001,0.000234389764955,1078.19866814,0.0041426926,4.76,34.4552286678,0.494,3823
11.0,0.999294817448,0.000234401202761,1078.2599669,0.0041426926,4.76,34.4552286678,0.494,3823
11.0,0.999113023281,0.000234380117035,1078.32126547,0.0041426926,4.76,34.4552286678,0.494,3823
11.0,0.999341487885,0.000234411665588,1078.38256403,0.0041426926,4.76,34.4552286678,0.494,3823
11.0,0.999571502209,0.000234420658671,1078.4438626,0.0041426926,4.76,34.4552286678,0.494,3823
11.0,0.999529600143,0.000234431616263,1078.50516117,0.0041426926,4.76,34.4552286678,0.494,3823
11.0,0.999652981758,0.000234403065406,1078.56645974,0.0041426926,4.76,34.4552286678,0.494,3823
11.0,0.999257862568,0.00023437938944,1078.62775832,0.0041426926,4.76,34.4552286678,0.494,3823
11.0,0.999985575676,0.000234477658523,1078.70948975,0.0041426926,4.76,34.4552286678,0.494,3823
11.0,0.999313473701,0.000234441060456,1078.77078843,0.0041426926,4.76,34.4552286678,0.494,3823
11.0,0.999927520752,0.000234429724514,1078.83208701,0.0041426926,4.76,34.4552286678,0.494,3823
11.0,0.999617099762,0.000234421953792,1078.89338559,0.0041426926,4.76,34.4552286678,0.494,3823
11.0,0.999646186829,0.000234377090237,1078.95468418,0.0041426926,4.76,34.4552286678,0.494,3823
11.0,1.00032305717,0.000234450271819,1079.01598277,0.0041426926,4.76,34.4552286678,0.494,3823
11.0,0.999837756157,0.000234466395341,1079.07728135,0.0041426926,4.76,34.4552286678,0.494,3823
11.0,1.00032877922,0.000234471342992,1079.13857994,0.0041426926,4.76,34.4552286678,0.494,3823
11.0,1.00014531612,0.000234448496485,1079.19987854,0.0041426926,4.76,34.4552286678,0.494,3823
11.0,0.999842762947,0.000234445018577,1079.26117713,0.0041426926,4.76,34.4552286678,0.494,3823
11.0,0.999873638153,0.000234495819313,1079.32247583,0.0041426926,4.76,34.4552286678,0.494,3823
11.0,1.00041174889,0.000234522609389,1079.38377443,0.0041426926,4.76,34.4552286678,0.494,3823
11.0,1.00058352947,0.000234541206737,1079.44507303,0.0041426926,4.76,34.4552286678,0.494,3823
11.0,1.00075542927,0.00023453765607,1079.50637163,0.0041426926,4.76,34.4552286678,0.494,3823
11.0,1.00109791756,0.000234592574998,1079.56767024,0.0041426926,4.76,34.4552286678,0.494,3823
11.0,1.00089836121,0.000234572828049,1079.62896884,0.0041426926,4.76,34.4552286678,0.494,3823
11.0,1.0005941391,0.000234495470067,1079.69026745,0.0041426926,4.76,34.4552286678,0.494,3823
11.0,1.0009418726,0.000234555263887,1079.75156616,0.0041426926,4.76,34.4552286678,0.494,3823
11.0,1.00088703632,0.000234560589888,1079.81286478,0.0041426926,4.76,34.4552286678,0.494,3823
11.0,1.00051772594,0.000234522289247,1079.87416339,0.0041426926,4.76,34.4552286678,0.494,3823
11.0,1.001054883,0.000234549268498,1079.93546211,0.0041426926,4.76,34.4552286678,0.494,3823
11.0,1.00112164021,0.000234555409406,1079.99676073,0.0041426926,4.76,34.4552286678,0.494,3823
11.0,1.00085508823,0.000234572653426,1080.05805935,0.0041426926,4.76,34.4552286678,0.494,3823
11.0,1.00156784058,0.000234593855566,1080.11935797,0.0041426926,4.76,34.4552286678,0.494,3823
11.0,1.00120830536,0.000234538616496,1080.1806566,0.0041426926,4.76,34.4552286678,0.494,3823
11.0,1.00158321857,0.000234598046518,1080.24195523,0.0041426926,4.76,34.4552286678,0.494,3823
11.0,1.00185930729,0.000234603925492,1080.30325386,0.0041426926,4.76,34.4552286678,0.494,3823
11.0,1.00226998329,0.000234643899603,1080.36455249,0.0041426926,4.76,34.4552286678,0.494,3823
11.0,1.00108957291,0.000234560153331,1080.42585112,0.0041426926,4.76,34.4552286678,0.494,3823
11.0,1.00134944916,0.000234565100982,1080.48714976,0.0041426926,4.76,34.4552286678,0.494,3823
11.0,1.00159561634,0.000234542472754,1080.5484485,0.0041426926,4.76,34.4552286678,0.494,3823
11.0,1.00168764591,0.000234604434809,1080.60974714,0.0041426926,4.76,34.4552286678,0.494,3823
11.0,1.00235581398,0.000234649327467,1080.67104578,0.0041426926,4.76,34.4552286678,0.494,3823
11.0,1.00223374367,0.000234620907577,1080.73234442,0.0041426926,4.76,34.4552286678,0.494,3823
11.0,1.00196671486,0.000234643259319,1080.79364307,0.0041426926,4.76,34.4552286678,0.494,3823
11.0,1.00179743767,0.000234608334722,1080.85494172,0.0041426926,4.76,34.4552286678,0.494,3823
11.0,1.00191700459,0.000234609746258,1080.91624037,0.0041426926,4.76,34.4552286678,0.494,3823
11.0,1.00205552578,0.000234601742704,1080.97753912,0.0041426926,4.76,34.4552286678,0.494,3823
11.0,1.0022200346,0.000234613078646,1081.03883777,0.0041426926,4.76,34.4552286678,0.494,3823
11.0,1.00222754478,0.000234655497479,1081.10013643,0.0041426926,4.76,34.4552286678,0.494,3823
11.0,1.00197172165,0.000234626597376,1081.16143519,0.0041426926,4.76,34.4552286678,0.494,3823
11.0,1.00204730034,0.000234634557273,1081.22273385,0.0041426926,4.76,34.4552286678,0.494,3823
11.0,1.00184261799,0.000234595674556,1081.28403252,0.0041426926,4.76,34.4552286678,0.494,3823
11.0,1.00253272057,0.000234622129938,1081.34533118,0.0041426926,4.76,34.4552286678,0.494,3823
11.0,1.00244414806,0.00023461478122,1081.40662985,0.0041426926,4.76,34.4552286678,0.494,3823
11.0,1.00184357166,0.000234592473134,1081.46792852,0.0041426926,4.76,34.4552286678,0.494,3823
11.0,1.00265312195,0.000234710489167,1081.52922719,0.0041426926,4.76,34.4552286678,0.494,3823
11.0,1.00262212753,0.000234675986576,1081.59052586,0.0041426926,4.76,34.4552286678,0.494,3823
11.0,1.00263369083,0.000234709892538,1081.65182454,0.0041426926,4.76,34.4552286678,0.494,3823
11.0,1.00291442871,0.000234658029513,1081.73355621,0.0041426926,4.76,34.4552286678,0.494,3823
11.0,1.002825737,0.000234742532484,1081.79485489,0.0041426926,4.76,34.4552286678,0.494,3823
11.0,1.00229215622,0.000234717910644,1081.85615358,0.0041426926,4.76,34.4552286678,0.494,3823
11.0,1.00296258926,0.000234756866121,1081.91745226,0.0041426926,4.76,34.4552286678,0.494,3823
11.0,1.00240218639,0.000234679187997,1081.97875095,0.0041426926,4.76,34.4552286678,0.494,3823
11.0,1.00229418278,0.000234733292018,1082.04004964,0.0041426926,4.76,34.4552286678,0.494,3823
11.0,1.0020699501,0.000234690276557,1082.10134833,0.0041426926,4.76,34.4552286678,0.494,3823
11.0,1.00259077549,0.000234726248891,1082.16264702,0.0041426926,4.76,34.4552286678,0.494,3823
11.0,1.00257158279,0.000234710329096,1082.22394582,0.0041426926,4.76,34.4552286678,0.494,3823
11.0,1.0027192831,0.000234763312619,1082.28524462,0.0041426926,4.76,34.4552286678,0.494,3823
11.0,1.0022714138,0.000234715625993,1082.34654332,0.0041426926,4.76,34.4552286678,0.494,3823
11.0,1.00276148319,0.000234768507653,1082.40784202,0.0041426926,4.76,34.4552286678,0.494,3823
11.0,1.00270867348,0.000234718754655,1082.46914073,0.0041426926,4.76,34.4552286678,0.494,3823
11.0,1.00307226181,0.000234792329138,1082.53043933,0.0041426926,4.76,34.4552286678,0.494,3823
11.0,1.00327861309,0.000234782506595,1082.59173804,0.0041426926,4.76,34.4552286678,0.494,3823
11.0,1.00322437286,0.000234777544392,1082.65303685,0.0041426926,4.76,34.4552286678,0.494,3823
11.0,1.00311625004,0.000234797844314,1082.71433557,0.0041426926,4.76,34.4552286678,0.494,3823
11.0,1.00304186344,0.000234732884564,1082.77563428,0.0041426926,4.76,34.4552286678,0.494,3823
11.0,1.00292789936,0.000234770443058,1082.8369331,0.0041426926,4.76,34.4552286678,0.494,3823
11.0,1.00327730179,0.00023480024538,1082.89823182,0.0041426926,4.76,34.4552286678,0.494,3823
11.0,1.00284671783,0.000234721825109,1082.97996345,0.0041426926,4.76,34.4552286678,0.494,3823
11.0,1.00321829319,0.000234809296671,1083.04126218,0.0041426926,4.76,34.4552286678,0.494,3823
11.0,1.00291156769,0.000234782506595,1083.1025609,0.0041426926,4.76,34.4552286678,0.494,3823
11.0,1.0029925108,0.000234669190831,1083.16385963,0.0041426926,4.76,34.4552286678,0.494,3823
11.0,1.0038819313,0.000234869366977,1083.22515847,0.0041426926,4.76,34.4552286678,0.494,3823
11.0,1.00334382057,0.000234788909438,1083.2864572,0.0041426926,4.76,34.4552286678,0.494,3823
11.0,1.00303304195,0.000234727689531,1083.34775594,0.0041426926,4.76,34.4552286678,0.494,3823
11.0,1.00310385227,0.000234720122535,1083.40905467,0.0041426926,4.76,34.4552286678,0.494,3823
11.0,1.00300300121,0.000234812221606,1083.47035341,0.0041426926,4.76,34.4552286678,0.494,3823
11.0,1.00361347198,0.000234834456933,1083.53165216,0.0041426926,4.76,34.4552286678,0.494,3823
11.0,1.00337707996,0.000234811712289,1083.5929509,0.0041426926,4.76,34.4552286678,0.494,3823
11.0,1.00425469875,0.000234908031416,1083.65424965,0.0041426926,4.76,34.4552286678,0.494,3823
11.0,1.00407803059,0.000234905499383,1083.7155484,0.0041426926,4.76,34.4552286678,0.494,3823
11.0,1.00377476215,0.000234852937865,1083.77684725,0.0041426926,4.76,34.4552286678,0.494,3823
11.0,1.00408172607,0.000234773528064,1083.83814601,0.0041426926,4.76,34.4552286678,0.494,3823
11.0,1.00418889523,0.000234847233514,1083.89944476,0.0041426926,4.76,34.4552286678,0.494,3823
11.0,1.00522708893,0.000234958555666,1083.96074352,0.0041426926,4.76,34.4552286678,0.494,3823
11.0,1.00374364853,0.000234834442381,1084.02204238,0.0041426926,4.76,34.4552286678,0.494,3823
11.0,1.00414872169,0.000234839288169,1084.08334114,0.0041426926,4.76,34.4552286678,0.494,3823
11.0,1.00416088104,0.000234831139096,1084.14463991,0.0041426926,4.76,34.4552286678,0.494,3823
11.0,1.00414764881,0.000234921782976,1084.20593868,0.0041426926,4.76,34.4552286678,0.494,3823
11.0,1.00391638279,0.000234883875237,1084.26723745,0.0041426926,4.76,34.4552286678,0.494,3823
11.0,1.00419914722,0.00023485685233,1084.32853622,0.0041426926,4.76,34.4552286678,0.494,3823
11.0,1.004165411,0.000234889579588,1084.38983499,0.0041426926,4.76,34.4552286678,0.494,3823
11.0,1.00430202484,0.000234928244026,1084.45113387,0.0041426926,4.76,34.4552286678,0.494,3823
11.0,1.00425076485,0.000234871622524,1084.51243265,0.0041426926,4.76,34.4552286678,0.494,3823
11.0,1.00449466705,0.00023486414284,1084.57373143,0.0041426926,4.76,34.4552286678,0.494,3823
11.0,1.00428724289,0.000234870938584,1084.63503021,0.0041426926,4.76,34.4552286678,0.494,3823
11.0,1.00438725948,0.000234879218624,1084.71676192,0.0041426926,4.76,34.4552286678,0.494,3823
11.0,1.00476491451,0.000234881663346,1084.77806071,0.0041426926,4.76,34.4552286678,0.494,3823
11.0,1.00474750996,0.00023487227736,1084.8393596,0.0041426926,4.76,34.4552286678,0.494,3823
11.0,1.00522911549,0.000234897219343,1084.9006584,0.0041426926,4.76,34.4552286678,0.494,3823
11.0,1.00525307655,0.000234945197008,1084.96195719,0.0041426926,4.76,34.4552286678,0.494,3823
11.0,1.00519502163,0.000234924329561,1085.02325599,0.0041426926,4.76,34.4552286678,0.494,3823
11.0,1.00526630878,0.00023494369816,1085.08455479,0.0041426926,4.76,34.4552286678,0.494,3823
11.0,1.00523364544,0.000234910970903,1085.14585359,0.0041426926,4.76,34.4552286678,0.494,3823
11.0,1.005007267,0.000234922263189,1085.2071524,0.0041426926,4.76,34.4552286678,0.494,3823
11.0,1.00533223152,0.000235002997215,1085.2684512,0.0041426926,4.76,34.4552286678,0.494,3823
11.0,1.00508594513,0.000235038925894,1085.32975001,0.0041426926,4.76,34.4552286678,0.494,3823
11.0,1.00456798077,0.000234862192883,1085.39104882,0.0041426926,4.76,34.4552286678,0.494,3823
11.0,1.00502669811,0.000234915365581,1085.45234784,0.0041426926,4.76,34.4552286678,0.494,3823
11.0,1.00504970551,0.000234997161897,1085.51364665,0.0041426926,4.76,34.4552286678,0.494,3823
11.0,1.00485599041,0.000234904247918,1085.57494547,0.0041426926,4.76,34.4552286678,0.494,3823
11.0,1.00509953499,0.000234955732594,1085.63624429,0.0041426926,4.76,34.4552286678,0.494,3823
11.0,1.00510776043,0.000235026571318,1085.69754311,0.0041426926,4.76,34.4552286678,0.494,3823
11.0,1.00520539284,0.000235024665017,1085.75884194,0.0041426926,4.76,34.4552286678,0.494,3823
11.0,1.00519037247,0.000234979394008,1085.82014077,0.0041426926,4.76,34.4552286678,0.494,3823
11.0,1.00485956669,0.000235008134041,1085.8814396,0.0041426926,4.76,34.4552286678,0.494,3823
11.0,1.005412817,0.000234994877246,1085.94273843,0.0041426926,4.76,34.4552286678,0.494,3823
11.0,1.00521183014,0.000235035418882,1086.00403726,0.0041426926,4.76,34.4552286678,0.494,3823
11.0,1.00508844852,0.000235014958889,1086.0653362,0.0041426926,4.76,34.4552286678,0.494,3823
11.0,1.0050483942,0.000235013940255,1086.12663504,0.0041426926,4.76,34.4552286678,0.494,3823
11.0,1.00542581081,0.000235054903897,1086.18793388,0.0041426926,4.76,34.4552286678,0.494,3823
11.0,1.00481569767,0.00023500037787,1086.24923272,0.0041426926,4.76,34.4552286678,0.494,3823
11.0,1.00445556641,0.000235048719333,1086.31053167,0.0041426926,4.76,34.4552286678,0.494,3823
11.0,1.00566792488,0.000235066647292,1086.37183042,0.0041426926,4.76,34.4552286678,0.494,3823
11.0,1.00506472588,0.000235065497691,1086.43312927,0.0041426926,4.76,34.4552286678,0.494,3823
11.0,1.00527048111,0.000235084618907,1086.49442812,0.0041426926,4.76,34.4552286678,0.494,3823
11.0,1.00491976738,0.000235020459513,1086.55572697,0.0041426926,4.76,34.4552286678,0.494,3823
11.0,1.00540316105,0.000235037136008,1086.61702583,0.0041426926,4.76,34.4552286678,0.494,3823
11.0,1.00529801846,0.000235093248193,1086.67832489,0.0041426926,4.76,34.4552286678,0.494,3823
11.0,1.00499475002,0.000235093044466,1086.73962375,0.0041426926,4.76,34.4552286678,0.494,3823
11.0,1.00554645061,0.000235073835938,1086.80092262,0.0041426926,4.76,34.4552286678,0.494,3823
11.0,1.00530493259,0.000235078041442,1086.86222149,0.0041426926,4.76,34.4552286678,0.494,3823
11.0,1.00534558296,0.000235067724134,1086.92352036,0.0041426926,4.76,34.4552286678,0.494,3823
11.0,1.00573849678,0.000235094630625,1086.98481923,0.0041426926,4.76,34.4552286678,0.494,3823
11.0,1.00516068935,0.00023506222351,1087.0461181,0.0041426926,4.76,34.4552286678,0.494,3823
11.0,1.00511550903,0.000235061292187,1087.10741698,0.0041426926,4.76,34.4552286678,0.494,3823
11.0,1.0048545599,0.000235039289691,1087.16871586,0.0041426926,4.76,34.4552286678,0.494,3823
11.0,1.00555539131,0.000235121799051,1087.23001474,0.0041426926,4.76,34.4552286678,0.494,3823
11.0,1.00474786758,0.000234992723563,1087.29131372,0.0041426926,4.76,34.4552286678,0.494,3823
11.0,1.00523793697,0.000235076324316,1087.35261261,0.0041426926,4.76,34.4552286678,0.494,3823
11.0,1.0052857399,0.000235065497691,1087.41391149,0.0041426926,4.76,34.4552286678,0.494,3823
11.0,1.00509381294,0.000235062325373,1087.47521049,0.0041426926,4.76,34.4552286678,0.494,3823
11.0,1.00526571274,0.00023507802689,1087.53650938,0.0041426926,4.76,34.4552286678,0.494,3823
11.0,1.00526094437,0.000235078070546,1087.59780827,0.0041426926,4.76,34.4552286678,0.494,3823
11.0,1.00534272194,0.000234985083807,1087.67954014,0.0041426926,4.76,34.4552286678,0.494,3823
11.0,1.00484454632,0.000235003375565,1087.74083904,0.0041426926,4.76,34.4552286678,0.494,3823
11.0,1.00517773628,0.00023513600172,1087.80213794,0.0041426926,4.76,34.4552286678,0.494,3823
11.0,1.00474238396,0.000235043917201,1087.86343685,0.0041426926,4.76,34.4552286678,0.494,3823
11.0,1.00513768196,0.000235131417867,1087.92473576,0.0041426926,4.76,34.4552286678,0.494,3823
11.0,1.00490832329,0.000235073763179,1087.98603467,0.0041426926,4.76,34.4552286678,0.494,3823
11.0,1.00447785854,0.000235084444284,1088.04733368,0.0041426926,4.76,34.4552286678,0.494,3823
11.0,1.00466477871,0.000235049592447,1088.10863259,0.0041426926,4.76,34.4552286678,0.494,3823
11.0,1.00439679623,0.00023505903664,1088.16993151,0.0041426926,4.76,34.4552286678,0.494,3823
11.0,1.00484287739,0.000235110463109,1088.23123043,0.0041426926,4.76,34.4552286678,0.494,3823
11.0,1.00513112545,0.000235106388573,1088.29252945,0.0041426926,4.76,34.4552286678,0.494,3823
11.0,1.00465297699,0.000235050087213,1088.35382838,0.0041426926,4.76,34.4552286678,0.494,3823
11.0,1.00472009182,0.000235127532505,1088.41512731,0.0041426926,4.76,34.4552286678,0.494,3823
11.0,1.00472867489,0.00023507005244,1088.47642624,0.0041426926,4.76,34.4552286678,0.494,3823
11.0,1.00452756882,0.000235059895203,1088.53772517,0.0041426926,4.76,34.4552286678,0.494,3823
11.0,1.00464236736,0.000235070547205,1088.5990241,0.0041426926,4.76,34.4552286678,0.494,3823
11.0,1.00493717194,0.000235114217503,1088.66032304,0.0041426926,4.76,34.4552286678,0.494,3823
11.0,1.00396203995,0.000235054161749,1088.72162198,0.0041426926,4.76,34.4552286678,0.494,3823
11.0,1.00477313995,0.000235091720242,1088.78292092,0.0041426926,4.76,34.4552286678,0.494,3823
11.0,1.00465416908,0.00023511647305,1088.84421986,0.0041426926,4.76,34.4552286678,0.494,3823
11.0,1.0044438839,0.000235083396547,1088.90551901,0.0041426926,4.76,34.4552286678,0.494,3823
11.0,1.00447952747,0.000235085404711,1088.96681786,0.0041426926,4.76,34.4552286678,0.494,3823
11.0,1.00452148914,0.000235030151089,1089.02811681,0.0041426926,4.76,34.4552286678,0.494,3823
11.0,1.00437140465,0.000235009210883,1089.08941576,0.0041426926,4.76,34.4552286678,0.494,3823
11.0,1.00415253639,0.000234975872445,1089.15071472,0.0041426926,4.76,34.4552286678,0.494,3823
11.0,1.00368821621,0.000234988561715,1089.21201378,0.0041426926,4.76,34.4552286678,0.494,3823
11.0,1.00412213802,0.000234999330132,1089.27331274,0.0041426926,4.76,34.4552286678,0.494,3823
11.0,1.00402402878,0.000234991006437,1089.3346117,0.0041426926,4.76,34.4552286678,0.494,3823
11.0,1.00403797626,0.000235047162278,1089.39591067,0.0041426926,4.76,34.4552286678,0.494,3823
11.0,1.00390505791,0.000235031562624,1089.45720964,0.0041426926,4.76,34.4552286678,0.494,3823
11.0,1.0040500164,0.000235027779127,1089.5389417,0.0041426926,4.76,34.4552286678,0.494,3823
11.0,1.00403106213,0.000235038547544,1089.60024068,0.0041426926,4.76,34.4552286678,0.494,3823
11.0,1.00371897221,0.000235017520026,1089.66153955,0.0041426926,4.76,34.4552286678,0.494,3823
11.0,1.00339174271,0.000235019135289,1089.72283863,0.0041426926,4.76,34.4552286678,0.494,3823
11.0,1.00358307362,0.000235039915424,1089.78413761,0.0041426926,4.76,34.4552286678,0.494,3823
11.0,1.00385963917,0.000235070852796,1089.8454366,0.0041426926,4.76,34.4552286678,0.494,3823
11.0,1.00355863571,0.000235044019064,1089.90673568,0.0041426926,4.76,34.4552286678,0.494,3823
11.0,1.00343596935,0.000235032028286,1089.96803467,0.0041426926,4.76,34.4552286678,0.494,3823
11.0,1.0035238266,0.000235053215874,1090.02933366,0.0041426926,4.76,34.4552286678,0.494,3823
11.0,1.00300180912,0.000235002298723,1090.09063266,0.0041426926,4.76,34.4552286678,0.494,3823
11.0,1.00351309776,0.000235061583226,1090.15193165,0.0041426926,4.76,34.4552286678,0.494,3823
11.0,1.00341320038,0.000235019964748,1090.21323065,0.0041426926,4.76,34.4552286678,0.494,3823
11.0,1.00352454185,0.000235039828112,1090.27452965,0.0041426926,4.76,34.4552286678,0.494,3823
11.0,1.0037996769,0.000235036903177,1090.33582866,0.0041426926,4.76,34.4552286678,0.494,3823
11.0,1.00355744362,0.000235068917391,1090.39712766,0.0041426926,4.76,34.4552286678,0.494,3823
11.0,1.00285720825,0.00023500547104,1090.45842667,0.0041426926,4.76,34.4552286678,0.494,3823
11.0,1.00326216221,0.000235029059695,1090.51972578,0.0041426926,4.76,34.4552286678,0.494,3823
11.0,1.00303113461,0.000235020561377,1090.5810249,0.0041426926,4.76,34.4552286678,0.494,3823
11.0,1.00225806236,0.000234966442804,1090.66275682,0.0041426926,4.76,34.4552286678,0.494,3823
11.0,1.00275576115,0.000235018582316,1090.72405584,0.0041426926,4.76,34.4552286678,0.494,3823
11.0,1.0028437376,0.000235011728364,1090.78535486,0.0041426926,4.76,34.4552286678,0.494,3823
11.0,1.00236570835,0.000234989420278,1090.84665389,0.0041426926,4.76,34.4552286678,0.494,3823
11.0,1.00271904469,0.000234987426666,1090.90795301,0.0041426926,4.76,34.4552286678,0.494,3823
11.0,1.00268959999,0.000235014667851,1090.96925204,0.0041426926,4.76,34.4552286678,0.494,3823
11.0,1.00280046463,0.000234970546444,1091.03055108,0.0041426926,4.76,34.4552286678,0.494,3823
11.0,1.00256919861,0.000234988736338,1091.09185021,0.0041426926,4.76,34.4552286678,0.494,3823
11.0,1.00277292728,0.000235004190472,1091.15314925,0.0041426926,4.76,34.4552286678,0.494,3823
11.0,1.00220787525,0.000234996376093,1091.21444829,0.0041426926,4.76,34.4552286678,0.494,3823
11.0,1.00232565403,0.000235006620642,1091.27574733,0.0041426926,4.76,34.4552286678,0.494,3823
11.0,1.00223362446,0.000234977138462,1091.33704637,0.0041426926,4.76,34.4552286678,0.494,3823
11.0,1.00200128555,0.000234993582126,1091.39834542,0.0041426926,4.76,34.4552286678,0.494,3823
11.0,1.00194478035,0.000234977560467,1091.45964447,0.0041426926,4.76,34.4552286678,0.494,3823
11.0,1.00190925598,0.000235003506532,1091.52094362,0.0041426926,4.76,34.4552286678,0.494,3823
11.0,1.0019133091,0.000234986553551,1091.58224268,0.0041426926,4.76,34.4552286678,0.494,3823
11.0,1.00195455551,0.000234997074585,1091.64354173,0.0041426926,4.76,34.4552286678,0.494,3823
11.0,1.00222527981,0.000235015861108,1091.70484079,0.0041426926,4.76,34.4552286678,0.494,3823
11.0,1.00162291527,0.000234985040152,1091.76613986,0.0041426926,4.76,34.4552286678,0.494,3823
11.0,1.00179207325,0.00023499247618,1091.82743892,0.0041426926,4.76,34.4552286678,0.494,3823
11.0,1.00165605545,0.000234965569689,1091.88873799,0.0041426926,4.76,34.4552286678,0.494,3823
11.0,1.0013974905,0.000234928185819,1091.95003706,0.0041426926,4.76,34.4552286678,0.494,3823
11.0,1.00162315369,0.000234910170548,1092.01133613,0.0041426926,4.76,34.4552286678,0.494,3823
11.0,1.0013614893,0.000234909937717,1092.07263541,0.0041426926,4.76,34.4552286678,0.494,3823
11.0,1.00133156776,0.00023491322645,1092.13393448,0.0041426926,4.76,34.4552286678,0.494,3823
11.0,1.0015039444,0.00023493244953,1092.19523356,0.0041426926,4.76,34.4552286678,0.494,3823
11.0,1.00098347664,0.00023486102873,1092.25653255,0.0041426926,4.76,34.4552286678,0.494,3823
11.0,1.00128448009,0.000234909239225,1092.31783173,0.0041426926,4.76,34.4552286678,0.494,3823
11.0,1.00089883804,0.000234870341956,1092.37913082,0.0041426926,4.76,34.4552286678,0.494,3823
11.0,1.00096750259,0.000234870618442,1092.44042991,0.0041426926,4.76,34.4552286678,0.494,3823
11.0,1.00105583668,0.000234892213484,1092.501729,0.0041426926,4.76,34.4552286678,0.494,3823
11.0,1.0006210804,0.000234871025896,1092.5630281,0.0041426926,4.76,34.4552286678,0.494,3823
11.0,1.0004196167,0.000234830353293,1092.62432719,0.0041426926,4.76,34.4552286678,0.494,3823
11.0,1.00077188015,0.00023486452119,1092.68562639,0.0041426926,4.76,34.4552286678,0.494,3823
11.0,1.00089752674,0.000234878636547,1092.7469255,0.0041426926,4.76,34.4552286678,0.494,3823
11.0,1.00073409081,0.000234871680732,1092.8082246,0.0041426926,4.76,34.4552286678,0.494,3823
11.0,1.00049459934,0.000234833438299,1092.86952371,0.0041426926,4.76,34.4552286678,0.494,3823
11.0,1.00059473515,0.000234876555623,1092.93082282,0.0041426926,4.76,34.4552286678,0.494,3823
11.0,1.00029587746,0.000234821811318,1092.99212194,0.0041426926,4.76,34.4552286678,0.494,3823
11.0,1.00088393688,0.000234895225731,1093.05342105,0.0041426926,4.76,34.4552286678,0.494,3823
11.0,1.00002121925,0.000234818449826,1093.11472017,0.0041426926,4.76,34.4552286678,0.494,3823
11.0,1.00057268143,0.000234854931477,1093.17601929,0.0041426926,4.76,34.4552286678,0.494,3823
11.0,0.999589562416,0.000234788414673,1093.23731851,0.0041426926,4.76,34.4552286678,0.494,3823
11.0,0.999789357185,0.000234792285482,1093.29861774,0.0041426926,4.76,34.4552286678,0.494,3823
11.0,0.999292135239,0.000234752209508,1093.35991687,0.0041426926,4.76,34.4552286678,0.494,3823
11.0,0.999201774597,0.000234757098951,1093.421216,0.0041426926,4.76,34.4552286678,0.494,3823
11.0,0.99901509285,0.000234757331782,1093.48251513,0.0041426926,4.76,34.4552286678,0.494,3823
11.0,0.999090373516,0.000234746039496,1093.54381427,0.0041426926,4.76,34.4552286678,0.494,3823
11.0,0.999561846256,0.000234625927988,1093.62554636,0.0041426926,4.76,34.4552286678,0.494,3823
11.0,0.999567687511,0.000234619161347,1093.70727865,0.0041426926,4.76,34.4552286678,0.494,3823
11.0,0.999089419842,0.000234592182096,1093.76857779,0.0041426926,4.76,34.4552286678,0.494,3823
11.0,0.998940348625,0.000234613806242,1093.82987694,0.0041426926,4.76,34.4552286678,0.494,3823
11.0,0.999124228954,0.000234648352489,1093.91160924,0.0041426926,4.76,34.4552286678,0.494,3823
11.0,0.998506307602,0.000234592051129,1093.9729084,0.0041426926,4.76,34.4552286678,0.494,3823
11.0,0.998780786991,0.000234628649196,1094.03420756,0.0041426926,4.76,34.4552286678,0.494,3823
11.0,0.997809529305,0.000234540188103,1094.09550682,0.0041426926,4.76,34.4552286678,0.494,3823
11.0,0.998427867889,0.000234572900808,1094.15680588,0.0041426926,4.76,34.4552286678,0.494,3823
11.0,0.99830955267,0.000234543942497,1094.21810504,0.0041426926,4.76,34.4552286678,0.494,3823
11.0,0.997948944569,0.000234546430875,1094.27940421,0.0041426926,4.76,34.4552286678,0.494,3823
11.0,0.997734963894,0.000234508348512,1094.34070338,0.0041426926,4.76,34.4552286678,0.494,3823
11.0,0.998317062855,0.000234616949456,1094.40200256,0.0041426926,4.76,34.4552286678,0.494,3823
11.0,0.998040437698,0.000234503342654,1094.46330193,0.0041426926,4.76,34.4552286678,0.494,3823
11.0,0.998275995255,0.000234582272242,1094.52460111,0.0041426926,4.76,34.4552286678,0.494,3823
11.0,0.997518837452,0.000234564300627,1094.58590029,0.0041426926,4.76,34.4552286678,0.494,3823
11.0,0.996676445007,0.000234524661209,1094.64719947,0.0041426926,4.76,34.4552286678,0.494,3823
11.0,0.997508347034,0.000234526276472,1094.70849866,0.0041426926,4.76,34.4552286678,0.494,3823
11.0,0.99729937315,0.000234558494412,1094.76979785,0.0041426926,4.76,34.4552286678,0.494,3823
11.0,0.997233390808,0.000234524195548,1094.83109704,0.0041426926,4.76,34.4552286678,0.494,3823
11.0,0.997201442719,0.000234540711972,1094.89239623,0.0041426926,4.76,34.4552286678,0.494,3823
11.0,0.997087001801,0.000234538019868,1094.95369543,0.0041426926,4.76,34.4552286678,0.494,3823
11.0,0.997052073479,0.000234530583839,1095.01499463,0.0041426926,4.76,34.4552286678,0.494,3823
11.0,0.996641755104,0.000234437888139,1095.07629393,0.0041426926,4.76,34.4552286678,0.494,3823
11.0,0.997048020363,0.000234493854805,1095.13759314,0.0041426926,4.76,34.4552286678,0.494,3823
11.0,0.996736943722,0.000234480743529,1095.19889234,0.0041426926,4.76,34.4552286678,0.494,3823
11.0,0.996579229832,0.000234489882132,1095.26019165,0.0041426926,4.76,34.4552286678,0.494,3823
11.0,0.996428251266,0.000234478400671,1095.32149087,0.0041426926,4.76,34.4552286678,0.494,3823
11.0,0.997013032436,0.000234488528804,1095.38279008,0.0041426926,4.76,34.4552286678,0.494,3823
11.0,0.996739149094,0.000234520121012,1095.4440892,0.0041426926,4.76,34.4552286678,0.494,3823
11.0,0.996535301208,0.000234496852499,1095.50538842,0.0041426926,4.76,34.4552286678,0.494,3823
11.0,0.996438384056,0.000234464256209,1095.56668764,0.0041426926,4.76,34.4552286678,0.494,3823
11.0,0.996564567089,0.000234440143686,1095.62798697,0.0041426926,4.76,34.4552286678,0.494,3823
11.0,0.996421098709,0.000234444014495,1095.6892863,0.0041426926,4.76,34.4552286678,0.494,3823
11.0,0.99637901783,0.000234434744925,1095.75058553,0.0041426926,4.76,34.4552286678,0.494,3823
11.0,0.996044516563,0.000234420702327,1095.81188476,0.0041426926,4.76,34.4552286678,0.494,3823
11.0,0.996282160282,0.000234456121689,1095.873184,0.0041426926,4.76,34.4552286678,0.494,3823
11.0,0.996394097805,0.00023444929684,1095.93448324,0.0041426926,4.76,34.4552286678,0.494,3823
11.0,0.995867669582,0.000234422492213,1095.99578248,0.0041426926,4.76,34.4552286678,0.494,3823
11.0,0.995994091034,0.000234407983953,1096.05708172,0.0041426926,4.76,34.4552286678,0.494,3823
11.0,0.995564818382,0.000234407081734,1096.11838097,0.0041426926,4.76,34.4552286678,0.494,3823
11.0,0.99560469389,0.000234362320043,1096.17968022,0.0041426926,4.76,34.4552286678,0.494,3823
11.0,0.995583117008,0.000234395265579,1096.24097957,0.0041426926,4.76,34.4552286678,0.494,3823
11.0,0.995187878609,0.000234319115407,1096.30227883,0.0041426926,4.76,34.4552286678,0.494,3823
11.0,0.995207965374,0.000234304563492,1096.36357808,0.0041426926,4.76,34.4552286678,0.494,3823
11.0,0.995519578457,0.000234291059314,1096.48617671,0.0041426926,4.76,34.4552286678,0.494,3823
11.0,0.995282173157,0.000234343533521,1096.54747597,0.0041426926,4.76,34.4552286678,0.494,3823
11.0,0.994709551334,0.000234346211073,1096.64964142,0.0041426926,4.76,34.4552286678,0.494,3823
11.0,0.995229005814,0.000234247912886,1096.7109407,0.0041426926,4.76,34.4552286678,0.494,3823
11.0,0.994739711285,0.000234287173953,1096.77223997,0.0041426926,4.76,34.4552286678,0.494,3823
11.0,0.993978261948,0.000234177612583,1096.85397244,0.0041426926,4.76,34.4552286678,0.494,3823
11.0,0.994824230671,0.000234177932725,1096.91527173,0.0041426926,4.76,34.4552286678,0.494,3823
11.0,0.994148612022,0.000234114762861,1097.0378703,0.0041426926,4.76,34.4552286678,0.494,3823
11.0,0.994053006172,0.000234220759012,1097.09916959,0.0041426926,4.76,34.4552286678,0.494,3823
11.0,0.994115710258,0.000234190607443,1097.16046888,0.0041426926,4.76,34.4552286678,0.494,3823
11.0,0.994567930698,0.00023423350649,1097.22176818,0.0041426926,4.76,34.4552286678,0.494,3823
11.0,0.994411289692,0.000234208899201,1097.30350067,0.0041426926,4.76,34.4552286678,0.494,3823
11.0,0.993736326694,0.000234156308579,1097.36479998,0.0041426926,4.76,34.4552286678,0.494,3823
11.0,0.994336843491,0.000234192950302,1097.42609928,0.0041426926,4.76,34.4552286678,0.494,3823
11.0,0.993981778622,0.000234136241488,1097.48739859,0.0041426926,4.76,34.4552286678,0.494,3823
11.0,0.993639409542,0.000234120394452,1097.5486979,0.0041426926,4.76,34.4552286678,0.494,3823
11.0,0.993702352047,0.00023416505428,1097.60999721,0.0041426926,4.76,34.4552286678,0.494,3823
11.0,0.993807554245,0.000234139355598,1097.67129653,0.0041426926,4.76,34.4552286678,0.494,3823
11.0,0.992961108685,0.000234137900406,1097.73259584,0.0041426926,4.76,34.4552286678,0.494,3823
11.0,0.993845164776,0.000234211285715,1097.79389526,0.0041426926,4.76,34.4552286678,0.494,3823
11.0,0.993387937546,0.000234088976867,1097.85519469,0.0041426926,4.76,34.4552286678,0.494,3823
11.0,0.993124604225,0.000234128281591,1097.91649401,0.0041426926,4.76,34.4552286678,0.494,3823
11.0,0.993430614471,0.000234107574215,1097.97779334,0.0041426926,4.76,34.4552286678,0.494,3823
11.0,0.992882370949,0.000234082341194,1098.03909257,0.0041426926,4.76,34.4552286678,0.494,3823
11.0,0.992979466915,0.000234091523453,1098.10039191,0.0041426926,4.76,34.4552286678,0.494,3823
11.0,0.992815256119,0.000234072256717,1098.16169125,0.0041426926,4.76,34.4552286678,0.494,3823
11.0,0.993105530739,0.000234054939938,1098.22299069,0.0041426926,4.76,34.4552286678,0.494,3823
11.0,0.992636442184,0.000234032195294,1098.28429003,0.0041426926,4.76,34.4552286678,0.494,3823
12.0,1.00159239769,0.000261390086962,1099.42851641,0.0041426926,4.76,34.4552286678,0.494,3823
12.0,1.00072741508,0.000261391687673,1099.4898158,0.0041426926,4.76,34.4552286678,0.494,3823
12.0,1.00127899647,0.000261547946138,1099.5511153,0.0041426926,4.76,34.4552286678,0.494,3823
12.0,1.00143158436,0.000261562643573,1099.61241471,0.0041426926,4.76,34.4552286678,0.494,3823
12.0,1.00144314766,0.000261610461166,1099.67371411,0.0041426926,4.76,34.4552286678,0.494,3823
12.0,1.00169157982,0.000261596753262,1099.73501352,0.0041426926,4.76,34.4552286678,0.494,3823
12.0,1.00175619125,0.000261636421783,1099.79631293,0.0041426926,4.76,34.4552286678,0.494,3823
12.0,1.00159490108,0.000261653738562,1099.85761244,0.0041426926,4.76,34.4552286678,0.494,3823
12.0,1.00157701969,0.000261713954387,1099.91891186,0.0041426926,4.76,34.4552286678,0.494,3823
12.0,1.00160169601,0.000261745997705,1099.98021128,0.0041426926,4.76,34.4552286678,0.494,3823
12.0,1.0020762682,0.0002617482387,1100.0415107,0.0041426926,4.76,34.4552286678,0.494,3823
12.0,1.00211787224,0.000261839246377,1100.10281012,0.0041426926,4.76,34.4552286678,0.494,3823
12.0,1.00098836422,0.000261818087893,1100.16410955,0.0041426926,4.76,34.4552286678,0.494,3823
12.0,1.0020250082,0.000261843582848,1100.22540898,0.0041426926,4.76,34.4552286678,0.494,3823
12.0,1.0018106699,0.000261868292,1100.28670841,0.0041426926,4.76,34.4552286678,0.494,3823
12.0,1.00234687328,0.00026190848439,1100.34800785,0.0041426926,4.76,34.4552286678,0.494,3823
12.0,1.00194454193,0.000261925888481,1100.40930729,0.0041426926,4.76,34.4552286678,0.494,3823
12.0,1.00175249577,0.000261919281911,1100.47060683,0.0041426926,4.76,34.4552286678,0.494,3823
12.0,1.00179708004,0.000261930079432,1100.53190627,0.0041426926,4.76,34.4552286678,0.494,3823
12.0,1.00201094151,0.000261910026893,1100.59320572,0.0041426926,4.76,34.4552286678,0.494,3823
12.0,1.00251078606,0.000261977140326,1100.65450517,0.0041426926,4.76,34.4552286678,0.494,3823
12.0,1.00161719322,0.000261925364612,1100.71580462,0.0041426926,4.76,34.4552286678,0.494,3823
12.0,1.0021469593,0.000261986191617,1100.77710418,0.0041426926,4.76,34.4552286678,0.494,3823
12.0,1.00199127197,0.000261920242338,1100.83840364,0.0041426926,4.76,34.4552286678,0.494,3823
12.0,1.00200116634,0.000261963170487,1100.8997031,0.0041426926,4.76,34.4552286678,0.494,3823
12.0,1.0020210743,0.000261994166067,1100.96100256,0.0041426926,4.76,34.4552286678,0.494,3823
12.0,1.00207984447,0.000261996348854,1101.02230203,0.0041426926,4.76,34.4552286678,0.494,3823
12.0,1.00140845776,0.000261971115833,1101.0836016,0.0041426926,4.76,34.4552286678,0.494,3823
12.0,1.00171244144,0.000261971959844,1101.14490107,0.0041426926,4.76,34.4552286678,0.494,3823
12.0,1.00169599056,0.000261978653725,1101.20620055,0.0041426926,4.76,34.4552286678,0.494,3823
12.0,1.00133180618,0.000261969107669,1101.26750002,0.0041426926,4.76,34.4552286678,0.494,3823
12.0,1.00157952309,0.000261988199782,1101.3287995,0.0041426926,4.76,34.4552286678,0.494,3823
12.0,1.00195848942,0.000262065266725,1101.41053215,0.0041426926,4.76,34.4552286678,0.494,3823
12.0,1.00172352791,0.000262035580818,1101.47183174,0.0041426926,4.76,34.4552286678,0.494,3823
12.0,1.00124776363,0.000262010435108,1101.53313123,0.0041426926,4.76,34.4552286678,0.494,3823
12.0,1.00214838982,0.000262108893367,1101.59443072,0.0041426926,4.76,34.4552286678,0.494,3823
12.0,1.0020045042,0.00026211241493,1101.65573021,0.0041426926,4.76,34.4552286678,0.494,3823
12.0,1.00143063068,0.000262045185082,1101.71702971,0.0041426926,4.76,34.4552286678,0.494,3823
12.0,1.00146353245,0.000262068904703,1101.77832921,0.0041426926,4.76,34.4552286678,0.494,3823
12.0,1.00112843513,0.00026205854374,1101.83962872,0.0041426926,4.76,34.4552286678,0.494,3823
12.0,1.00170111656,0.000262089510215,1101.90092823,0.0041426926,4.76,34.4552286678,0.494,3823
12.0,1.00132083893,0.000262064801063,1101.96222774,0.0041426926,4.76,34.4552286678,0.494,3823
12.0,1.00113868713,0.000262083020061,1102.02352735,0.0041426926,4.76,34.4552286678,0.494,3823
12.0,1.00144374371,0.000262067624135,1102.08482696,0.0041426926,4.76,34.4552286678,0.494,3823
12.0,1.00114238262,0.000262073532213,1102.14612648,0.0041426926,4.76,34.4552286678,0.494,3823
12.0,1.00135660172,0.000262065092102,1102.207426,0.0041426926,4.76,34.4552286678,0.494,3823
12.0,1.00136256218,0.000262048997683,1102.26872553,0.0041426926,4.76,34.4552286678,0.494,3823
12.0,1.00152897835,0.000262077897787,1102.33002506,0.0041426926,4.76,34.4552286678,0.494,3823
12.0,1.00156283379,0.000262094574282,1102.39132448,0.0041426926,4.76,34.4552286678,0.494,3823
12.0,1.00121831894,0.000262083602138,1102.45262402,0.0041426926,4.76,34.4552286678,0.494,3823
12.0,1.00139820576,0.000262123619905,1102.51392365,0.0041426926,4.76,34.4552286678,0.494,3823
12.0,1.00177645683,0.000262125307927,1102.57522329,0.0041426926,4.76,34.4552286678,0.494,3823
12.0,1.00177586079,0.000262112502242,1102.63652283,0.0041426926,4.76,34.4552286678,0.494,3823
12.0,1.00094938278,0.00026204448659,1102.69782238,0.0041426926,4.76,34.4552286678,0.494,3823
12.0,1.0010830164,0.000262091867626,1102.75912192,0.0041426926,4.76,34.4552286678,0.494,3823
12.0,1.00110161304,0.000262073997874,1102.82042147,0.0041426926,4.76,34.4552286678,0.494,3823
12.0,1.00154662132,0.000262124260189,1102.88172103,0.0041426926,4.76,34.4552286678,0.494,3823
12.0,1.00101828575,0.000262088113232,1102.94302058,0.0041426926,4.76,34.4552286678,0.494,3823
12.0,1.00074636936,0.000262088811724,1103.02475343,0.0041426926,4.76,34.4552286678,0.494,3823
12.0,1.00026488304,0.000262084242422,1103.08605299,0.0041426926,4.76,34.4552286678,0.494,3823
12.0,1.00094938278,0.000262116052909,1103.14735255,0.0041426926,4.76,34.4552286678,0.494,3823
12.0,1.00048756599,0.000262079964159,1103.20865212,0.0041426926,4.76,34.4552286678,0.494,3823
12.0,1.00082826614,0.000262118090177,1103.26995169,0.0041426926,4.76,34.4552286678,0.494,3823
12.0,1.00057590008,0.000262108806055,1103.33125127,0.0041426926,4.76,34.4552286678,0.494,3823
12.0,1.00094687939,0.000262122688582,1103.39255084,0.0041426926,4.76,34.4552286678,0.494,3823
12.0,1.00101053715,0.000262112182099,1103.45385042,0.0041426926,4.76,34.4552286678,0.494,3823
12.0,1.00050628185,0.000262135610683,1103.51515,0.0041426926,4.76,34.4552286678,0.494,3823
12.0,1.00016772747,0.000262067973381,1103.57644979,0.0041426926,4.76,34.4552286678,0.494,3823
12.0,1.00069153309,0.000262112647761,1103.63774938,0.0041426926,4.76,34.4552286678,0.494,3823
12.0,1.00074911118,0.000262111541815,1103.69904887,0.0041426926,4.76,34.4552286678,0.494,3823
12.0,1.00107562542,0.000262172601651,1103.76034846,0.0041426926,4.76,34.4552286678,0.494,3823
12.0,1.00059616566,0.000262103334535,1103.82164816,0.0041426926,4.76,34.4552286678,0.494,3823
12.0,1.00062167645,0.000262163986918,1103.88294776,0.0041426926,4.76,34.4552286678,0.494,3823
12.0,1.00030457973,0.00026213916135,1103.94424736,0.0041426926,4.76,34.4552286678,0.494,3823
12.0,1.00032258034,0.000262142712018,1104.00554696,0.0041426926,4.76,34.4552286678,0.494,3823
12.0,1.00088882446,0.000262188346824,1104.06684657,0.0041426926,4.76,34.4552286678,0.494,3823
12.0,1.00046813488,0.000262125744484,1104.12814628,0.0041426926,4.76,34.4552286678,0.494,3823
12.0,0.999902069569,0.000262119574472,1104.1894459,0.0041426926,4.76,34.4552286678,0.494,3823
12.0,0.999915778637,0.000262124260189,1104.27117872,0.0041426926,4.76,34.4552286678,0.494,3823
12.0,1.00005888939,0.000262124754954,1104.35291155,0.0041426926,4.76,34.4552286678,0.494,3823
12.0,0.999939441681,0.00026212137891,1104.41421117,0.0041426926,4.76,34.4552286678,0.494,3823
12.0,1.00014209747,0.00026214090758,1104.4755108,0.0041426926,4.76,34.4552286678,0.494,3823
12.0,0.999948143959,0.000262128567556,1104.53681053,0.0041426926,4.76,34.4552286678,0.494,3823
12.0,1.00021469593,0.000262158195255,1104.59811016,0.0041426926,4.76,34.4552286678,0.494,3823
12.0,1.00001442432,0.00026217152481,1104.6594098,0.0041426926,4.76,34.4552286678,0.494,3823
12.0,1.00019013882,0.000262175424723,1104.72070944,0.0041426926,4.76,34.4552286678,0.494,3823
12.0,0.999765992165,0.00026215807884,1104.78200908,0.0041426926,4.76,34.4552286678,0.494,3823
12.0,0.999536156654,0.000262151996139,1104.84330873,0.0041426926,4.76,34.4552286678,0.494,3823
12.0,0.999806106091,0.000262179382844,1104.90460847,0.0041426926,4.76,34.4552286678,0.494,3823
12.0,1.0001502037,0.000262206274783,1104.96590813,0.0041426926,4.76,34.4552286678,0.494,3823
12.0,0.999348819256,0.000262143585132,1105.02720778,0.0041426926,4.76,34.4552286678,0.494,3823
12.0,1.00003373623,0.000262197339907,1105.08850744,0.0041426926,4.76,34.4552286678,0.494,3823
12.0,0.999491691589,0.000262180634309,1105.14980709,0.0041426926,4.76,34.4552286678,0.494,3823
12.0,0.999709010124,0.000262202316662,1105.21110676,0.0041426926,4.76,34.4552286678,0.494,3823
12.0,1.00030016899,0.000262240035227,1105.27240642,0.0041426926,4.76,34.4552286678,0.494,3823
12.0,0.9998524189,0.000262229586951,1105.33370609,0.0041426926,4.76,34.4552286678,0.494,3823
12.0,0.999772131443,0.000262225861661,1105.39500576,0.0041426926,4.76,34.4552286678,0.494,3823
12.0,0.999839961529,0.000262235844275,1105.45630553,0.0041426926,4.76,34.4552286678,0.494,3823
12.0,0.999837100506,0.000262213638052,1105.51760531,0.0041426926,4.76,34.4552286678,0.494,3823
12.0,0.999606490135,0.000262208137428,1105.57890499,0.0041426926,4.76,34.4552286678,0.494,3823
12.0,0.998984336853,0.000262171117356,1105.64020457,0.0041426926,4.76,34.4552286678,0.494,3823
12.0,0.999564349651,0.000262208661297,1105.70150436,0.0041426926,4.76,34.4552286678,0.494,3823
12.0,0.999597907066,0.000262200046564,1105.76280405,0.0041426926,4.76,34.4552286678,0.494,3823
12.0,1.00000560284,0.0002622466709,1105.82410374,0.0041426926,4.76,34.4552286678,0.494,3823
12.0,1.00021982193,0.000262247602222,1105.88540343,0.0041426926,4.76,34.4552286678,0.494,3823
12.0,1.00005841255,0.000262248271611,1105.94670313,0.0041426926,4.76,34.4552286678,0.494,3823
12.0,0.999887824059,0.000262245972408,1106.00800283,0.0041426926,4.76,34.4552286678,0.494,3823
12.0,0.9996945858,0.000262240908341,1106.06930263,0.0041426926,4.76,34.4552286678,0.494,3823
12.0,0.999966323376,0.000262245826889,1106.13060234,0.0041426926,4.76,34.4552286678,0.494,3823
12.0,0.999771416187,0.000262256799033,1106.19190205,0.0041426926,4.76,34.4552286678,0.494,3823
12.0,1.00020480156,0.000262293528067,1106.25320176,0.0041426926,4.76,34.4552286678,0.494,3823
12.0,1.00002729893,0.000262268353254,1106.31450148,0.0041426926,4.76,34.4552286678,0.494,3823
12.0,0.999313354492,0.000262074114289,1106.37580119,0.0041426926,4.76,34.4552286678,0.494,3823
12.0,1.00006008148,0.000262208399363,1106.43710092,0.0041426926,4.76,34.4552286678,0.494,3823
12.0,1.00018000603,0.00026224044268,1106.49840064,0.0041426926,4.76,34.4552286678,0.494,3823
12.0,0.999742686749,0.000262125890004,1106.55970037,0.0041426926,4.76,34.4552286678,0.494,3823
12.0,0.999802529812,0.000262147019384,1106.6210001,0.0041426926,4.76,34.4552286678,0.494,3823
12.0,0.999662518501,0.000262124318397,1106.68230003,0.0041426926,4.76,34.4552286678,0.494,3823
12.0,1.00000751019,0.000262146262685,1106.74359976,0.0041426926,4.76,34.4552286678,0.494,3823
12.0,1.00024271011,0.000262177578406,1106.8048995,0.0041426926,4.76,34.4552286678,0.494,3823
12.0,0.999179780483,0.000262121815467,1106.86619924,0.0041426926,4.76,34.4552286678,0.494,3823
12.0,0.999615311623,0.000262140471023,1106.92749899,0.0041426926,4.76,34.4552286678,0.494,3823
12.0,0.999773621559,0.00026214600075,1106.98879874,0.0041426926,4.76,34.4552286678,0.494,3823
12.0,0.999819815159,0.000262169633061,1107.05009849,0.0041426926,4.76,34.4552286678,0.494,3823
12.0,0.99992120266,0.000262197718257,1107.11139824,0.0041426926,4.76,34.4552286678,0.494,3823
12.0,1.00041162968,0.000262212794041,1107.17269799,0.0041426926,4.76,34.4552286678,0.494,3823
12.0,0.999664664268,0.000262153160293,1107.23399775,0.0041426926,4.76,34.4552286678,0.494,3823
12.0,0.999654352665,0.00026217562845,1107.29529762,0.0041426926,4.76,34.4552286678,0.494,3823
12.0,1.0000692606,0.000262334593572,1107.37703064,0.0041426926,4.76,34.4552286678,0.494,3823
12.0,0.999764680862,0.000262298330199,1107.43833041,0.0041426926,4.76,34.4552286678,0.494,3823
12.0,0.999989926815,0.000262322369963,1107.49963018,0.0041426926,4.76,34.4552286678,0.494,3823
12.0,0.99934566021,0.000262293993728,1107.56092995,0.0041426926,4.76,34.4552286678,0.494,3823
12.0,1.0000705719,0.000262351386482,1107.62222973,0.0041426926,4.76,34.4552286678,0.494,3823
12.0,1.00026488304,0.000262391520664,1107.68352961,0.0041426926,4.76,34.4552286678,0.494,3823
12.0,1.00011467934,0.000262381072389,1107.74482939,0.0041426926,4.76,34.4552286678,0.494,3823
12.0,1.0001424551,0.000262369634584,1107.80612918,0.0041426926,4.76,34.4552286678,0.494,3823
12.0,1.00136995316,0.000262513640337,1107.86742897,0.0041426926,4.76,34.4552286678,0.494,3823
12.0,1.00009667873,0.000262338959146,1107.92872876,0.0041426926,4.76,34.4552286678,0.494,3823
12.0,0.99979019165,0.000262343761278,1107.99002866,0.0041426926,4.76,34.4552286678,0.494,3823
12.0,1.00038290024,0.000262355344603,1108.05132846,0.0041426926,4.76,34.4552286678,0.494,3823
12.0,1.000415802,0.000262404588284,1108.11262826,0.0041426926,4.76,34.4552286678,0.494,3823
12.0,0.999967157841,0.000262320361799,1108.17392806,0.0041426926,4.76,34.4552286678,0.494,3823
12.0,1.00064682961,0.000262381188804,1108.23522797,0.0041426926,4.76,34.4552286678,0.494,3823
12.0,1.00027000904,0.00026234719553,1108.29652778,0.0041426926,4.76,34.4552286678,0.494,3823
12.0,0.999739348888,0.000262281333562,1108.3578276,0.0041426926,4.76,34.4552286678,0.494,3823
12.0,1.00009489059,0.000262389396084,1108.41912741,0.0041426926,4.76,34.4552286678,0.494,3823
12.0,1.00005424023,0.000262402056251,1108.48042723,0.0041426926,4.76,34.4552286678,0.494,3823
12.0,1.00020074844,0.000262430548901,1108.54172705,0.0041426926,4.76,34.4552286678,0.494,3823
12.0,0.99988514185,0.000262383167865,1108.60302688,0.0041426926,4.76,34.4552286678,0.494,3823
12.0,1.00058078766,0.000262465706328,1108.66432671,0.0041426926,4.76,34.4552286678,0.494,3823
12.0,1.00016129017,0.000262417277554,1108.72562654,0.0041426926,4.76,34.4552286678,0.494,3823
12.0,1.00049674511,0.000262447632849,1108.78692637,0.0041426926,4.76,34.4552286678,0.494,3823
12.0,1.00017535686,0.000262391986325,1108.84822631,0.0041426926,4.76,34.4552286678,0.494,3823
12.0,1.00077974796,0.000262473680777,1108.90952615,0.0041426926,4.76,34.4552286678,0.494,3823
12.0,1.00030875206,0.000262413930614,1108.97082599,0.0041426926,4.76,34.4552286678,0.494,3823
12.0,1.00040900707,0.000262404704699,1109.03212584,0.0041426926,4.76,34.4552286678,0.494,3823
12.0,1.00034141541,0.000262426445261,1109.09342569,0.0041426926,4.76,34.4552286678,0.494,3823
12.0,1.00033819675,0.000262418732746,1109.15472554,0.0041426926,4.76,34.4552286678,0.494,3823
12.0,1.00058829784,0.000262464134721,1109.2160255,0.0041426926,4.76,34.4552286678,0.494,3823
12.0,1.00068676472,0.000262429210125,1109.27732535,0.0041426926,4.76,34.4552286678,0.494,3823
12.0,1.00066256523,0.000262443558313,1109.33862522,0.0041426926,4.76,34.4552286678,0.494,3823
12.0,1.000685215,0.000262429850409,1109.39992518,0.0041426926,4.76,34.4552286678,0.494,3823
12.0,1.00071716309,0.000262441433733,1109.46122505,0.0041426926,4.76,34.4552286678,0.494,3823
12.0,1.00092625618,0.000262472982286,1109.52252492,0.0041426926,4.76,34.4552286678,0.494,3823
12.0,1.00031363964,0.000262389774434,1109.58382479,0.0041426926,4.76,34.4552286678,0.494,3823
12.0,1.00087976456,0.000262391404249,1109.64512467,0.0041426926,4.76,34.4552286678,0.494,3823
12.0,1.00094306469,0.00026240569423,1109.70642455,0.0041426926,4.76,34.4552286678,0.494,3823
12.0,1.00102984905,0.000262439134531,1109.76772443,0.0041426926,4.76,34.4552286678,0.494,3823
12.0,1.00033152103,0.000262433197349,1109.82902431,0.0041426926,4.76,34.4552286678,0.494,3823
12.0,1.0006518364,0.000262393150479,1109.8903242,0.0041426926,4.76,34.4552286678,0.494,3823
12.0,1.00097966194,0.000262399000349,1109.95162409,0.0041426926,4.76,34.4552286678,0.494,3823
12.0,1.00083363056,0.000262389541604,1110.01292409,0.0041426926,4.76,34.4552286678,0.494,3823
12.0,1.00035190582,0.000262437562924,1110.07422408,0.0041426926,4.76,34.4552286678,0.494,3823
12.0,1.00102126598,0.00026242720196,1110.13552388,0.0041426926,4.76,34.4552286678,0.494,3823
12.0,1.00083780289,0.000262430927251,1110.19682379,0.0041426926,4.76,34.4552286678,0.494,3823
12.0,1.0006352663,0.000262426357949,1110.25812369,0.0041426926,4.76,34.4552286678,0.494,3823
12.0,1.00039803982,0.000262447749265,1110.38072352,0.0041426926,4.76,34.4552286678,0.494,3823
12.0,1.00046050549,0.000262415764155,1110.44202353,0.0041426926,4.76,34.4552286678,0.494,3823
12.0,1.00046610832,0.000262397195911,1110.50332345,0.0041426926,4.76,34.4552286678,0.494,3823
12.0,1.00042235851,0.000262393499725,1110.56462347,0.0041426926,4.76,34.4552286678,0.494,3823
12.0,1.00061285496,0.000262415123871,1110.62592339,0.0041426926,4.76,34.4552286678,0.494,3823
12.0,1.00114357471,0.00026245121262,1110.68722332,0.0041426926,4.76,34.4552286678,0.494,3823
12.0,1.00072073936,0.000262409390416,1110.74852325,0.0041426926,4.76,34.4552286678,0.494,3823
12.0,1.00051271915,0.000262400601059,1110.80982319,0.0041426926,4.76,34.4552286678,0.494,3823
12.0,1.00098979473,0.000262420653598,1110.87112312,0.0041426926,4.76,34.4552286678,0.494,3823
12.0,1.00071799755,0.00026240083389,1110.93242306,0.0041426926,4.76,34.4552286678,0.494,3823
12.0,1.00082623959,0.000262389861746,1110.993723,0.0041426926,4.76,34.4552286678,0.494,3823
12.0,1.00060164928,0.000262376386672,1111.07545636,0.0041426926,4.76,34.4552286678,0.494,3823
12.0,1.0011421442,0.000262411107542,1111.13675631,0.0041426926,4.76,34.4552286678,0.494,3823
12.0,1.0008854866,0.000262394692982,1111.19805627,0.0041426926,4.76,34.4552286678,0.494,3823
12.0,1.00145208836,0.000262398039922,1111.25935622,0.0041426926,4.76,34.4552286678,0.494,3823
12.0,1.00101816654,0.000262406130787,1111.32065618,0.0041426926,4.76,34.4552286678,0.494,3823
12.0,1.0012267828,0.000262411631411,1111.38195614,0.0041426926,4.76,34.4552286678,0.494,3823
12.0,1.00032949448,0.000262365414528,1111.44325611,0.0041426926,4.76,34.4552286678,0.494,3823
12.0,1.00124430656,0.000262437679339,1111.50455607,0.0041426926,4.76,34.4552286678,0.494,3823
12.0,1.00116252899,0.000262356130406,1111.56585614,0.0041426926,4.76,34.4552286678,0.494,3823
12.0,1.00102746487,0.000262376212049,1111.62715612,0.0041426926,4.76,34.4552286678,0.494,3823
12.0,1.00119864941,0.000262376939645,1111.6884561,0.0041426926,4.76,34.4552286678,0.494,3823
12.0,1.00109648705,0.000262404471869,1111.74975617,0.0041426926,4.76,34.4552286678,0.494,3823
12.0,1.00088393688,0.000262396759354,1111.81105616,0.0041426926,4.76,34.4552286678,0.494,3823
12.0,1.00098693371,0.000262366433162,1111.87235614,0.0041426926,4.76,34.4552286678,0.494,3823
12.0,1.00159549713,0.000262410991127,1111.93365613,0.0041426926,4.76,34.4552286678,0.494,3823
12.0,1.0007622242,0.000262404995738,1111.99495612,0.0041426926,4.76,34.4552286678,0.494,3823
12.0,1.00063347816,0.00026238837745,1112.05625612,0.0041426926,4.76,34.4552286678,0.494,3823
12.0,1.00071513653,0.000262394809397,1112.11755622,0.0041426926,4.76,34.4552286678,0.494,3823
12.0,1.001709342,0.000262408342678,1112.17885622,0.0041426926,4.76,34.4552286678,0.494,3823
12.0,1.00085353851,0.000262399960775,1112.24015622,0.0041426926,4.76,34.4552286678,0.494,3823
12.0,1.00140285492,0.000262431625742,1112.30145623,0.0041426926,4.76,34.4552286678,0.494,3823
12.0,1.00163674355,0.000262433488388,1112.36275624,0.0041426926,4.76,34.4552286678,0.494,3823
12.0,1.00139594078,0.00026240965235,1112.42405625,0.0041426926,4.76,34.4552286678,0.494,3823
12.0,1.00180149078,0.00026241215528,1112.48535627,0.0041426926,4.76,34.4552286678,0.494,3823
12.0,1.00106024742,0.000262460787781,1112.54665629,0.0041426926,4.76,34.4552286678,0.494,3823
12.0,1.00106108189,0.000262446468696,1112.60795631,0.0041426926,4.76,34.4552286678,0.494,3823
12.0,1.00106287003,0.000262388057308,1112.66925634,0.0041426926,4.76,34.4552286678,0.494,3823
12.0,1.00188350677,0.000262482935796,1112.73055646,0.0041426926,4.76,34.4552286678,0.494,3823
12.0,1.00183463097,0.000262446264969,1112.7918565,0.0041426926,4.76,34.4552286678,0.494,3823
12.0,1.00115990639,0.000262437592028,1112.85315653,0.0041426926,4.76,34.4552286678,0.494,3823
12.0,1.00112140179,0.000262433488388,1112.91445667,0.0041426926,4.76,34.4552286678,0.494,3823
12.0,1.00092053413,0.000262363057118,1112.97575671,0.0041426926,4.76,34.4552286678,0.494,3823
12.0,1.00072240829,0.000262435059994,1113.03705675,0.0041426926,4.76,34.4552286678,0.494,3823
12.0,1.00091707706,0.000262403336819,1113.0983568,0.0041426926,4.76,34.4552286678,0.494,3823
12.0,1.00173568726,0.000262462708633,1113.15965685,0.0041426926,4.76,34.4552286678,0.494,3823
12.0,1.00129652023,0.000262393266894,1113.24139035,0.0041426926,4.76,34.4552286678,0.494,3823
12.0,1.00209438801,0.000262456567725,1113.32312366,0.0041426926,4.76,34.4552286678,0.494,3823
12.0,1.00110757351,0.000262431247393,1113.38442372,0.0041426926,4.76,34.4552286678,0.494,3823
12.0,1.00122320652,0.000262401765212,1113.44572379,0.0041426926,4.76,34.4552286678,0.494,3823
12.0,1.001298666,0.000262445566477,1113.50702395,0.0041426926,4.76,34.4552286678,0.494,3823
12.0,1.00137090683,0.000262440706138,1113.56832402,0.0041426926,4.76,34.4552286678,0.494,3823
12.0,1.00218141079,0.000262434856268,1113.6296242,0.0041426926,4.76,34.4552286678,0.494,3823
12.0,1.00180733204,0.000262375251623,1113.69092427,0.0041426926,4.76,34.4552286678,0.494,3823
12.0,1.0010818243,0.000262420420768,1113.75222435,0.0041426926,4.76,34.4552286678,0.494,3823
12.0,1.00089883804,0.00026242795866,1113.81352443,0.0041426926,4.76,34.4552286678,0.494,3823
12.0,1.00151908398,0.000262474786723,1113.87482452,0.0041426926,4.76,34.4552286678,0.494,3823
12.0,1.00110197067,0.000262472371105,1113.93612461,0.0041426926,4.76,34.4552286678,0.494,3823
12.0,1.00154924393,0.000262453540927,1113.9974247,0.0041426926,4.76,34.4552286678,0.494,3823
12.0,1.00130736828,0.000262458081124,1114.05872489,0.0041426926,4.76,34.4552286678,0.494,3823
12.0,1.0019068718,0.0002624890476,1114.12002499,0.0041426926,4.76,34.4552286678,0.494,3823
12.0,1.00101184845,0.000262388202827,1114.18132509,0.0041426926,4.76,34.4552286678,0.494,3823
12.0,1.0017977953,0.000262423331151,1114.2426252,0.0041426926,4.76,34.4552286678,0.494,3823
12.0,1.00193190575,0.000262450921582,1114.3039253,0.0041426926,4.76,34.4552286678,0.494,3823
12.0,1.00195026398,0.000262460380327,1114.36522541,0.0041426926,4.76,34.4552286678,0.494,3823
12.0,1.00215852261,0.000262415065663,1114.42652553,0.0041426926,4.76,34.4552286678,0.494,3823
12.0,1.00157594681,0.000262423272943,1114.48782564,0.0041426926,4.76,34.4552286678,0.494,3823
12.0,1.00140941143,0.000262482935796,1114.54912586,0.0041426926,4.76,34.4552286678,0.494,3823
12.0,1.0019248724,0.000262481014943,1114.61042598,0.0041426926,4.76,34.4552286678,0.494,3823
12.0,1.00183558464,0.00026251093368,1114.67172611,0.0041426926,4.76,34.4552286678,0.494,3823
12.0,1.00122451782,0.000262479035882,1114.73302624,0.0041426926,4.76,34.4552286678,0.494,3823
12.0,1.00162887573,0.000262455025222,1114.79432647,0.0041426926,4.76,34.4552286678,0.494,3823
12.0,1.00149273872,0.0002624822082,1114.8556266,0.0041426926,4.76,34.4552286678,0.494,3823
12.0,1.00204515457,0.000262501533143,1114.91692674,0.0041426926,4.76,34.4552286678,0.494,3823
12.0,1.00225710869,0.000262489367742,1114.97822688,0.0041426926,4.76,34.4552286678,0.494,3823
12.0,1.00195765495,0.000262470566668,1115.03952703,0.0041426926,4.76,34.4552286678,0.494,3823
12.0,1.00176477432,0.000262480520178,1115.10082717,0.0041426926,4.76,34.4552286678,0.494,3823
12.0,1.00169205666,0.000262493675109,1115.16212732,0.0041426926,4.76,34.4552286678,0.494,3823
12.0,1.00166916847,0.000262504443526,1115.22342757,0.0041426926,4.76,34.4552286678,0.494,3823
12.0,1.00165271759,0.000262399145868,1115.28472773,0.0041426926,4.76,34.4552286678,0.494,3823
12.0,1.00147795677,0.000262395100435,1115.34602789,0.0041426926,4.76,34.4552286678,0.494,3823
12.0,1.00134515762,0.0002623819164,1115.40732805,0.0041426926,4.76,34.4552286678,0.494,3823
12.0,1.00171267986,0.000262465851847,1115.46862822,0.0041426926,4.76,34.4552286678,0.494,3823
12.0,1.00152420998,0.000262363959337,1115.52992839,0.0041426926,4.76,34.4552286678,0.494,3823
12.0,1.00177514553,0.000262422516244,1115.59122856,0.0041426926,4.76,34.4552286678,0.494,3823
12.0,1.00082397461,0.000262324087089,1115.65252873,0.0041426926,4.76,34.4552286678,0.494,3823
12.0,1.00173640251,0.000262390909484,1115.71382891,0.0041426926,4.76,34.4552286678,0.494,3823
12.0,1.0021135807,0.000262397399638,1115.77512919,0.0041426926,4.76,34.4552286678,0.494,3823
12.0,1.0014269352,0.000262369954726,1115.83642937,0.0041426926,4.76,34.4552286678,0.494,3823
12.0,1.00158011913,0.000262372224825,1115.89772956,0.0041426926,4.76,34.4552286678,0.494,3823
12.0,1.00145089626,0.000262396235485,1115.95902985,0.0041426926,4.76,34.4552286678,0.494,3823
12.0,1.00157654285,0.000262361048954,1116.02033004,0.0041426926,4.76,34.4552286678,0.494,3823
12.0,1.00180053711,0.000262378889602,1116.08163024,0.0041426926,4.76,34.4552286678,0.494,3823
12.0,1.00169849396,0.000262409215793,1116.14293044,0.0041426926,4.76,34.4552286678,0.494,3823
12.0,1.0011831522,0.000262389425188,1116.20423064,0.0041426926,4.76,34.4552286678,0.494,3823
12.0,1.00114905834,0.000262155750534,1116.28596435,0.0041426926,4.76,34.4552286678,0.494,3823
12.0,1.00125658512,0.000262372806901,1116.34726456,0.0041426926,4.76,34.4552286678,0.494,3823
12.0,1.00141835213,0.000262424349785,1116.40856477,0.0041426926,4.76,34.4552286678,0.494,3823
12.0,1.00126135349,0.000262379966443,1116.46986499,0.0041426926,4.76,34.4552286678,0.494,3823
12.0,1.00077176094,0.000262355140876,1116.5311652,0.0041426926,4.76,34.4552286678,0.494,3823
12.0,1.00122332573,0.000262336834567,1116.59246543,0.0041426926,4.76,34.4552286678,0.494,3823
12.0,1.00095951557,0.000262348446995,1116.65376565,0.0041426926,4.76,34.4552286678,0.494,3823
12.0,1.00078737736,0.000262439250946,1118.86057641,0.0041426926,4.76,34.4552286678,0.494,3823
12.0,1.00143408775,0.000262471294263,1118.92187675,0.0041426926,4.76,34.4552286678,0.494,3823
12.0,1.00113046169,0.000262353772996,1118.9831771,0.0041426926,4.76,34.4552286678,0.494,3823
12.0,1.00156092644,0.000262449029833,1119.04447744,0.0041426926,4.76,34.4552286678,0.494,3823
12.0,1.00167691708,0.000262452464085,1119.10577789,0.0041426926,4.76,34.4552286678,0.494,3823
12.0,1.00108909607,0.00026237120619,1119.16707824,0.0041426926,4.76,34.4552286678,0.494,3823
12.0,1.0010266304,0.000262444227701,1119.2283786,0.0041426926,4.76,34.4552286678,0.494,3823
12.0,1.00198996067,0.000262454501353,1119.31011241,0.0041426926,4.76,34.4552286678,0.494,3823
12.0,1.00154256821,0.000262433197349,1119.37141277,0.0041426926,4.76,34.4552286678,0.494,3823
12.0,1.00165343285,0.000262394925812,1119.43271314,0.0041426926,4.76,34.4552286678,0.494,3823
12.0,1.00150406361,0.000262452813331,1119.49401361,0.0041426926,4.76,34.4552286678,0.494,3823
12.0,1.00165104866,0.000262475048658,1119.55531398,0.0041426926,4.76,34.4552286678,0.494,3823
12.0,1.00153851509,0.000262435351033,1119.61661445,0.0041426926,4.76,34.4552286678,0.494,3823
12.0,1.001480937,0.000262378627667,1119.67791483,0.0041426926,4.76,34.4552286678,0.494,3823
12.0,1.00153279305,0.000262406188995,1119.73921511,0.0041426926,4.76,34.4552286678,0.494,3823
12.0,1.00132083893,0.000262405257672,1119.8005155,0.0041426926,4.76,34.4552286678,0.494,3823
12.0,1.00146591663,0.000262422079686,1119.86181588,0.0041426926,4.76,34.4552286678,0.494,3823
12.0,1.00156772137,0.000262364657829,1119.92311628,0.0041426926,4.76,34.4552286678,0.494,3823
12.0,1.00149297714,0.000262405344984,1119.98441667,0.0041426926,4.76,34.4552286678,0.494,3823
12.0,1.00155162811,0.000262463814579,1120.04571727,0.0041426926,4.76,34.4552286678,0.494,3823
12.0,1.00144970417,0.000262369954726,1120.10701767,0.0041426926,4.76,34.4552286678,0.494,3823
12.0,1.00178313255,0.000262425048277,1120.16831807,0.0041426926,4.76,34.4552286678,0.494,3823
12.0,1.00226783752,0.000262520799879,1120.22961848,0.0041426926,4.76,34.4552286678,0.494,3823
12.0,1.00153684616,0.00026225738111,1120.29091888,0.0041426926,4.76,34.4552286678,0.494,3823
12.0,1.00183808804,0.000262249755906,1120.3522193,0.0041426926,4.76,34.4552286678,0.494,3823
12.0,1.00211131573,0.000262231711531,1120.41351971,0.0041426926,4.76,34.4552286678,0.494,3823
12.0,1.00134503841,0.00026222638553,1120.47482013,0.0041426926,4.76,34.4552286678,0.494,3823
12.0,1.00177967548,0.000262247980572,1120.53612055,0.0041426926,4.76,34.4552286678,0.494,3823
12.0,1.00151860714,0.000262278976152,1120.59742098,0.0041426926,4.76,34.4552286678,0.494,3823
12.0,1.00171625614,0.000262232933892,1120.65872151,0.0041426926,4.76,34.4552286678,0.494,3823
12.0,1.00166261196,0.000262232701061,1120.72002194,0.0041426926,4.76,34.4552286678,0.494,3823
12.0,1.00160598755,0.0002621820895,1120.78132237,0.0041426926,4.76,34.4552286678,0.494,3823
12.0,1.00169897079,0.000262196001131,1120.84262291,0.0041426926,4.76,34.4552286678,0.494,3823
12.0,1.00195658207,0.000262244575424,1120.90392335,0.0041426926,4.76,34.4552286678,0.494,3823
12.0,1.00169610977,0.000262265064521,1120.96522379,0.0041426926,4.76,34.4552286678,0.494,3823
12.0,1.00249052048,0.000262252317043,1121.02652414,0.0041426926,4.76,34.4552286678,0.494,3823
12.0,1.00187933445,0.000262227404164,1121.08782459,0.0041426926,4.76,34.4552286678,0.494,3823
12.0,1.00207316875,0.00026224157773,1121.14912504,0.0041426926,4.76,34.4552286678,0.494,3823
12.0,1.00210154057,0.000262193236267,1121.2104257,0.0041426926,4.76,34.4552286678,0.494,3823
12.0,1.00224459171,0.000262250599917,1121.27172616,0.0041426926,4.76,34.4552286678,0.494,3823
12.0,1.00130212307,0.000262055400526,1122.29340114,0.0041426926,4.76,34.4552286678,0.494,3823
12.0,1.00115060806,0.000262108806055,1122.35470165,0.0041426926,4.76,34.4552286678,0.494,3823
12.0,1.00073575974,0.000262117158854,1122.41600217,0.0041426926,4.76,34.4552286678,0.494,3823
12.0,1.00152051449,0.000262142973952,1122.47730269,0.0041426926,4.76,34.4552286678,0.494,3823
12.0,1.00183129311,0.000262197718257,1122.53860332,0.0041426926,4.76,34.4552286678,0.494,3823
12.0,1.00233125687,0.000262221263256,1122.59990384,0.0041426926,4.76,34.4552286678,0.494,3823
12.0,1.00083601475,0.000262097571976,1122.66120437,0.0041426926,4.76,34.4552286678,0.494,3823
12.0,1.00136423111,0.000262177549303,1122.72250501,0.0041426926,4.76,34.4552286678,0.494,3823
12.0,1.00133919716,0.000262116547674,1122.78380554,0.0041426926,4.76,34.4552286678,0.494,3823
12.0,1.00156629086,0.000262124434812,1122.84510608,0.0041426926,4.76,34.4552286678,0.494,3823
12.0,1.00153803825,0.000262229354121,1122.90640663,0.0041426926,4.76,34.4552286678,0.494,3823
12.0,1.00131034851,0.000262187153567,1122.96770707,0.0041426926,4.76,34.4552286678,0.494,3823
12.0,1.00061452389,0.00026211689692,1123.02900762,0.0041426926,4.76,34.4552286678,0.494,3823
12.0,1.00088262558,0.000262093759375,1123.09030837,0.0041426926,4.76,34.4552286678,0.494,3823
12.0,1.00165426731,0.000262031855527,1123.15160893,0.0041426926,4.76,34.4552286678,0.494,3823
12.0,1.00135028362,0.000262131536147,1123.21290949,0.0041426926,4.76,34.4552286678,0.494,3823
12.0,1.0011985302,0.000262081419351,1123.27421005,0.0041426926,4.76,34.4552286678,0.494,3823
12.0,1.00155794621,0.000262124434812,1123.33551061,0.0041426926,4.76,34.4552286678,0.494,3823
12.0,1.00142014027,0.000262132787611,1123.39681118,0.0041426926,4.76,34.4552286678,0.494,3823
12.0,1.00081205368,0.000262029876467,1123.45811175,0.0041426926,4.76,34.4552286678,0.494,3823
12.0,1.00158190727,0.000262065732386,1123.51941233,0.0041426926,4.76,34.4552286678,0.494,3823
12.0,1.00144910812,0.000262098707026,1123.60114653,0.0041426926,4.76,34.4552286678,0.494,3823
12.0,1.00125837326,0.00026206302573,1123.66244711,0.0041426926,4.76,34.4552286678,0.494,3823
12.0,1.0015078783,0.000262040208327,1123.72374769,0.0041426926,4.76,34.4552286678,0.494,3823
12.0,1.00112748146,0.000262024783297,1123.78504828,0.0041426926,4.76,34.4552286678,0.494,3823
12.0,1.00131702423,0.000262018293142,1123.84634887,0.0041426926,4.76,34.4552286678,0.494,3823
12.0,1.00137412548,0.000261972250883,1123.90764947,0.0041426926,4.76,34.4552286678,0.494,3823
12.0,1.00141119957,0.00026199768763,1123.96895006,0.0041426926,4.76,34.4552286678,0.494,3823
12.0,1.00061917305,0.00026197778061,1124.03025086,0.0041426926,4.76,34.4552286678,0.494,3823
12.0,1.00101590157,0.000262047018623,1124.09155147,0.0041426926,4.76,34.4552286678,0.494,3823
12.0,1.00093126297,0.000262013374595,1124.15285207,0.0041426926,4.76,34.4552286678,0.494,3823
12.0,1.0012652874,0.000262022105744,1124.21415268,0.0041426926,4.76,34.4552286678,0.494,3823
12.0,1.00117063522,0.00026200877619,1124.2754532,0.0041426926,4.76,34.4552286678,0.494,3823
12.0,1.00084733963,0.000261944398517,1124.33675381,0.0041426926,4.76,34.4552286678,0.494,3823
12.0,1.00071036816,0.000261991808657,1124.39805443,0.0041426926,4.76,34.4552286678,0.494,3823
12.0,1.00068986416,0.000261922512436,1124.45935515,0.0041426926,4.76,34.4552286678,0.494,3823
12.0,1.00127911568,0.000262003217358,1124.52065578,0.0041426926,4.76,34.4552286678,0.494,3823
12.0,1.00218546391,0.000262047076831,1124.58195651,0.0041426926,4.76,34.4552286678,0.494,3823
12.0,1.00163257122,0.000261943525402,1124.64325714,0.0041426926,4.76,34.4552286678,0.494,3823
12.0,1.00144767761,0.000261984416284,1124.70455777,0.0041426926,4.76,34.4552286678,0.494,3823
12.0,1.00087141991,0.000261910492554,1124.76585841,0.0041426926,4.76,34.4552286678,0.494,3823
12.0,1.00104510784,0.000261944980593,1124.82715905,0.0041426926,4.76,34.4552286678,0.494,3823
12.0,1.00113391876,0.000261991546722,1124.88845969,0.0041426926,4.76,34.4552286678,0.494,3823
12.0,1.00104594231,0.00026185286697,1124.94976034,0.0041426926,4.76,34.4552286678,0.494,3823
12.0,1.00137710571,0.000261930719716,1125.01106099,0.0041426926,4.76,34.4552286678,0.494,3823
12.0,1.00067722797,0.000261781126028,1125.07236165,0.0041426926,4.76,34.4552286678,0.494,3823
12.0,1.00074088573,0.00026178182452,1125.1336624,0.0041426926,4.76,34.4552286678,0.494,3823
12.0,1.00035345554,0.000261751818471,1125.19496306,0.0041426926,4.76,34.4552286678,0.494,3823
12.0,1.00029158592,0.000261759530986,1125.27669728,0.0041426926,4.76,34.4552286678,0.494,3823
12.0,1.00011754036,0.00026175842504,1125.33799795,0.0041426926,4.76,34.4552286678,0.494,3823
12.0,1.00147080421,0.000261791108642,1125.39929862,0.0041426926,4.76,34.4552286678,0.494,3823
12.0,1.00083577633,0.000261711829808,1125.46059929,0.0041426926,4.76,34.4552286678,0.494,3823
12.0,1.00090384483,0.00026177012478,1125.52190007,0.0041426926,4.76,34.4552286678,0.494,3823
12.0,1.00120925903,0.00026177323889,1125.58320075,0.0041426926,4.76,34.4552286678,0.494,3823
12.0,1.0005030632,0.000261729379417,1125.64450143,0.0041426926,4.76,34.4552286678,0.494,3823
12.0,0.999979972839,0.00026169908233,1125.70580211,0.0041426926,4.76,34.4552286678,0.494,3823
12.0,1.00034141541,0.000261713692453,1125.7671029,0.0041426926,4.76,34.4552286678,0.494,3823
12.0,1.00100708008,0.000261751905782,1125.8284036,0.0041426926,4.76,34.4552286678,0.494,3823
12.0,1.00066113472,0.000261683249846,1125.88970429,0.0041426926,4.76,34.4552286678,0.494,3823
12.0,0.999842822552,0.000261625478743,1126.68661392,0.0041426926,4.76,34.4552286678,0.494,3823
12.0,0.999712884426,0.000261392851826,1126.74791455,0.0041426926,4.76,34.4552286678,0.494,3823
12.0,0.999371469021,0.00026113781496,1126.8092153,0.0041426926,4.76,34.4552286678,0.494,3823
12.0,0.999134302139,0.000260953907855,1126.87051604,0.0041426926,4.76,34.4552286678,0.494,3823
12.0,0.999049544334,0.000260785775026,1126.93181689,0.0041426926,4.76,34.4552286678,0.494,3823
12.0,0.999331653118,0.000260736182099,1126.99311764,0.0041426926,4.76,34.4552286678,0.494,3823
12.0,0.999075889587,0.000260687549599,1127.0544184,0.0041426926,4.76,34.4552286678,0.494,3823
12.0,0.99954199791,0.000260775181232,1127.11571915,0.0041426926,4.76,34.4552286678,0.494,3823
12.0,0.999212443829,0.000260765926214,1127.17701992,0.0041426926,4.76,34.4552286678,0.494,3823
12.0,0.998705208302,0.000260781584075,1127.23832078,0.0041426926,4.76,34.4552286678,0.494,3823
12.0,0.99886983633,0.000260836590314,1127.29962155,0.0041426926,4.76,34.4552286678,0.494,3823
12.0,0.999191701412,0.00026097218506,1127.36092232,0.0041426926,4.76,34.4552286678,0.494,3823
12.0,0.998703360558,0.000260958797298,1127.42222309,0.0041426926,4.76,34.4552286678,0.494,3823
12.0,0.999259889126,0.000261113018496,1127.48352387,0.0041426926,4.76,34.4552286678,0.494,3823
12.0,0.999306023121,0.000261188397417,1127.54482465,0.0041426926,4.76,34.4552286678,0.494,3823
12.0,0.999350011349,0.000261245033471,1127.60612543,0.0041426926,4.76,34.4552286678,0.494,3823
12.0,0.998562812805,0.000261226610746,1127.66742622,0.0041426926,4.76,34.4552286678,0.494,3823
12.0,0.999523162842,0.000261299923295,1127.72872701,0.0041426926,4.76,34.4552286678,0.494,3823
12.0,0.999338150024,0.000261360051809,1127.790028,0.0041426926,4.76,34.4552286678,0.494,3823
12.0,0.998523294926,0.000261325330939,1127.85132879,0.0041426926,4.76,34.4552286678,0.494,3823
12.0,0.998974204063,0.000261400011368,1127.91262959,0.0041426926,4.76,34.4552286678,0.494,3823
12.0,0.999274194241,0.000261380511802,1127.97393039,0.0041426926,4.76,34.4552286678,0.494,3823
12.0,0.999500215054,0.000261424080236,1128.0352312,0.0041426926,4.76,34.4552286678,0.494,3823
12.0,1.00040245056,0.000261496985331,1128.09653201,0.0041426926,4.76,34.4552286678,0.494,3823
12.0,1.00073444843,0.00026159879053,1128.15783282,0.0041426926,4.76,34.4552286678,0.494,3823
12.0,0.998749315739,0.000261423643678,1128.21913363,0.0041426926,4.76,34.4552286678,0.494,3823
12.0,0.999784648418,0.00026148406323,1128.28043445,0.0041426926,4.76,34.4552286678,0.494,3823
12.0,0.999981284142,0.000261510693235,1128.34173527,0.0041426926,4.76,34.4552286678,0.494,3823
12.0,0.999763786793,0.000261450710241,1128.40303619,0.0041426926,4.76,34.4552286678,0.494,3823
12.0,0.999933242798,0.000261499284534,1128.46433702,0.0041426926,4.76,34.4552286678,0.494,3823
12.0,1.00030755997,0.00026151331258,1128.52563785,0.0041426926,4.76,34.4552286678,0.494,3823
12.0,1.00006866455,0.000261452078121,1128.58693868,0.0041426926,4.76,34.4552286678,0.494,3823
12.0,1.00003790855,0.000261449895333,1128.64823952,0.0041426926,4.76,34.4552286678,0.494,3823
12.0,0.999651014805,0.000261431850959,1128.70954036,0.0041426926,4.76,34.4552286678,0.494,3823
12.0,0.999780714512,0.000261470268015,1128.7708412,0.0041426926,4.76,34.4552286678,0.494,3823
12.0,0.999804913998,0.000261491601123,1128.83214205,0.0041426926,4.76,34.4552286678,0.494,3823
12.0,0.999648034573,0.00026148269535,1128.8934429,0.0041426926,4.76,34.4552286678,0.494,3823
12.0,1.00014925003,0.000261472363491,1128.97517747,0.0041426926,4.76,34.4552286678,0.494,3823
12.0,0.999578297138,0.000261450128164,1129.03647832,0.0041426926,4.76,34.4552286678,0.494,3823
12.0,1.00016975403,0.000261469685938,1129.09777918,0.0041426926,4.76,34.4552286678,0.494,3823
12.0,0.999765396118,0.000261408393271,1129.15908004,0.0041426926,4.76,34.4552286678,0.494,3823
12.0,0.99998062849,0.000261485984083,1129.22038091,0.0041426926,4.76,34.4552286678,0.494,3823
12.0,0.999855935574,0.000261467066593,1129.28168188,0.0041426926,4.76,34.4552286678,0.494,3823
12.0,0.99995714426,0.000261438719463,1129.34298275,0.0041426926,4.76,34.4552286678,0.494,3823
12.0,1.00045013428,0.000261465815129,1129.40428362,0.0041426926,4.76,34.4552286678,0.494,3823
12.0,1.00039744377,0.000261435285211,1129.4655845,0.0041426926,4.76,34.4552286678,0.494,3823
12.0,1.00001442432,0.000261423119809,1129.52688548,0.0041426926,4.76,34.4552286678,0.494,3823
12.0,1.00021731853,0.000261465989752,1129.58818637,0.0041426926,4.76,34.4552286678,0.494,3823
12.0,0.999625980854,0.000261398876319,1129.64948725,0.0041426926,4.76,34.4552286678,0.494,3823
12.0,0.999917685986,0.000261392939137,1129.71078815,0.0041426926,4.76,34.4552286678,0.494,3823
12.0,1.00020194054,0.000261426350335,1129.77208904,0.0041426926,4.76,34.4552286678,0.494,3823
12.0,0.999653100967,0.000261400913587,1129.83338994,0.0041426926,4.76,34.4552286678,0.494,3823
12.0,0.999827742577,0.000261394045083,1129.89469094,0.0041426926,4.76,34.4552286678,0.494,3823
12.0,0.999834775925,0.000261371809756,1129.95599184,0.0041426926,4.76,34.4552286678,0.494,3823
12.0,1.00037670135,0.000261552573647,1130.01729274,0.0041426926,4.76,34.4552286678,0.494,3823
12.0,1.00021898746,0.000261504203081,1130.09902729,0.0041426926,4.76,34.4552286678,0.494,3823
12.0,1.00057339668,0.000261643755948,1130.1603282,0.0041426926,4.76,34.4552286678,0.494,3823
12.0,1.00028443336,0.000261572247837,1130.22162912,0.0041426926,4.76,34.4552286678,0.494,3823
12.0,0.999910473824,0.000261535606114,1130.28293014,0.0041426926,4.76,34.4552286678,0.494,3823
12.0,1.0007609129,0.000261605950072,1130.34423106,0.0041426926,4.76,34.4552286678,0.494,3823
12.0,1.00018155575,0.000261618959485,1130.40553199,0.0041426926,4.76,34.4552286678,0.494,3823
12.0,1.00085413456,0.000261623586994,1130.46683292,0.0041426926,4.76,34.4552286678,0.494,3823
12.0,1.00122559071,0.000261540146312,1130.52813385,0.0041426926,4.76,34.4552286678,0.494,3823
12.0,1.00081586838,0.000261415727437,1130.58943488,0.0041426926,4.76,34.4552286678,0.494,3823
12.0,1.00065290928,0.000261386390775,1130.65073582,0.0041426926,4.76,34.4552286678,0.494,3823
12.0,1.00052034855,0.000261388428044,1130.71203666,0.0041426926,4.76,34.4552286678,0.494,3823
12.0,1.00102591515,0.000261392531684,1130.77333761,0.0041426926,4.76,34.4552286678,0.494,3823
12.0,1.00064337254,0.00026141438866,1130.83463876,0.0041426926,4.76,34.4552286678,0.494,3823
12.0,1.00015342236,0.000261369335931,1130.89593971,0.0041426926,4.76,34.4552286678,0.494,3823
12.0,1.00020122528,0.000261386565398,1130.95724066,0.0041426926,4.76,34.4552286678,0.494,3823
12.0,1.00068771839,0.000261346343905,1131.01854162,0.0041426926,4.76,34.4552286678,0.494,3823
12.0,1.00034022331,0.000261328503257,1131.07984258,0.0041426926,4.76,34.4552286678,0.494,3823
12.0,1.00038731098,0.000261362059973,1131.14114354,0.0041426926,4.76,34.4552286678,0.494,3823
12.0,1.00032103062,0.000261347333435,1131.20244451,0.0041426926,4.76,34.4552286678,0.494,3823
12.0,1.00037193298,0.00026132556377,1131.26374548,0.0041426926,4.76,34.4552286678,0.494,3823
12.0,1.00054979324,0.000261290522758,1131.32504645,0.0041426926,4.76,34.4552286678,0.494,3823
12.0,1.00027740002,0.000261312787188,1131.38634753,0.0041426926,4.76,34.4552286678,0.494,3823
12.0,1.00067353249,0.000261283712462,1131.4476485,0.0041426926,4.76,34.4552286678,0.494,3823
12.0,1.0008251667,0.000261307548499,1131.50894949,0.0041426926,4.76,34.4552286678,0.494,3823
12.0,1.00101041794,0.000261290144408,1131.57025047,0.0041426926,4.76,34.4552286678,0.494,3823
12.0,1.00066149235,0.000261307985056,1131.63155146,0.0041426926,4.76,34.4552286678,0.494,3823
12.0,1.00042390823,0.000261287583271,1131.69285245,0.0041426926,4.76,34.4552286678,0.494,3823
12.0,1.00089645386,0.00026127367164,1131.75415345,0.0041426926,4.76,34.4552286678,0.494,3823
12.0,1.00089693069,0.000261267938185,1131.81545454,0.0041426926,4.76,34.4552286678,0.494,3823
12.0,1.00117337704,0.000261320790742,1131.87675554,0.0041426926,4.76,34.4552286678,0.494,3823
12.0,1.00061166286,0.000261247449089,1131.95849022,0.0041426926,4.76,34.4552286678,0.494,3823
12.0,1.0008392334,0.000261276261881,1132.01979122,0.0041426926,4.76,34.4552286678,0.494,3823
12.0,1.00093233585,0.000261299166596,1132.08109223,0.0041426926,4.76,34.4552286678,0.494,3823
12.0,1.00091028214,0.000261273089563,1132.14239325,0.0041426926,4.76,34.4552286678,0.494,3823
12.0,1.00166797638,0.000261288398178,1132.20369427,0.0041426926,4.76,34.4552286678,0.494,3823
12.0,1.00121545792,0.000261253851932,1132.26499529,0.0041426926,4.76,34.4552286678,0.494,3823
12.0,1.00106215477,0.000261243258137,1132.32629651,0.0041426926,4.76,34.4552286678,0.494,3823
12.0,1.00144338608,0.000261284789303,1132.38759754,0.0041426926,4.76,34.4552286678,0.494,3823
12.0,1.00050330162,0.000261206499999,1132.44889857,0.0041426926,4.76,34.4552286678,0.494,3823
12.0,1.00096952915,0.000261267559836,1132.5101996,0.0041426926,4.76,34.4552286678,0.494,3823
12.0,1.0008443594,0.000261238164967,1132.57150063,0.0041426926,4.76,34.4552286678,0.494,3823
12.0,1.00107562542,0.000261239969404,1132.63280167,0.0041426926,4.76,34.4552286678,0.494,3823
12.0,1.00105309486,0.000261208973825,1132.69410272,0.0041426926,4.76,34.4552286678,0.494,3823
12.0,1.00077903271,0.000261234439677,1132.75540376,0.0041426926,4.76,34.4552286678,0.494,3823
12.0,1.00083887577,0.00026121022529,1132.81670481,0.0041426926,4.76,34.4552286678,0.494,3823
12.0,1.00086402893,0.000261240638793,1132.87800596,0.0041426926,4.76,34.4552286678,0.494,3823
12.0,1.00110781193,0.00026124381111,1132.93930701,0.0041426926,4.76,34.4552286678,0.494,3823
12.0,1.00112903118,0.000261225126451,1133.00060807,0.0041426926,4.76,34.4552286678,0.494,3823
12.0,1.00100421906,0.000261158565991,1133.06190913,0.0041426926,4.76,34.4552286678,0.494,3823
12.0,1.00110065937,0.000261214532657,1133.1232102,0.0041426926,4.76,34.4552286678,0.494,3823
12.0,1.00154089928,0.000261228240561,1133.18451126,0.0041426926,4.76,34.4552286678,0.494,3823
12.0,1.00096714497,0.000261190143647,1133.24581233,0.0041426926,4.76,34.4552286678,0.494,3823
12.0,1.00040876865,0.000261116976617,1133.30711341,0.0041426926,4.76,34.4552286678,0.494,3823
12.0,1.0008661747,0.00026115323999,1133.36841448,0.0041426926,4.76,34.4552286678,0.494,3823
12.0,1.00092363358,0.000261117093032,1133.42971576,0.0041426926,4.76,34.4552286678,0.494,3823
12.0,1.00018823147,0.000261116510956,1133.49101684,0.0041426926,4.76,34.4552286678,0.494,3823
12.0,1.00070595741,0.000261105335085,1133.55231793,0.0041426926,4.76,34.4552286678,0.494,3823
12.0,1.00029671192,0.00026113493368,1133.61361902,0.0041426926,4.76,34.4552286678,0.494,3823
12.0,1.00035488605,0.000261052016867,1133.67492011,0.0041426926,4.76,34.4552286678,0.494,3823
12.0,1.00074934959,0.000261056789896,1133.73622121,0.0041426926,4.76,34.4552286678,0.494,3823
12.0,1.00035095215,0.000261090724962,1133.7975223,0.0041426926,4.76,34.4552286678,0.494,3823
12.0,1.00022912025,0.000261115288595,1133.8588234,0.0041426926,4.76,34.4552286678,0.494,3823
12.0,1.00072348118,0.000261120789219,1133.92012451,0.0041426926,4.76,34.4552286678,0.494,3823
12.0,1.00095200539,0.000261173961917,1133.98142572,0.0041426926,4.76,34.4552286678,0.494,3823
12.0,1.00069665909,0.000261052045971,1134.06316053,0.0041426926,4.76,34.4552286678,0.494,3823
12.0,1.00117611885,0.000261121662334,1134.12446164,0.0041426926,4.76,34.4552286678,0.494,3823
12.0,1.00051879883,0.000261045817751,1134.18576276,0.0041426926,4.76,34.4552286678,0.494,3823
12.0,1.0003080368,0.00026100379182,1134.24706388,0.0041426926,4.76,34.4552286678,0.494,3823
12.0,1.00073039532,0.000261085602688,1134.30836501,0.0041426926,4.76,34.4552286678,0.494,3823
12.0,1.00075030327,0.000261078850599,1134.36966623,0.0041426926,4.76,34.4552286678,0.494,3823
12.0,1.00037884712,0.000261024193605,1134.43096736,0.0041426926,4.76,34.4552286678,0.494,3823
12.0,1.00065863132,0.000260984408669,1134.4922685,0.0041426926,4.76,34.4552286678,0.494,3823
12.0,1.00058448315,0.000260989065282,1134.55356963,0.0041426926,4.76,34.4552286678,0.494,3823
12.0,1.00036621094,0.00026103167329,1134.61487077,0.0041426926,4.76,34.4552286678,0.494,3823
12.0,1.00014030933,0.00026095614885,1134.67617191,0.0041426926,4.76,34.4552286678,0.494,3823
12.0,1.00022828579,0.000260941131273,1134.73747306,0.0041426926,4.76,34.4552286678,0.494,3823
12.0,1.00087940693,0.000260962406173,1134.79877421,0.0041426926,4.76,34.4552286678,0.494,3823
12.0,1.00056302547,0.000260977452854,1134.86007546,0.0041426926,4.76,34.4552286678,0.494,3823
12.0,1.00031518936,0.000260896806139,1134.94181033,0.0041426926,4.76,34.4552286678,0.494,3823
12.0,1.00040364265,0.000260935776168,1135.00311159,0.0041426926,4.76,34.4552286678,0.494,3823
12.0,1.00045979023,0.000260943372268,1135.06441275,0.0041426926,4.76,34.4552286678,0.494,3823
12.0,1.0001039505,0.00026093586348,1135.12571382,0.0041426926,4.76,34.4552286678,0.494,3823
12.0,0.999999165535,0.000260894623352,1135.20744881,0.0041426926,4.76,34.4552286678,0.494,3823
12.0,0.999513506889,0.000260871747741,1135.26874998,0.0041426926,4.76,34.4552286678,0.494,3823
12.0,0.999792397022,0.000260882137809,1135.33005116,0.0041426926,4.76,34.4552286678,0.494,3823
12.0,0.99987745285,0.0002608995419,1135.39135233,0.0041426926,4.76,34.4552286678,0.494,3823
12.0,0.999702632427,0.000260843109572,1135.45265352,0.0041426926,4.76,34.4552286678,0.494,3823
12.0,1.00033330917,0.000260859320406,1135.5139547,0.0041426926,4.76,34.4552286678,0.494,3823
12.0,1.00001692772,0.000260854983935,1135.57525599,0.0041426926,4.76,34.4552286678,0.494,3823
12.0,0.999567568302,0.00026082401746,1135.63655728,0.0041426926,4.76,34.4552286678,0.494,3823
12.0,0.999736726284,0.00026079575764,1135.69785847,0.0041426926,4.76,34.4552286678,0.494,3823
12.0,0.999244272709,0.000260738859652,1135.75915967,0.0041426926,4.76,34.4552286678,0.494,3823
12.0,0.999798178673,0.000260826462181,1135.82046087,0.0041426926,4.76,34.4552286678,0.494,3823
12.0,0.999863088131,0.000260790577158,1135.88176207,0.0041426926,4.76,34.4552286678,0.494,3823
12.0,0.99938583374,0.00026076802169,1135.94306328,0.0041426926,4.76,34.4552286678,0.494,3823
12.0,0.999826192856,0.000260722503299,1136.00436449,0.0041426926,4.76,34.4552286678,0.494,3823
12.0,0.999410688877,0.000260734115727,1136.0656657,0.0041426926,4.76,34.4552286678,0.494,3823
12.0,1.00044000149,0.00026078693918,1136.12696691,0.0041426926,4.76,34.4552286678,0.494,3823
12.0,0.999641954899,0.000260710192379,1136.18826823,0.0041426926,4.76,34.4552286678,0.494,3823
12.0,0.999495625496,0.000260759377852,1136.24956945,0.0041426926,4.76,34.4552286678,0.494,3823
12.0,0.999046564102,0.000260677741608,1136.31087068,0.0041426926,4.76,34.4552286678,0.494,3823
12.0,0.998990833759,0.00026068079751,1136.3721719,0.0041426926,4.76,34.4552286678,0.494,3823
12.0,0.999154090881,0.00026071301545,1136.43347314,0.0041426926,4.76,34.4552286678,0.494,3823
12.0,0.999039649963,0.000260695087491,1136.49477437,0.0041426926,4.76,34.4552286678,0.494,3823
12.0,0.999206721783,0.000260694709141,1136.55607561,0.0041426926,4.76,34.4552286678,0.494,3823
12.0,0.998010993004,0.000260578235611,1136.61737685,0.0041426926,4.76,34.4552286678,0.494,3823
12.0,0.999348163605,0.000260665721726,1136.67867809,0.0041426926,4.76,34.4552286678,0.494,3823
12.0,0.999272763729,0.000260647560935,1136.73997953,0.0041426926,4.76,34.4552286678,0.494,3823
12.0,0.99892526865,0.000260644213995,1136.80128078,0.0041426926,4.76,34.4552286678,0.494,3823
12.0,0.998930454254,0.000260622618953,1136.86258203,0.0041426926,4.76,34.4552286678,0.494,3823
12.0,0.998816311359,0.000260559900198,1136.92388329,0.0041426926,4.76,34.4552286678,0.494,3823
12.0,0.998817205429,0.000260586006334,1136.98518455,0.0041426926,4.76,34.4552286678,0.494,3823
12.0,0.998548567295,0.000260568864178,1137.04648581,0.0041426926,4.76,34.4552286678,0.494,3823
12.0,0.999159872532,0.000260640372289,1137.10778707,0.0041426926,4.76,34.4552286678,0.494,3823
12.0,0.998832881451,0.000260565051576,1137.16908834,0.0041426926,4.76,34.4552286678,0.494,3823
12.0,0.998651564121,0.000260569591774,1137.23038961,0.0041426926,4.76,34.4552286678,0.494,3823
12.0,0.999023258686,0.000260545348283,1137.29169098,0.0041426926,4.76,34.4552286678,0.494,3823
12.0,0.999117851257,0.000260563538177,1137.35299226,0.0041426926,4.76,34.4552286678,0.494,3823
12.0,0.998803317547,0.000260562665062,1137.41429354,0.0041426926,4.76,34.4552286678,0.494,3823
12.0,0.998954057693,0.000260523636825,1137.47559482,0.0041426926,4.76,34.4552286678,0.494,3823
12.0,0.999031662941,0.000260552478721,1137.53689621,0.0041426926,4.76,34.4552286678,0.494,3823
12.0,0.998812317848,0.000260525092017,1137.5981975,0.0041426926,4.76,34.4552286678,0.494,3823
12.0,0.998881816864,0.000260558939772,1137.65949879,0.0041426926,4.76,34.4552286678,0.494,3823
12.0,0.998329341412,0.000260440749116,1137.72079998,0.0041426926,4.76,34.4552286678,0.494,3823
12.0,0.998908638954,0.000260535656707,1137.78210128,0.0041426926,4.76,34.4552286678,0.494,3823
12.0,0.999182164669,0.000260503060417,1137.84340278,0.0041426926,4.76,34.4552286678,0.494,3823
12.0,0.998902916908,0.000260506174527,1137.92513776,0.0041426926,4.76,34.4552286678,0.494,3823
12.0,0.998952925205,0.000260484201135,1137.98643906,0.0041426926,4.76,34.4552286678,0.494,3823
12.0,0.999006330967,0.000260479835561,1138.04774047,0.0041426926,4.76,34.4552286678,0.494,3823
12.0,0.998277902603,0.000260400935076,1138.10904179,0.0041426926,4.76,34.4552286678,0.494,3823
12.0,0.998407959938,0.000260464585153,1138.17034321,0.0041426926,4.76,34.4552286678,0.494,3823
12.0,0.99896466732,0.000260446919128,1138.23164453,0.0041426926,4.76,34.4552286678,0.494,3823
12.0,0.999191999435,0.000260471744696,1138.29294585,0.0041426926,4.76,34.4552286678,0.494,3823
12.0,0.998694002628,0.000260424101725,1138.35424718,0.0041426926,4.76,34.4552286678,0.494,3823
12.0,0.998992919922,0.000260455883108,1138.41554851,0.0041426926,4.76,34.4552286678,0.494,3823
12.0,0.998262703419,0.00026039313525,1138.47684984,0.0041426926,4.76,34.4552286678,0.494,3823
12.0,0.998603761196,0.000260443950538,1138.53815117,0.0041426926,4.76,34.4552286678,0.494,3823
12.0,0.998637497425,0.000260459055426,1138.59945251,0.0041426926,4.76,34.4552286678,0.494,3823
12.0,0.998868107796,0.000260467320913,1138.66075385,0.0041426926,4.76,34.4552286678,0.494,3823
12.0,0.998724400997,0.000260440108832,1138.7220553,0.0041426926,4.76,34.4552286678,0.494,3823
12.0,0.998700320721,0.000260429282207,1138.78335665,0.0041426926,4.76,34.4552286678,0.494,3823
12.0,0.99842184782,0.000260394299403,1138.844658,0.0041426926,4.76,34.4552286678,0.494,3823
12.0,0.998642504215,0.000260415050434,1138.90595935,0.0041426926,4.76,34.4552286678,0.494,3823
12.0,0.998481333256,0.000260357512161,1138.96726071,0.0041426926,4.76,34.4552286678,0.494,3823
12.0,0.998721599579,0.000260333879851,1139.02856207,0.0041426926,4.76,34.4552286678,0.494,3823
12.0,0.998441874981,0.000260303349933,1139.08986343,0.0041426926,4.76,34.4552286678,0.494,3823
12.0,0.999373853207,0.000260444183368,1139.1511648,0.0041426926,4.76,34.4552286678,0.494,3823
12.0,0.998738050461,0.000260344182607,1139.21246616,0.0041426926,4.76,34.4552286678,0.494,3823
12.0,0.999851047993,0.000260400818661,1139.27376774,0.0041426926,4.76,34.4552286678,0.494,3823
12.0,0.999115467072,0.000260349304881,1139.33506911,0.0041426926,4.76,34.4552286678,0.494,3823
12.0,0.998782813549,0.000260355503997,1139.39637049,0.0041426926,4.76,34.4552286678,0.494,3823
12.0,0.999052464962,0.000260342872934,1139.45767187,0.0041426926,4.76,34.4552286678,0.494,3823
12.0,0.998360574245,0.000260156957665,1139.51897325,0.0041426926,4.76,34.4552286678,0.494,3823
12.0,0.998646199703,0.000260144734057,1139.58027464,0.0041426926,4.76,34.4552286678,0.494,3823
12.0,0.998637020588,0.000260129745584,1139.64157603,0.0041426926,4.76,34.4552286678,0.494,3823
12.0,0.9987590909,0.000260130414972,1139.70287742,0.0041426926,4.76,34.4552286678,0.494,3823
12.0,0.998725354671,0.000260152097326,1139.76417882,0.0041426926,4.76,34.4552286678,0.494,3823
12.0,0.998232007027,0.000260101020103,1139.82548032,0.0041426926,4.76,34.4552286678,0.494,3823
12.0,0.998610079288,0.000260103261098,1139.88678172,0.0041426926,4.76,34.4552286678,0.494,3823
12.0,0.99925917387,0.000260128028458,1139.94808313,0.0041426926,4.76,34.4552286678,0.494,3823
12.0,0.998019278049,0.000260064640315,1140.00938454,0.0041426926,4.76,34.4552286678,0.494,3823
12.0,0.999217450619,0.000260146160144,1140.07068605,0.0041426926,4.76,34.4552286678,0.494,3823
12.0,0.998850941658,0.000260072178207,1140.13198746,0.0041426926,4.76,34.4552286678,0.494,3823
12.0,0.998727381229,0.000260101543972,1140.19328878,0.0041426926,4.76,34.4552286678,0.494,3823
12.0,0.998108923435,0.00026000305661,1140.2545903,0.0041426926,4.76,34.4552286678,0.494,3823
12.0,0.998925864697,0.000260087283095,1140.31589162,0.0041426926,4.76,34.4552286678,0.494,3823
12.0,0.998575985432,0.000260092318058,1140.37719325,0.0041426926,4.76,34.4552286678,0.494,3823
12.0,0.999228537083,0.000260059401626,1140.43849508,0.0041426926,4.76,34.4552286678,0.494,3823
12.0,0.999233305454,0.000260081083979,1140.49979651,0.0041426926,4.76,34.4552286678,0.494,3823
12.0,0.999153673649,0.000260035216343,1140.56109785,0.0041426926,4.76,34.4552286678,0.494,3823
12.0,1.00049936771,0.000260132976109,1140.62239928,0.0041426926,4.76,34.4552286678,0.494,3823
12.0,0.999139845371,0.000260042579612,1140.68370083,0.0041426926,4.76,34.4552286678,0.494,3823
12.0,0.999258339405,0.000260050728684,1140.74500227,0.0041426926,4.76,34.4552286678,0.494,3823
12.0,0.998812496662,0.000260024477029,1140.80630372,0.0041426926,4.76,34.4552286678,0.494,3823
12.0,0.998522341251,0.000259987195022,1140.88803909,0.0041426926,4.76,34.4552286678,0.494,3823
12.0,0.998948991299,0.000260046508629,1140.94934054,0.0041426926,4.76,34.4552286678,0.494,3823
12.0,0.999182641506,0.000260030326899,1141.010642,0.0041426926,4.76,34.4552286678,0.494,3823
12.0,0.999116420746,0.000260046188487,1141.07194346,0.0041426926,4.76,34.4552286678,0.494,3823
12.0,0.998999238014,0.00025999970967,1141.13324492,0.0041426926,4.76,34.4552286678,0.494,3823
12.0,0.999163925648,0.000260013912339,1141.19454639,0.0041426926,4.76,34.4552286678,0.494,3823
12.0,0.998945713043,0.000259992782958,1141.25584796,0.0041426926,4.76,34.4552286678,0.494,3823
12.0,0.999389529228,0.000260036264081,1141.31714943,0.0041426926,4.76,34.4552286678,0.494,3823
12.0,0.9992877841,0.000259997555986,1141.37845091,0.0041426926,4.76,34.4552286678,0.494,3823
12.0,0.999195575714,0.00026011915179,1141.43975238,0.0041426926,4.76,34.4552286678,0.494,3823
12.0,0.999701797962,0.000260186934611,1141.50105387,0.0041426926,4.76,34.4552286678,0.494,3823
12.0,0.998867630959,0.000260119006271,1141.56235535,0.0041426926,4.76,34.4552286678,0.494,3823
12.0,0.999407231808,0.000260148110101,1141.62365684,0.0041426926,4.76,34.4552286678,0.494,3823
12.0,0.999655783176,0.000260144443018,1141.68495833,0.0041426926,4.76,34.4552286678,0.494,3823
12.0,0.999704241753,0.000260164175415,1141.74625982,0.0041426926,4.76,34.4552286678,0.494,3823
12.0,0.998942673206,0.000260102708125,1141.80756152,0.0041426926,4.76,34.4552286678,0.494,3823
12.0,0.999223530293,0.000260109023657,1141.86886292,0.0041426926,4.76,34.4552286678,0.494,3823
12.0,0.999874532223,0.000260118045844,1141.93016442,0.0041426926,4.76,34.4552286678,0.494,3823
12.0,0.999811470509,0.000260057626292,1141.99146593,0.0041426926,4.76,34.4552286678,0.494,3823
12.0,0.999695301056,0.000260087341303,1142.05276754,0.0041426926,4.76,34.4552286678,0.494,3823
12.0,0.999990463257,0.000260128901573,1142.11406905,0.0041426926,4.76,34.4552286678,0.494,3823
12.0,0.999758660793,0.000260077620624,1142.17537056,0.0041426926,4.76,34.4552286678,0.494,3823
12.0,0.99968111515,0.000260043598246,1142.23667208,0.0041426926,4.76,34.4552286678,0.494,3823
12.0,0.999221324921,0.000260040280409,1142.2979736,0.0041426926,4.76,34.4552286678,0.494,3823
12.0,0.999669194221,0.000260081025772,1142.35927522,0.0041426926,4.76,34.4552286678,0.494,3823
12.0,0.999343752861,0.000260025466559,1142.42057675,0.0041426926,4.76,34.4552286678,0.494,3823
12.0,0.999382078648,0.000260039261775,1142.48187828,0.0041426926,4.76,34.4552286678,0.494,3823
12.0,0.999858438969,0.000260033761151,1142.54317981,0.0041426926,4.76,34.4552286678,0.494,3823
12.0,0.999448418617,0.0002599786676,1142.60448135,0.0041426926,4.76,34.4552286678,0.494,3823
12.0,0.999840140343,0.000260031141806,1142.66578288,0.0041426926,4.76,34.4552286678,0.494,3823
12.0,1.00000023842,0.000260007247562,1142.72708443,0.0041426926,4.76,34.4552286678,0.494,3823
12.0,1.00014925003,0.000260031607468,1142.78838597,0.0041426926,4.76,34.4552286678,0.494,3823
12.0,0.999973475933,0.000260033033555,1142.84968772,0.0041426926,4.76,34.4552286678,0.494,3823
12.0,0.999941289425,0.000259993947111,1142.91098927,0.0041426926,4.76,34.4552286678,0.494,3823
12.0,1.00022649765,0.000260006956523,1142.97229082,0.0041426926,4.76,34.4552286678,0.494,3823
12.0,1.00043547153,0.000260020344285,1143.03359238,0.0041426926,4.76,34.4552286678,0.494,3823
12.0,1.00033962727,0.00025997008197,1143.09489394,0.0041426926,4.76,34.4552286678,0.494,3823
12.0,1.00035023689,0.000259987835307,1143.1561955,0.0041426926,4.76,34.4552286678,0.494,3823
12.0,1.00025689602,0.000259995955275,1143.21749706,0.0041426926,4.76,34.4552286678,0.494,3823
12.0,1.00077104568,0.000260007102042,1143.27879863,0.0041426926,4.76,34.4552286678,0.494,3823
12.0,1.00038933754,0.000260029453784,1143.3401002,0.0041426926,4.76,34.4552286678,0.494,3823
12.0,1.00005304813,0.000259950145846,1143.40140188,0.0041426926,4.76,34.4552286678,0.494,3823
12.0,1.00089144707,0.000259929045569,1143.46270345,0.0041426926,4.76,34.4552286678,0.494,3823
12.0,1.00058829784,0.00025991932489,1143.52400503,0.0041426926,4.76,34.4552286678,0.494,3823
12.0,1.00074350834,0.000259905616986,1143.58530662,0.0041426926,4.76,34.4552286678,0.494,3823
12.0,1.00051236153,0.000259908556473,1143.6466082,0.0041426926,4.76,34.4552286678,0.494,3823
12.0,1.00044703484,0.000259880616795,1143.70790979,0.0041426926,4.76,34.4552286678,0.494,3823
12.0,1.00061810017,0.000259888562141,1143.76921138,0.0041426926,4.76,34.4552286678,0.494,3823
12.0,1.00031280518,0.000259873573668,1143.85094694,0.0041426926,4.76,34.4552286678,0.494,3823
12.0,1.0000411272,0.000259854336036,1143.91224854,0.0041426926,4.76,34.4552286678,0.494,3823
12.0,1.00041389465,0.000259838270722,1143.97355014,0.0041426926,4.76,34.4552286678,0.494,3823
12.0,1.00068259239,0.00025986667606,1144.03485175,0.0041426926,4.76,34.4552286678,0.494,3823
12.0,1.00089871883,0.000259898195509,1144.09615335,0.0041426926,4.76,34.4552286678,0.494,3823
12.0,1.00062930584,0.000259832886513,1144.15745496,0.0041426926,4.76,34.4552286678,0.494,3823
12.0,1.00063753128,0.000259857362835,1144.21875658,0.0041426926,4.76,34.4552286678,0.494,3823
12.0,1.00099825859,0.000259879016085,1144.28005839,0.0041426926,4.76,34.4552286678,0.494,3823
12.0,1.00080561638,0.000259841152001,1144.34136001,0.0041426926,4.76,34.4552286678,0.494,3823
12.0,1.0012563467,0.000259875669144,1144.40266164,0.0041426926,4.76,34.4552286678,0.494,3823
12.0,1.00073373318,0.000259854452452,1144.46396316,0.0041426926,4.76,34.4552286678,0.494,3823
12.0,1.00038504601,0.000259825173998,1144.52526489,0.0041426926,4.76,34.4552286678,0.494,3823
12.0,1.00047516823,0.000259841996012,1144.58656652,0.0041426926,4.76,34.4552286678,0.494,3823
12.0,1.00105965137,0.00025983795058,1144.64786815,0.0041426926,4.76,34.4552286678,0.494,3823
12.0,1.00084018707,0.000259830121649,1144.70916979,0.0041426926,4.76,34.4552286678,0.494,3823
12.0,1.0009418726,0.000259821681539,1144.77047143,0.0041426926,4.76,34.4552286678,0.494,3823
12.0,1.00134837627,0.000259863241808,1144.83177317,0.0041426926,4.76,34.4552286678,0.494,3823
12.0,1.00147712231,0.000259888038272,1144.89307482,0.0041426926,4.76,34.4552286678,0.494,3823
12.0,1.00037908554,0.000259790511336,1144.95437647,0.0041426926,4.76,34.4552286678,0.494,3823
12.0,1.00087094307,0.000259813386947,1145.01567812,0.0041426926,4.76,34.4552286678,0.494,3823
12.0,1.00164055824,0.000259853783064,1145.07697977,0.0041426926,4.76,34.4552286678,0.494,3823
12.0,1.00088322163,0.00025982002262,1145.13828143,0.0041426926,4.76,34.4552286678,0.494,3823
12.0,1.0016297102,0.00025985672255,1145.19958309,0.0041426926,4.76,34.4552286678,0.494,3823
12.0,1.00146985054,0.000259838270722,1145.26088476,0.0041426926,4.76,34.4552286678,0.494,3823
12.0,1.00119078159,0.000259857712081,1145.32218642,0.0041426926,4.76,34.4552286678,0.494,3823
12.0,1.00090825558,0.000259819265921,1145.38348829,0.0041426926,4.76,34.4552286678,0.494,3823
12.0,1.00130403042,0.000259809603449,1145.44478996,0.0041426926,4.76,34.4552286678,0.494,3823
12.0,1.00144541264,0.00025983681553,1145.50609164,0.0041426926,4.76,34.4552286678,0.494,3823
12.0,1.00147628784,0.000259822059888,1145.56739332,0.0041426926,4.76,34.4552286678,0.494,3823
12.0,1.00178623199,0.000259828841081,1145.628695,0.0041426926,4.76,34.4552286678,0.494,3823
12.0,1.00155699253,0.000259807595285,1145.68999668,0.0041426926,4.76,34.4552286678,0.494,3823
12.0,1.00218999386,0.000259858177742,1145.75129837,0.0041426926,4.76,34.4552286678,0.494,3823
12.0,1.00130605698,0.000259789841948,1145.81260006,0.0041426926,4.76,34.4552286678,0.494,3823
12.0,1.00168001652,0.000259810418356,1145.87390175,0.0041426926,4.76,34.4552286678,0.494,3823
12.0,1.0014616251,0.000259814958554,1145.93520355,0.0041426926,4.76,34.4552286678,0.494,3823
12.0,1.00139868259,0.000259763677604,1145.99650524,0.0041426926,4.76,34.4552286678,0.494,3823
12.0,1.00198864937,0.000259793741861,1146.05780695,0.0041426926,4.76,34.4552286678,0.494,3823
12.0,1.00108528137,0.000259750784608,1146.11910865,0.0041426926,4.76,34.4552286678,0.494,3823
12.0,1.0018914938,0.000259799358901,1146.18041036,0.0041426926,4.76,34.4552286678,0.494,3823
12.0,1.00179994106,0.000259764987277,1146.24171207,0.0041426926,4.76,34.4552286678,0.494,3823
12.0,1.00180077553,0.000259750173427,1146.30301378,0.0041426926,4.76,34.4552286678,0.494,3823
12.0,1.00160062313,0.000259758671746,1146.3643156,0.0041426926,4.76,34.4552286678,0.494,3823
12.0,1.00153136253,0.000259767839452,1146.42561732,0.0041426926,4.76,34.4552286678,0.494,3823
12.0,1.00196623802,0.000259789667325,1146.48691904,0.0041426926,4.76,34.4552286678,0.494,3823
12.0,1.00192093849,0.000259754888248,1146.54822086,0.0041426926,4.76,34.4552286678,0.494,3823
12.0,1.00220930576,0.000259781139903,1146.60952259,0.0041426926,4.76,34.4552286678,0.494,3823
12.0,1.00226080418,0.0002597795974,1146.67082432,0.0041426926,4.76,34.4552286678,0.494,3823
12.0,1.00174605846,0.000259778113104,1146.73212605,0.0041426926,4.76,34.4552286678,0.494,3823
12.0,1.0018299818,0.000259772496065,1146.79342779,0.0041426926,4.76,34.4552286678,0.494,3823
12.0,1.00206136703,0.00025972360163,1146.87516354,0.0041426926,4.76,34.4552286678,0.494,3823
12.0,1.0016207695,0.000259747903328,1146.93646528,0.0041426926,4.76,34.4552286678,0.494,3823
12.0,1.00159239769,0.000259748398094,1146.99776703,0.0041426926,4.76,34.4552286678,0.494,3823
12.0,1.001953125,0.00025974761229,1147.05906878,0.0041426926,4.76,34.4552286678,0.494,3823
12.0,1.00179207325,0.000259715452557,1147.12037053,0.0041426926,4.76,34.4552286678,0.494,3823
12.0,1.00225245953,0.000259749649558,1147.18167229,0.0041426926,4.76,34.4552286678,0.494,3823
12.0,1.00257313251,0.000259768072283,1147.24297404,0.0041426926,4.76,34.4552286678,0.494,3823
12.0,1.0038087368,0.000260021566646,1147.3042758,0.0041426926,4.76,34.4552286678,0.494,3823
12.0,1.00209379196,0.000259738211753,1147.36557767,0.0041426926,4.76,34.4552286678,0.494,3823
12.0,1.00192141533,0.000259707303485,1147.42687943,0.0041426926,4.76,34.4552286678,0.494,3823
12.0,1.0019916296,0.000259720662143,1147.4881812,0.0041426926,4.76,34.4552286678,0.494,3823
12.0,1.00206017494,0.000259702064795,1147.54948297,0.0041426926,4.76,34.4552286678,0.494,3823
12.0,1.00185489655,0.00025966722751,1147.61078475,0.0041426926,4.76,34.4552286678,0.494,3823
12.0,1.00222623348,0.000259684253251,1147.67208663,0.0041426926,4.76,34.4552286678,0.494,3823
12.0,1.00191879272,0.000259672175162,1147.73338831,0.0041426926,4.76,34.4552286678,0.494,3823
12.0,1.00172424316,0.00025964571978,1147.79469009,0.0041426926,4.76,34.4552286678,0.494,3823
12.0,1.00290644169,0.000259707245277,1147.85599188,0.0041426926,4.76,34.4552286678,0.494,3823
12.0,1.00219464302,0.000259641557932,1147.91729386,0.0041426926,4.76,34.4552286678,0.494,3823
12.0,1.0016630888,0.000259609310888,1147.97859566,0.0041426926,4.76,34.4552286678,0.494,3823
12.0,1.00141978264,0.00025961571373,1148.03989745,0.0041426926,4.76,34.4552286678,0.494,3823
12.0,1.00126481056,0.00025959208142,1148.10119925,0.0041426926,4.76,34.4552286678,0.494,3823
12.0,1.00180828571,0.000259604217717,1148.16250105,0.0041426926,4.76,34.4552286678,0.494,3823
12.0,1.00165772438,0.000259588385234,1148.22380285,0.0041426926,4.76,34.4552286678,0.494,3823
12.0,1.00179231167,0.000259590451606,1148.28510466,0.0041426926,4.76,34.4552286678,0.494,3823
12.0,1.00200390816,0.000259605178144,1148.34640647,0.0041426926,4.76,34.4552286678,0.494,3823
12.0,1.00233054161,0.000259624386672,1148.40770828,0.0041426926,4.76,34.4552286678,0.494,3823
12.0,1.00138688087,0.000259552383795,1148.4690102,0.0041426926,4.76,34.4552286678,0.494,3823
12.0,1.00130236149,0.000259520485997,1148.53031201,0.0041426926,4.76,34.4552286678,0.494,3823
12.0,1.00183582306,0.000259525055299,1148.59161383,0.0041426926,4.76,34.4552286678,0.494,3823
12.0,1.00177776814,0.00025957764592,1148.65291566,0.0041426926,4.76,34.4552286678,0.494,3823
12.0,1.00151467323,0.000259548629401,1148.71421748,0.0041426926,4.76,34.4552286678,0.494,3823
12.0,1.00156831741,0.000259530876065,1148.77551931,0.0041426926,4.76,34.4552286678,0.494,3823
12.0,1.0017414093,0.000259521999396,1148.83682114,0.0041426926,4.76,34.4552286678,0.494,3823
12.0,1.00144696236,0.000259471387835,1148.89812308,0.0041426926,4.76,34.4552286678,0.494,3823
12.0,1.00176012516,0.000259519816609,1148.95942502,0.0041426926,4.76,34.4552286678,0.494,3823
12.0,1.00173735619,0.000259528431343,1149.02072676,0.0041426926,4.76,34.4552286678,0.494,3823
12.0,1.00158500671,0.000259511347394,1149.0820287,0.0041426926,4.76,34.4552286678,0.494,3823
12.0,1.00076746941,0.000259471038589,1149.14333055,0.0041426926,4.76,34.4552286678,0.494,3823
12.0,1.00052773952,0.000259431573795,1149.2046324,0.0041426926,4.76,34.4552286678,0.494,3823
12.0,1.00147271156,0.000259483786067,1149.26593425,0.0041426926,4.76,34.4552286678,0.494,3823
12.0,1.00147950649,0.000259349180851,1149.3272361,0.0041426926,4.76,34.4552286678,0.494,3823
12.0,1.0013229847,0.000259328633547,1149.38853796,0.0041426926,4.76,34.4552286678,0.494,3823
12.0,1.00086355209,0.000259294261923,1149.44983982,0.0041426926,4.76,34.4552286678,0.494,3823
12.0,1.00111949444,0.000259271968389,1149.51114178,0.0041426926,4.76,34.4552286678,0.494,3823
12.0,1.00143301487,0.000259287742665,1149.57244365,0.0041426926,4.76,34.4552286678,0.494,3823
12.0,1.00140357018,0.000259301421465,1149.63374552,0.0041426926,4.76,34.4552286678,0.494,3823
12.0,1.00143492222,0.000259249325609,1149.69504739,0.0041426926,4.76,34.4552286678,0.494,3823
12.0,1.00125968456,0.00025923398789,1149.75634927,0.0041426926,4.76,34.4552286678,0.494,3823
12.0,1.00094985962,0.000259216612903,1149.8380851,0.0041426926,4.76,34.4552286678,0.494,3823
12.0,1.00075399876,0.000259198568529,1149.89938708,0.0041426926,4.76,34.4552286678,0.494,3823
12.0,1.00200521946,0.000259279477177,1149.96068897,0.0041426926,4.76,34.4552286678,0.494,3823
12.0,1.00113773346,0.0002592089877,1150.02199086,0.0041426926,4.76,34.4552286678,0.494,3823
12.0,1.00067174435,0.000259191554505,1150.08329275,0.0041426926,4.76,34.4552286678,0.494,3823
12.0,1.00070059299,0.000259184074821,1150.14459464,0.0041426926,4.76,34.4552286678,0.494,3823
12.0,1.00048267841,0.000259148306213,1150.20589663,0.0041426926,4.76,34.4552286678,0.494,3823
12.0,1.00014996529,0.000259116030065,1150.26719853,0.0041426926,4.76,34.4552286678,0.494,3823
12.0,1.00035727024,0.000259138876572,1150.32850033,0.0041426926,4.76,34.4552286678,0.494,3823
12.0,1.00030505657,0.00025912662386,1150.38980234,0.0041426926,4.76,34.4552286678,0.494,3823
12.0,1.00020754337,0.000259103690041,1150.45110434,0.0041426926,4.76,34.4552286678,0.494,3823
12.0,1.00079286098,0.000259176333202,1150.51240625,0.0041426926,4.76,34.4552286678,0.494,3823
12.0,1.00044941902,0.000259147665929,1150.57370816,0.0041426926,4.76,34.4552286678,0.494,3823
12.0,1.00073480606,0.000259123567957,1150.63501008,0.0041426926,4.76,34.4552286678,0.494,3823
12.0,1.000882864,0.000259157328401,1150.696312,0.0041426926,4.76,34.4552286678,0.494,3823
12.0,1.00073349476,0.000259138789261,1150.75761392,0.0041426926,4.76,34.4552286678,0.494,3823
12.0,1.00058102608,0.00025912935962,1150.81891584,0.0041426926,4.76,34.4552286678,0.494,3823
12.0,1.00103521347,0.000259194697719,1150.88021777,0.0041426926,4.76,34.4552286678,0.494,3823
12.0,1.00036466122,0.000259164633462,1150.9415198,0.0041426926,4.76,34.4552286678,0.494,3823
12.0,1.00042915344,0.000259171851212,1151.00282173,0.0041426926,4.76,34.4552286678,0.494,3823
12.0,1.00049006939,0.000259125954472,1151.06412366,0.0041426926,4.76,34.4552286678,0.494,3823
12.0,1.00040709972,0.000259092397755,1151.1254256,0.0041426926,4.76,34.4552286678,0.494,3823
12.0,1.00147116184,0.000259124615695,1151.18672754,0.0041426926,4.76,34.4552286678,0.494,3823
12.0,1.00041866302,0.000259033200564,1151.24802948,0.0041426926,4.76,34.4552286678,0.494,3823
12.0,1.00056934357,0.000259079068201,1151.30933143,0.0041426926,4.76,34.4552286678,0.494,3823
12.0,1.00060498714,0.000259076274233,1151.37063338,0.0041426926,4.76,34.4552286678,0.494,3823
12.0,1.00044941902,0.000259035354247,1151.43193543,0.0041426926,4.76,34.4552286678,0.494,3823
12.0,1.00104248524,0.000259059394011,1151.49323748,0.0041426926,4.76,34.4552286678,0.494,3823
12.0,1.00086259842,0.000259039690718,1151.55453944,0.0041426926,4.76,34.4552286678,0.494,3823
12.0,1.00035321712,0.000259010586888,1151.6158414,0.0041426926,4.76,34.4552286678,0.494,3823
12.0,1.00057971478,0.000258987973211,1151.67714336,0.0041426926,4.76,34.4552286678,0.494,3823
12.0,1.00108456612,0.000259014428593,1151.73844533,0.0041426926,4.76,34.4552286678,0.494,3823
12.0,1.0006480217,0.000258967425907,1151.7997473,0.0041426926,4.76,34.4552286678,0.494,3823
12.0,1.00005054474,0.000258931337157,1151.86104927,0.0041426926,4.76,34.4552286678,0.494,3823
12.0,1.00031173229,0.000258928252151,1151.92235124,0.0041426926,4.76,34.4552286678,0.494,3823
12.0,1.00097084045,0.00025896250736,1151.98365322,0.0041426926,4.76,34.4552286678,0.494,3823
12.0,1.00049328804,0.000258915009908,1152.0449553,0.0041426926,4.76,34.4552286678,0.494,3823
12.0,1.00108957291,0.000258956628386,1152.10625728,0.0041426926,4.76,34.4552286678,0.494,3823
12.0,1.00105202198,0.000258940010099,1152.16755926,0.0041426926,4.76,34.4552286678,0.494,3823
12.0,1.00088727474,0.000258869957179,1152.22886125,0.0041426926,4.76,34.4552286678,0.494,3823
12.0,1.00084543228,0.000258816959104,1152.29016324,0.0041426926,4.76,34.4552286678,0.494,3823
12.0,1.00083136559,0.000258896849118,1152.35146523,0.0041426926,4.76,34.4552286678,0.494,3823
12.0,1.00051021576,0.000258772372035,1152.41276723,0.0041426926,4.76,34.4552286678,0.494,3823
12.0,1.00085043907,0.000258787476923,1152.47406923,0.0041426926,4.76,34.4552286678,0.494,3823
12.0,1.00079154968,0.000258771906374,1152.53537123,0.0041426926,4.76,34.4552286678,0.494,3823
12.0,1.00081920624,0.000258776126429,1152.59667343,0.0041426926,4.76,34.4552286678,0.494,3823
12.0,1.00084924698,0.000258768297499,1152.65797544,0.0041426926,4.76,34.4552286678,0.494,3823
12.0,1.00027370453,0.00025871975231,1152.71927745,0.0041426926,4.76,34.4552286678,0.494,3823
12.0,1.00101518631,0.000258747924818,1152.80101347,0.0041426926,4.76,34.4552286678,0.494,3823
12.0,1.00070977211,0.000258716463577,1152.86231548,0.0041426926,4.76,34.4552286678,0.494,3823
12.0,1.0009573698,0.000258739310084,1152.9236175,0.0041426926,4.76,34.4552286678,0.494,3823
12.0,1.00046670437,0.000258741813013,1152.98491962,0.0041426926,4.76,34.4552286678,0.494,3823
12.0,1.00093853474,0.000258843356278,1153.04622165,0.0041426926,4.76,34.4552286678,0.494,3823
12.0,1.0004183054,0.00025873578852,1153.10752367,0.0041426926,4.76,34.4552286678,0.494,3823
12.0,1.00084912777,0.000258753570961,1153.1688257,0.0041426926,4.76,34.4552286678,0.494,3823
12.0,1.00104856491,0.00025880697649,1153.23012774,0.0041426926,4.76,34.4552286678,0.494,3823
12.0,1.00098395348,0.000258789310465,1153.29142977,0.0041426926,4.76,34.4552286678,0.494,3823
12.0,1.00058114529,0.000258798594587,1153.35273181,0.0041426926,4.76,34.4552286678,0.494,3823
12.0,1.00014233589,0.000258792017121,1153.41403385,0.0041426926,4.76,34.4552286678,0.494,3823
12.0,1.00026977062,0.00025876329164,1153.47533599,0.0041426926,4.76,34.4552286678,0.494,3823
12.0,1.00039982796,0.000258757645497,1153.53663804,0.0041426926,4.76,34.4552286678,0.494,3823
12.0,1.00060677528,0.000258816522546,1153.59794009,0.0041426926,4.76,34.4552286678,0.494,3823
12.0,1.00047707558,0.00025882848422,1153.65924214,0.0041426926,4.76,34.4552286678,0.494,3823
12.0,1.00040864944,0.000258884072537,1153.72054419,0.0041426926,4.76,34.4552286678,0.494,3823
12.0,1.00073003769,0.000258887070231,1153.78184625,0.0041426926,4.76,34.4552286678,0.494,3823
12.0,1.0004324913,0.000258857384324,1153.84314831,0.0041426926,4.76,34.4552286678,0.494,3823
12.0,1.00074255466,0.000258858257439,1153.90445037,0.0041426926,4.76,34.4552286678,0.494,3823
12.0,1.00057125092,0.000258861575276,1153.96575254,0.0041426926,4.76,34.4552286678,0.494,3823
12.0,1.0016617775,0.000257356965449,1154.94658615,0.0041426926,4.76,34.4552286678,0.494,3823
12.0,1.00188279152,0.000257019390119,1155.00788826,0.0041426926,4.76,34.4552286678,0.494,3823
12.0,1.00143420696,0.000256958126556,1155.06919038,0.0041426926,4.76,34.4552286678,0.494,3823
12.0,1.00202071667,0.000256926257862,1155.13049269,0.0041426926,4.76,34.4552286678,0.494,3823
12.0,1.00189530849,0.000256928935414,1155.19179481,0.0041426926,4.76,34.4552286678,0.494,3823
12.0,1.00171625614,0.000256863655522,1155.25309693,0.0041426926,4.76,34.4552286678,0.494,3823
12.0,1.00181400776,0.00025694919168,1155.31439906,0.0041426926,4.76,34.4552286678,0.494,3823
12.0,1.00185918808,0.000257077917922,1155.37570119,0.0041426926,4.76,34.4552286678,0.494,3823
12.0,1.00117659569,0.000257238250924,1155.43700332,0.0041426926,4.76,34.4552286678,0.494,3823
12.0,1.00169944763,0.000257400650298,1155.49830545,0.0041426926,4.76,34.4552286678,0.494,3823
12.0,1.00117611885,0.000257538456935,1155.55960758,0.0041426926,4.76,34.4552286678,0.494,3823
12.0,1.00068795681,0.000257668085396,1155.62090972,0.0041426926,4.76,34.4552286678,0.494,3823
12.0,1.00166833401,0.000257849256741,1155.68221196,0.0041426926,4.76,34.4552286678,0.494,3823
12.0,1.00172841549,0.000257972889813,1155.74351411,0.0041426926,4.76,34.4552286678,0.494,3823
12.0,1.00162935257,0.000258052692516,1155.80481625,0.0041426926,4.76,34.4552286678,0.494,3823
12.0,1.00190222263,0.000258332991507,1155.8661184,0.0041426926,4.76,34.4552286678,0.494,3823
12.0,1.00105845928,0.000258340587607,1155.92742065,0.0041426926,4.76,34.4552286678,0.494,3823
12.0,1.00117564201,0.000258416810539,1155.98872281,0.0041426926,4.76,34.4552286678,0.494,3823
12.0,1.00157606602,0.000258508924162,1156.05002496,0.0041426926,4.76,34.4552286678,0.494,3823
12.0,1.00137746334,0.00025850511156,1156.11132712,0.0041426926,4.76,34.4552286678,0.494,3823
12.0,1.00177562237,0.000258593005128,1156.17262928,0.0041426926,4.76,34.4552286678,0.494,3823
12.0,1.00106263161,0.000258617452346,1156.23393155,0.0041426926,4.76,34.4552286678,0.494,3823
12.0,1.00081253052,0.000258610351011,1156.29523372,0.0041426926,4.76,34.4552286678,0.494,3823
12.0,1.00095760822,0.000258626823779,1156.35653589,0.0041426926,4.76,34.4552286678,0.494,3823
12.0,1.00040531158,0.000258629064774,1156.41783806,0.0041426926,4.76,34.4552286678,0.494,3823
12.0,1.0012216568,0.000258665531874,1156.47914023,0.0041426926,4.76,34.4552286678,0.494,3823
12.0,1.00129711628,0.000258665968431,1156.54044241,0.0041426926,4.76,34.4552286678,0.494,3823
12.0,1.00106692314,0.000258629588643,1156.60174459,0.0041426926,4.76,34.4552286678,0.494,3823
12.0,1.00105798244,0.000258632295299,1156.66304678,0.0041426926,4.76,34.4552286678,0.494,3823
12.0,1.00104701519,0.000258644780843,1156.72434896,0.0041426926,4.76,34.4552286678,0.494,3823
12.0,1.0011755228,0.000258674117504,1156.78565135,0.0041426926,4.76,34.4552286678,0.494,3823
12.0,1.00065946579,0.000258644169662,1156.84695344,0.0041426926,4.76,34.4552286678,0.494,3823
12.0,1.00091278553,0.000258631596807,1156.90825563,0.0041426926,4.76,34.4552286678,0.494,3823
12.0,1.00138521194,0.000258650601609,1156.96955783,0.0041426926,4.76,34.4552286678,0.494,3823
12.0,1.00080430508,0.00025860776077,1157.0512941,0.0041426926,4.76,34.4552286678,0.494,3823
12.0,1.00047063828,0.000258600426605,1157.1125963,0.0041426926,4.76,34.4552286678,0.494,3823
12.0,1.0012011528,0.000258600717643,1157.1738986,0.0041426926,4.76,34.4552286678,0.494,3823
12.0,1.00085437298,0.000258554588072,1157.23520081,0.0041426926,4.76,34.4552286678,0.494,3823
12.0,1.00129723549,0.000258594314801,1157.29650312,0.0041426926,4.76,34.4552286678,0.494,3823
12.0,1.00119316578,0.000258541287621,1157.35780534,0.0041426926,4.76,34.4552286678,0.494,3823
12.0,1.00095832348,0.000258518470218,1157.41910755,0.0041426926,4.76,34.4552286678,0.494,3823
12.0,1.00122892857,0.000258552347077,1157.48040967,0.0041426926,4.76,34.4552286678,0.494,3823
12.0,1.00139689445,0.000258558342466,1157.54171189,0.0041426926,4.76,34.4552286678,0.494,3823
12.0,1.000436306,0.000258481362835,1157.60301411,0.0041426926,4.76,34.4552286678,0.494,3823
12.0,1.00075423717,0.00025853185798,1157.66431634,0.0041426926,4.76,34.4552286678,0.494,3823
12.0,1.00132262707,0.000258510437561,1157.72561877,0.0041426926,4.76,34.4552286678,0.494,3823
12.0,1.00132274628,0.00025852341787,1157.786921,0.0041426926,4.76,34.4552286678,0.494,3823
12.0,1.00081479549,0.0002584811009,1157.84822323,0.0041426926,4.76,34.4552286678,0.494,3823
12.0,1.00085127354,0.000258500542259,1157.90952547,0.0041426926,4.76,34.4552286678,0.494,3823
12.0,1.00088202953,0.00025844128686,1157.97082771,0.0041426926,4.76,34.4552286678,0.494,3823
12.0,1.00084912777,0.000258425396169,1158.03212995,0.0041426926,4.76,34.4552286678,0.494,3823
12.0,1.00153017044,0.000258441868937,1158.0934322,0.0041426926,4.76,34.4552286678,0.494,3823
12.0,1.00101566315,0.000258433283307,1158.15473444,0.0041426926,4.76,34.4552286678,0.494,3823
12.0,1.00061297417,0.000258370069787,1158.21603669,0.0041426926,4.76,34.4552286678,0.494,3823
12.0,1.0008546114,0.000258384970948,1158.27733904,0.0041426926,4.76,34.4552286678,0.494,3823
12.0,1.00068867207,0.000258390558884,1158.3386413,0.0041426926,4.76,34.4552286678,0.494,3823
12.0,1.00073361397,0.000258326646872,1158.39994356,0.0041426926,4.76,34.4552286678,0.494,3823
12.0,1.00081801414,0.000258370564552,1158.46124582,0.0041426926,4.76,34.4552286678,0.494,3823
12.0,1.00068616867,0.000258313288214,1158.52254818,0.0041426926,4.76,34.4552286678,0.494,3823
12.0,1.00075161457,0.000258318905253,1158.58385044,0.0041426926,4.76,34.4552286678,0.494,3823
12.0,1.00156021118,0.00025835170527,1158.64515271,0.0041426926,4.76,34.4552286678,0.494,3823
12.0,1.00078439713,0.000258224317804,1158.70645498,0.0041426926,4.76,34.4552286678,0.494,3823
12.0,1.00129377842,0.000258326355834,1158.76775726,0.0041426926,4.76,34.4552286678,0.494,3823
12.0,1.0009598732,0.000258266052697,1158.82905963,0.0041426926,4.76,34.4552286678,0.494,3823
12.0,1.00031530857,0.000258167274296,1158.89036191,0.0041426926,4.76,34.4552286678,0.494,3823
12.0,1.00020265579,0.000258164101979,1158.95166419,0.0041426926,4.76,34.4552286678,0.494,3823
12.0,1.00051879883,0.000258145853877,1159.01296647,0.0041426926,4.76,34.4552286678,0.494,3823
12.0,1.00043654442,0.000258160143858,1159.07426876,0.0041426926,4.76,34.4552286678,0.494,3823
12.0,1.00088810921,0.000258216401562,1159.13557105,0.0041426926,4.76,34.4552286678,0.494,3823
12.0,1.00095570087,0.000258138083154,1159.19687334,0.0041426926,4.76,34.4552286678,0.494,3823
12.0,1.00091528893,0.000258220097749,1159.25817563,0.0041426926,4.76,34.4552286678,0.494,3823
12.0,0.999929487705,0.000258167448919,1159.31947793,0.0041426926,4.76,34.4552286678,0.494,3823
12.0,1.00008952618,0.000258112559095,1159.38078042,0.0041426926,4.76,34.4552286678,0.494,3823
12.0,1.00036656857,0.000258152140304,1159.44208263,0.0041426926,4.76,34.4552286678,0.494,3823
12.0,1.0003824234,0.000258132669842,1159.50338493,0.0041426926,4.76,34.4552286678,0.494,3823
12.0,0.999653339386,0.000258078856859,1159.56468724,0.0041426926,4.76,34.4552286678,0.494,3823
12.0,0.999394595623,0.000258038955508,1159.62598954,0.0041426926,4.76,34.4552286678,0.494,3823
12.0,0.999958872795,0.000258011365077,1159.68729196,0.0041426926,4.76,34.4552286678,0.494,3823
12.0,0.999905645847,0.000258049083641,1159.74859427,0.0041426926,4.76,34.4552286678,0.494,3823
12.0,0.999470889568,0.000257897714619,1159.80989659,0.0041426926,4.76,34.4552286678,0.494,3823
12.0,1.00039172173,0.000258030195255,1159.8711989,0.0041426926,4.76,34.4552286678,0.494,3823
12.0,0.999993741512,0.000257903244346,1159.93250133,0.0041426926,4.76,34.4552286678,0.494,3823
12.0,0.999641478062,0.000257831590716,1160.01423776,0.0041426926,4.76,34.4552286678,0.494,3823
12.0,0.99987334013,0.000257776555372,1160.07554009,0.0041426926,4.76,34.4552286678,0.494,3823
12.0,1.00019943714,0.000257880921708,1160.13684242,0.0041426926,4.76,34.4552286678,0.494,3823
12.0,0.99875420332,0.000257781968685,1160.19814475,0.0041426926,4.76,34.4552286678,0.494,3823
12.0,0.999797523022,0.000257811101619,1160.25944718,0.0041426926,4.76,34.4552286678,0.494,3823
12.0,0.999318659306,0.000257751962636,1160.32074952,0.0041426926,4.76,34.4552286678,0.494,3823
12.0,0.999627411366,0.000257753476035,1160.38205186,0.0041426926,4.76,34.4552286678,0.494,3823
12.0,0.999024391174,0.00025771179935,1160.4433542,0.0041426926,4.76,34.4552286678,0.494,3823
12.0,0.998413205147,0.000257734849583,1160.50465655,0.0041426926,4.76,34.4552286678,0.494,3823
12.0,1.00078141689,0.000256841885857,1165.08190659,0.0041426926,4.76,34.4552286678,0.494,3823
12.0,1.00115656853,0.000256892351899,1165.14320912,0.0041426926,4.76,34.4552286678,0.494,3823
12.0,1.00092196465,0.000256887084106,1165.20451166,0.0041426926,4.76,34.4552286678,0.494,3823
12.0,1.00122725964,0.000256888131844,1165.26581419,0.0041426926,4.76,34.4552286678,0.494,3823
12.0,1.00189006329,0.000256973900832,1165.32711673,0.0041426926,4.76,34.4552286678,0.494,3823
12.0,1.00090777874,0.000256957340753,1165.38841927,0.0041426926,4.76,34.4552286678,0.494,3823
12.0,1.00156402588,0.00025691036717,1165.44972191,0.0041426926,4.76,34.4552286678,0.494,3823
12.0,1.00135469437,0.000256931176409,1165.51102445,0.0041426926,4.76,34.4552286678,0.494,3823
12.0,1.00135266781,0.000256993836956,1165.572327,0.0041426926,4.76,34.4552286678,0.494,3823
12.0,1.00100421906,0.000256948376773,1165.63362955,0.0041426926,4.76,34.4552286678,0.494,3823
12.0,1.00126159191,0.000256968254689,1165.6949321,0.0041426926,4.76,34.4552286678,0.494,3823
12.0,1.00104308128,0.000256930856267,1165.75623465,0.0041426926,4.76,34.4552286678,0.494,3823
12.0,1.00124549866,0.000256961415289,1165.81753721,0.0041426926,4.76,34.4552286678,0.494,3823
12.0,1.00134122372,0.000256919767708,1165.87883987,0.0041426926,4.76,34.4552286678,0.494,3823
12.0,1.00180232525,0.000256953440839,1165.94014243,0.0041426926,4.76,34.4552286678,0.494,3823
12.0,1.00129878521,0.000256955157965,1166.02187918,0.0041426926,4.76,34.4552286678,0.494,3823
12.0,1.00106012821,0.000256869825535,1166.08318174,0.0041426926,4.76,34.4552286678,0.494,3823
12.0,1.00133180618,0.000256904080743,1166.1649185,0.0041426926,4.76,34.4552286678,0.494,3823
12.0,1.0010586977,0.000256868981523,1166.24665537,0.0041426926,4.76,34.4552286678,0.494,3823
12.0,1.00132989883,0.000256851839367,1166.30795794,0.0041426926,4.76,34.4552286678,0.494,3823
12.0,1.00105965137,0.000256932369666,1166.36926052,0.0041426926,4.76,34.4552286678,0.494,3823
12.0,1.00163352489,0.000256940023974,1166.4305631,0.0041426926,4.76,34.4552286678,0.494,3823
12.0,1.00077724457,0.000256879837252,1166.49186568,0.0041426926,4.76,34.4552286678,0.494,3823
12.0,1.00080525875,0.000256854895269,1166.55316836,0.0041426926,4.76,34.4552286678,0.494,3823
12.0,1.00149703026,0.000256916799117,1166.61447095,0.0041426926,4.76,34.4552286678,0.494,3823
12.0,1.00122070312,0.000256945146248,1166.67577354,0.0041426926,4.76,34.4552286678,0.494,3823
12.0,1.00091660023,0.000256888422882,1166.73707613,0.0041426926,4.76,34.4552286678,0.494,3823
12.0,1.00071287155,0.000256896368228,1166.79837872,0.0041426926,4.76,34.4552286678,0.494,3823
12.0,1.0017336607,0.000256944535067,1166.85968131,0.0041426926,4.76,34.4552286678,0.494,3823
12.0,1.00134682655,0.000256890489254,1166.92098391,0.0041426926,4.76,34.4552286678,0.494,3823
12.0,1.00092577934,0.000256829021964,1166.98228651,0.0041426926,4.76,34.4552286678,0.494,3823
12.0,1.00072133541,0.00025684380671,1167.04358921,0.0041426926,4.76,34.4552286678,0.494,3823
12.0,1.00091946125,0.000256866653217,1167.10489192,0.0041426926,4.76,34.4552286678,0.494,3823
12.0,1.00087368488,0.000256851431914,1167.16619453,0.0041426926,4.76,34.4552286678,0.494,3823
12.0,1.00083601475,0.000256859202636,1167.22749713,0.0041426926,4.76,34.4552286678,0.494,3823
12.0,1.0003156662,0.00025689706672,1167.28879975,0.0041426926,4.76,34.4552286678,0.494,3823
12.0,1.00066423416,0.000256974075455,1167.35010236,0.0041426926,4.76,34.4552286678,0.494,3823
12.0,1.00114262104,0.000256858184002,1167.41140498,0.0041426926,4.76,34.4552286678,0.494,3823
12.0,1.00074970722,0.000256854196778,1167.47270759,0.0041426926,4.76,34.4552286678,0.494,3823
12.0,1.00038743019,0.000256870494923,1167.53401021,0.0041426926,4.76,34.4552286678,0.494,3823
12.0,1.00073051453,0.000256885221461,1167.59531284,0.0041426926,4.76,34.4552286678,0.494,3823
12.0,1.00114142895,0.000256897241343,1167.65661546,0.0041426926,4.76,34.4552286678,0.494,3823
12.0,1.0017105341,0.000256907922449,1167.71791819,0.0041426926,4.76,34.4552286678,0.494,3823
12.0,1.00095140934,0.000256877188804,1167.77922082,0.0041426926,4.76,34.4552286678,0.494,3823
12.0,1.00017237663,0.000256786181126,1167.84052345,0.0041426926,4.76,34.4552286678,0.494,3823
12.0,1.0010458231,0.000256833387539,1167.90182618,0.0041426926,4.76,34.4552286678,0.494,3823
12.0,1.00043225288,0.000256830913713,1167.96312872,0.0041426926,4.76,34.4552286678,0.494,3823
12.0,1.00079703331,0.00025685998844,1168.02443136,0.0041426926,4.76,34.4552286678,0.494,3823
12.0,1.00062692165,0.00025681607076,1168.085734,0.0041426926,4.76,34.4552286678,0.494,3823
12.0,1.00061297417,0.000256835570326,1168.14703664,0.0041426926,4.76,34.4552286678,0.494,3823
12.0,1.00071048737,0.000256871251622,1168.20833929,0.0041426926,4.76,34.4552286678,0.494,3823
12.0,1.00070500374,0.000256817467744,1168.26964214,0.0041426926,4.76,34.4552286678,0.494,3823
12.0,1.00056684017,0.000256843894022,1168.33094479,0.0041426926,4.76,34.4552286678,0.494,3823
12.0,1.0006352663,0.000256814848399,1168.39224744,0.0041426926,4.76,34.4552286678,0.494,3823
12.0,1.00038170815,0.000256821193034,1168.45355009,0.0041426926,4.76,34.4552286678,0.494,3823
12.0,1.00088465214,0.000256859726505,1168.51485275,0.0041426926,4.76,34.4552286678,0.494,3823
12.0,1.00069642067,0.000256848317804,1168.57615541,0.0041426926,4.76,34.4552286678,0.494,3823
12.0,1.00058972836,0.00025684107095,1168.63745807,0.0041426926,4.76,34.4552286678,0.494,3823
12.0,0.99999910593,0.000256796542089,1168.69876073,0.0041426926,4.76,34.4552286678,0.494,3823
12.0,1.00022482872,0.000256800936768,1168.7600634,0.0041426926,4.76,34.4552286678,0.494,3823
12.0,1.00064098835,0.000256821193034,1168.82136617,0.0041426926,4.76,34.4552286678,0.494,3823
12.0,1.00061821938,0.000256826722762,1168.88266884,0.0041426926,4.76,34.4552286678,0.494,3823
12.0,1.00049698353,0.000256826722762,1168.96440573,0.0041426926,4.76,34.4552286678,0.494,3823
12.0,1.00036513805,0.000256820727373,1169.02570841,0.0041426926,4.76,34.4552286678,0.494,3823
12.0,1.00047469139,0.000256835104665,1169.08701109,0.0041426926,4.76,34.4552286678,0.494,3823
12.0,1.00028216839,0.000256790663116,1169.14831387,0.0041426926,4.76,34.4552286678,0.494,3823
12.0,1.00019180775,0.000256813014857,1169.20961655,0.0041426926,4.76,34.4552286678,0.494,3823
12.0,1.00033521652,0.000256789964624,1169.27091923,0.0041426926,4.76,34.4552286678,0.494,3823
12.0,1.00050485134,0.000256804720266,1169.33222192,0.0041426926,4.76,34.4552286678,0.494,3823
12.0,1.00004327297,0.000256840226939,1169.39352461,0.0041426926,4.76,34.4552286678,0.494,3823
12.0,0.999421477318,0.000256784114754,1169.4548273,0.0041426926,4.76,34.4552286678,0.494,3823
12.0,0.999774694443,0.000256699917372,1169.51612999,0.0041426926,4.76,34.4552286678,0.494,3823
12.0,0.999976992607,0.000256753555732,1169.57743269,0.0041426926,4.76,34.4552286678,0.494,3823
12.0,0.999972343445,0.000256730680121,1169.63873548,0.0041426926,4.76,34.4552286678,0.494,3823
12.0,0.999573051929,0.000256683066254,1169.70003828,0.0041426926,4.76,34.4552286678,0.494,3823
12.0,1.00012052059,0.000256730942056,1169.76134098,0.0041426926,4.76,34.4552286678,0.494,3823
12.0,0.999519050121,0.000256678758888,1169.82264369,0.0041426926,4.76,34.4552286678,0.494,3823
12.0,0.999899685383,0.000256703351624,1169.88394639,0.0041426926,4.76,34.4552286678,0.494,3823
12.0,0.999917209148,0.000256709259702,1169.9452491,0.0041426926,4.76,34.4552286678,0.494,3823
12.0,1.00031137466,0.000256710249232,1170.00655181,0.0041426926,4.76,34.4552286678,0.494,3823
12.0,1.00029671192,0.000256675237324,1170.06785452,0.0041426926,4.76,34.4552286678,0.494,3823
12.0,0.999836325645,0.000256662489846,1170.12915724,0.0041426926,4.76,34.4552286678,0.494,3823
12.0,0.999295711517,0.000256650731899,1170.19045996,0.0041426926,4.76,34.4552286678,0.494,3823
12.0,0.999761581421,0.000256669824012,1170.25176278,0.0041426926,4.76,34.4552286678,0.494,3823
12.0,1.00024712086,0.000256691040704,1170.3130655,0.0041426926,4.76,34.4552286678,0.494,3823
12.0,1.00017428398,0.000256693980191,1170.37436822,0.0041426926,4.76,34.4552286678,0.494,3823
12.0,0.999899983406,0.000256675091805,1170.43567105,0.0041426926,4.76,34.4552286678,0.494,3823
12.0,0.999735891819,0.000256727798842,1170.49697377,0.0041426926,4.76,34.4552286678,0.494,3823
12.0,0.999829173088,0.000256824714597,1170.5582764,0.0041426926,4.76,34.4552286678,0.494,3823
12.0,0.999369382858,0.000256788393017,1170.61957914,0.0041426926,4.76,34.4552286678,0.494,3823
12.0,0.999491155148,0.000256787898252,1170.68088187,0.0041426926,4.76,34.4552286678,0.494,3823
12.0,0.999642789364,0.000256778264884,1170.74218461,0.0041426926,4.76,34.4552286678,0.494,3823
12.0,0.99935734272,0.000256753526628,1170.80348755,0.0041426926,4.76,34.4552286678,0.494,3823
12.0,0.999713897705,0.000256801286014,1170.86479029,0.0041426926,4.76,34.4552286678,0.494,3823
12.0,1.00028073788,0.000256856437773,1170.92609303,0.0041426926,4.76,34.4552286678,0.494,3823
12.0,0.999656498432,0.00025665704743,1170.98739577,0.0041426926,4.76,34.4552286678,0.494,3823
12.0,0.999595880508,0.000256653525867,1171.04869852,0.0041426926,4.76,34.4552286678,0.494,3823
12.0,0.999582886696,0.000256655941484,1171.11000127,0.0041426926,4.76,34.4552286678,0.494,3823
12.0,0.999437510967,0.00025662817643,1171.17130402,0.0041426926,4.76,34.4552286678,0.494,3823
12.0,0.999692797661,0.000256677420111,1171.23260678,0.0041426926,4.76,34.4552286678,0.494,3823
12.0,0.999553263187,0.000256688450463,1171.29390953,0.0041426926,4.76,34.4552286678,0.494,3823
12.0,0.999918043613,0.000256651983364,1171.35521239,0.0041426926,4.76,34.4552286678,0.494,3823
12.0,0.999992012978,0.000256669038208,1171.41651515,0.0041426926,4.76,34.4552286678,0.494,3823
12.0,0.999789118767,0.000256652419921,1171.47781791,0.0041426926,4.76,34.4552286678,0.494,3823
12.0,0.999837577343,0.000256653991528,1171.53912068,0.0041426926,4.76,34.4552286678,0.494,3823
12.0,0.998966157436,0.000256585946772,1171.60042354,0.0041426926,4.76,34.4552286678,0.494,3823
12.0,0.999649882317,0.000256637489656,1171.66172631,0.0041426926,4.76,34.4552286678,0.494,3823
12.0,0.999798417091,0.000256633997196,1171.72302908,0.0041426926,4.76,34.4552286678,0.494,3823
12.0,0.999818384647,0.000256645900663,1171.78433185,0.0041426926,4.76,34.4552286678,0.494,3823
12.0,0.999548971653,0.00025663577253,1171.84563463,0.0041426926,4.76,34.4552286678,0.494,3823
12.0,0.999517798424,0.000256642117165,1171.90693751,0.0041426926,4.76,34.4552286678,0.494,3823
12.0,0.999700844288,0.000256597995758,1172.00910871,0.0041426926,4.76,34.4552286678,0.494,3823
12.0,0.999770879745,0.000256624945905,1172.07041149,0.0041426926,4.76,34.4552286678,0.494,3823
12.0,0.999418318272,0.000256632018136,1172.13171437,0.0041426926,4.76,34.4552286678,0.494,3823
12.0,0.999531388283,0.000256628205534,1172.19301716,0.0041426926,4.76,34.4552286678,0.494,3823
12.0,0.999442279339,0.0002566051553,1172.25431995,0.0041426926,4.76,34.4552286678,0.494,3823
12.0,1.00011205673,0.000256655213889,1172.31562284,0.0041426926,4.76,34.4552286678,0.494,3823
12.0,0.999714672565,0.000256634317338,1172.37692563,0.0041426926,4.76,34.4552286678,0.494,3823
12.0,1.00031971931,0.000256677041762,1172.43822843,0.0041426926,4.76,34.4552286678,0.494,3823
12.0,1.00007486343,0.000256647414062,1172.49953112,0.0041426926,4.76,34.4552286678,0.494,3823
12.0,0.999522209167,0.000256593979429,1172.56083402,0.0041426926,4.76,34.4552286678,0.494,3823
12.0,1.00023674965,0.000256637344137,1172.62213673,0.0041426926,4.76,34.4552286678,0.494,3823
12.0,1.0000282526,0.000256619736319,1172.68343973,0.0041426926,4.76,34.4552286678,0.494,3823
12.0,0.999972641468,0.000256630388321,1172.74474253,0.0041426926,4.76,34.4552286678,0.494,3823
12.0,0.99968713522,0.000256615807302,1172.80604534,0.0041426926,4.76,34.4552286678,0.494,3823
12.0,0.999401569366,0.000256575411186,1172.86734815,0.0041426926,4.76,34.4552286678,0.494,3823
12.0,0.999384462833,0.000256576196989,1172.92865096,0.0041426926,4.76,34.4552286678,0.494,3823
12.0,0.999760746956,0.000256586907199,1172.98995378,0.0041426926,4.76,34.4552286678,0.494,3823
12.0,0.999262630939,0.000256574101513,1173.05125659,0.0041426926,4.76,34.4552286678,0.494,3823
12.0,0.999910712242,0.000256630708463,1173.11255941,0.0041426926,4.76,34.4552286678,0.494,3823
12.0,1.00038921833,0.000256630271906,1173.17386223,0.0041426926,4.76,34.4552286678,0.494,3823
12.0,1.00027740002,0.000256619474385,1173.23516515,0.0041426926,4.76,34.4552286678,0.494,3823
12.0,0.999644458294,0.000256570521742,1173.29646798,0.0041426926,4.76,34.4552286678,0.494,3823
12.0,0.999753117561,0.000256580271525,1173.3577708,0.0041426926,4.76,34.4552286678,0.494,3823
12.0,0.999530613422,0.00025656496291,1173.41907363,0.0041426926,4.76,34.4552286678,0.494,3823
12.0,0.999785006046,0.000256582832662,1173.48037656,0.0041426926,4.76,34.4552286678,0.494,3823
12.0,0.999446153641,0.000256515137153,1173.54167939,0.0041426926,4.76,34.4552286678,0.494,3823
12.0,0.999417245388,0.000256537168752,1173.60298223,0.0041426926,4.76,34.4552286678,0.494,3823
12.0,0.99984562397,0.000256583531154,1173.66428506,0.0041426926,4.76,34.4552286678,0.494,3823
12.0,0.999219179153,0.000256546481978,1173.7255879,0.0041426926,4.76,34.4552286678,0.494,3823
12.0,0.999913752079,0.000256574829109,1173.78689084,0.0041426926,4.76,34.4552286678,0.494,3823
12.0,0.999771237373,0.000256555969827,1173.84819369,0.0041426926,4.76,34.4552286678,0.494,3823
12.0,1.00014913082,0.000256575178355,1173.90949653,0.0041426926,4.76,34.4552286678,0.494,3823
12.0,1.00007486343,0.000256539206021,1173.97079938,0.0041426926,4.76,34.4552286678,0.494,3823
12.0,1.00002157688,0.000256545754382,1174.03210223,0.0041426926,4.76,34.4552286678,0.494,3823
12.0,1.00010859966,0.000256573810475,1174.09340508,0.0041426926,4.76,34.4552286678,0.494,3823
12.0,0.999289512634,0.000256503059063,1174.15470793,0.0041426926,4.76,34.4552286678,0.494,3823
12.0,1.00010251999,0.000256564002484,1174.21601078,0.0041426926,4.76,34.4552286678,0.494,3823
12.0,0.999610722065,0.000256522471318,1174.27731364,0.0041426926,4.76,34.4552286678,0.494,3823
12.0,0.999614715576,0.000256502680713,1174.3386167,0.0041426926,4.76,34.4552286678,0.494,3823
12.0,0.999889373779,0.000256495783105,1174.39991946,0.0041426926,4.76,34.4552286678,0.494,3823
12.0,1.00045180321,0.000256552913925,1174.46122242,0.0041426926,4.76,34.4552286678,0.494,3823
12.0,0.999714672565,0.000256493891357,1174.52252519,0.0041426926,4.76,34.4552286678,0.494,3823
12.0,1.00012218952,0.000256532453932,1174.58382805,0.0041426926,4.76,34.4552286678,0.494,3823
12.0,0.999405801296,0.000256482133409,1174.64513092,0.0041426926,4.76,34.4552286678,0.494,3823
12.0,1.00003170967,0.000256517610978,1174.70643389,0.0041426926,4.76,34.4552286678,0.494,3823
12.0,0.999894559383,0.000256500439718,1174.76773677,0.0041426926,4.76,34.4552286678,0.494,3823
12.0,1.00014364719,0.000256505882135,1174.82903964,0.0041426926,4.76,34.4552286678,0.494,3823
12.0,0.999337732792,0.000256471481407,1174.89034262,0.0041426926,4.76,34.4552286678,0.494,3823
12.0,0.999641656876,0.000256497529335,1174.97207979,0.0041426926,4.76,34.4552286678,0.494,3823
12.0,1.00011587143,0.000256510335021,1175.03338267,0.0041426926,4.76,34.4552286678,0.494,3823
12.0,1.00018215179,0.000256490020547,1175.09468555,0.0041426926,4.76,34.4552286678,0.494,3823
12.0,1.00058329105,0.000256520695984,1175.15598844,0.0041426926,4.76,34.4552286678,0.494,3823
12.0,1.00071382523,0.000256511179032,1175.21729133,0.0041426926,4.76,34.4552286678,0.494,3823
12.0,1.00021529198,0.000256497267401,1175.27859432,0.0041426926,4.76,34.4552286678,0.494,3823
12.0,1.00001907349,0.000256476807408,1175.33989721,0.0041426926,4.76,34.4552286678,0.494,3823
12.0,1.0003772974,0.000256486324361,1175.4012001,0.0041426926,4.76,34.4552286678,0.494,3823
12.0,1.00072145462,0.000256497209193,1175.46250299,0.0041426926,4.76,34.4552286678,0.494,3823
12.0,1.00064241886,0.000256522616837,1175.52380589,0.0041426926,4.76,34.4552286678,0.494,3823
12.0,1.00024175644,0.000256512284977,1175.58510879,0.0041426926,4.76,34.4552286678,0.494,3823
12.0,1.00013303757,0.000256497063674,1175.64641169,0.0041426926,4.76,34.4552286678,0.494,3823
12.0,1.00001144409,0.000256489496678,1175.70771459,0.0041426926,4.76,34.4552286678,0.494,3823
12.0,1.00077831745,0.000256531522609,1175.7690176,0.0041426926,4.76,34.4552286678,0.494,3823
12.0,1.00054419041,0.00025650500902,1175.83032051,0.0041426926,4.76,34.4552286678,0.494,3823
12.0,1.0001308918,0.000256482686382,1175.89162342,0.0041426926,4.76,34.4552286678,0.494,3823
12.0,1.00008809566,0.000256468454609,1175.95292633,0.0041426926,4.76,34.4552286678,0.494,3823
12.0,1.00103700161,0.000256508908933,1176.01422934,0.0041426926,4.76,34.4552286678,0.494,3823
12.0,1.00111985207,0.000256503757555,1176.07553225,0.0041426926,4.76,34.4552286678,0.494,3823
12.0,1.00079894066,0.000256501312833,1176.13683517,0.0041426926,4.76,34.4552286678,0.494,3823
12.0,1.00061380863,0.000256476370851,1176.19813809,0.0041426926,4.76,34.4552286678,0.494,3823
12.0,1.00053822994,0.000256473751506,1176.25944101,0.0041426926,4.76,34.4552286678,0.494,3823
12.0,1.00017952919,0.00025646892027,1176.32074403,0.0041426926,4.76,34.4552286678,0.494,3823
12.0,1.00063323975,0.000256494793575,1176.38204696,0.0041426926,4.76,34.4552286678,0.494,3823
12.0,1.00053465366,0.000256472703768,1176.44334988,0.0041426926,4.76,34.4552286678,0.494,3823
12.0,1.00140547752,0.000256527098827,1176.50465281,0.0041426926,4.76,34.4552286678,0.494,3823
12.0,1.00113153458,0.000256508472376,1176.56595574,0.0041426926,4.76,34.4552286678,0.494,3823
12.0,1.00070083141,0.00025644688867,1176.62725867,0.0041426926,4.76,34.4552286678,0.494,3823
12.0,1.00115442276,0.00025647203438,1176.68856161,0.0041426926,4.76,34.4552286678,0.494,3823
12.0,1.00096154213,0.000256493134657,1176.74986454,0.0041426926,4.76,34.4552286678,0.494,3823
12.0,1.00101578236,0.000256496394286,1176.81116748,0.0041426926,4.76,34.4552286678,0.494,3823
12.0,1.00117659569,0.000256500294199,1176.87247062,0.0041426926,4.76,34.4552286678,0.494,3823
12.0,1.00038361549,0.000256459636148,1176.93377356,0.0041426926,4.76,34.4552286678,0.494,3823
12.0,1.00139772892,0.000256505067227,1176.9950765,0.0041426926,4.76,34.4552286678,0.494,3823
12.0,1.00065422058,0.000256438361248,1177.05637945,0.0041426926,4.76,34.4552286678,0.494,3823
12.0,1.00110447407,0.00025645995629,1177.1176823,0.0041426926,4.76,34.4552286678,0.494,3823
12.0,1.0012305975,0.000256453844486,1177.17898535,0.0041426926,4.76,34.4552286678,0.494,3823
12.0,1.00121974945,0.000256453378825,1177.2402883,0.0041426926,4.76,34.4552286678,0.494,3823
12.0,1.00121259689,0.000256451865425,1177.30159125,0.0041426926,4.76,34.4552286678,0.494,3823
12.0,1.00133728981,0.000256451399764,1177.3628942,0.0041426926,4.76,34.4552286678,0.494,3823
12.0,1.0018209219,0.000256452767644,1177.42419726,0.0041426926,4.76,34.4552286678,0.494,3823
12.0,1.00126159191,0.000256405037362,1177.50593454,0.0041426926,4.76,34.4552286678,0.494,3823
12.0,1.00146555901,0.000256419298239,1177.5672375,0.0041426926,4.76,34.4552286678,0.494,3823
12.0,1.00139057636,0.000256359868217,1177.62854046,0.0041426926,4.76,34.4552286678,0.494,3823
12.0,1.00125813484,0.000256391416769,1177.68984343,0.0041426926,4.76,34.4552286678,0.494,3823
12.0,1.00151264668,0.000256439874647,1177.7511464,0.0041426926,4.76,34.4552286678,0.494,3823
12.0,1.00178837776,0.000256445346167,1177.81244946,0.0041426926,4.76,34.4552286678,0.494,3823
12.0,1.00111544132,0.00025638542138,1177.87375243,0.0041426926,4.76,34.4552286678,0.494,3823
12.0,1.0018876791,0.000256471917965,1177.95548973,0.0041426926,4.76,34.4552286678,0.494,3823
12.0,1.00199854374,0.000256455503404,1178.01679271,0.0041426926,4.76,34.4552286678,0.494,3823
12.0,1.00172483921,0.000256444822298,1178.07809568,0.0041426926,4.76,34.4552286678,0.494,3823
12.0,1.00207686424,0.000256435421761,1178.13939866,0.0041426926,4.76,34.4552286678,0.494,3823
12.0,1.00107169151,0.000256311614066,1178.20070174,0.0041426926,4.76,34.4552286678,0.494,3823
12.0,1.0009021759,0.000256352155702,1178.26200472,0.0041426926,4.76,34.4552286678,0.494,3823
12.0,1.00129413605,0.000256384984823,1178.32330771,0.0041426926,4.76,34.4552286678,0.494,3823
12.0,1.00166332722,0.000256383180385,1178.38461069,0.0041426926,4.76,34.4552286678,0.494,3823
12.0,1.00137484074,0.000256366503891,1178.44591368,0.0041426926,4.76,34.4552286678,0.494,3823
12.0,1.00198161602,0.000256410101429,1178.50721667,0.0041426926,4.76,34.4552286678,0.494,3823
12.0,1.0015411377,0.000256369559793,1178.56851966,0.0041426926,4.76,34.4552286678,0.494,3823
12.0,1.00138163567,0.000256360915955,1178.62982266,0.0041426926,4.76,34.4552286678,0.494,3823
12.0,1.00112855434,0.000256361818174,1178.69112565,0.0041426926,4.76,34.4552286678,0.494,3823
12.0,1.00135350227,0.000256321160123,1178.75242885,0.0041426926,4.76,34.4552286678,0.494,3823
12.0,1.0026487112,0.000256349187111,1178.81373185,0.0041426926,4.76,34.4552286678,0.494,3823
12.0,1.00256896019,0.000256362865912,1178.89546908,0.0041426926,4.76,34.4552286678,0.494,3823
12.0,1.00203621387,0.000256345112575,1178.95677208,0.0041426926,4.76,34.4552286678,0.494,3823
12.0,1.00163125992,0.000256371189607,1179.01807519,0.0041426926,4.76,34.4552286678,0.494,3823
12.0,1.00106549263,0.000256325409282,1179.0793782,0.0041426926,4.76,34.4552286678,0.494,3823
12.0,1.0012794733,0.000256289931713,1179.1406812,0.0041426926,4.76,34.4552286678,0.494,3823
12.0,1.00142359734,0.0002562921145,1179.20198431,0.0041426926,4.76,34.4552286678,0.494,3823
12.0,1.00151765347,0.000256290571997,1179.26328733,0.0041426926,4.76,34.4552286678,0.494,3823
12.0,1.00163936615,0.000256275670836,1179.32459034,0.0041426926,4.76,34.4552286678,0.494,3823
12.0,1.00176358223,0.000256316765444,1179.38589336,0.0041426926,4.76,34.4552286678,0.494,3823
12.0,1.00098335743,0.000256245577475,1179.44719637,0.0041426926,4.76,34.4552286678,0.494,3823
12.0,1.00061774254,0.000256184692262,1179.50849939,0.0041426926,4.76,34.4552286678,0.494,3823
12.0,1.00100839138,0.000256253610132,1179.56980241,0.0041426926,4.76,34.4552286678,0.494,3823
12.0,1.00136518478,0.000256252329564,1179.63110554,0.0041426926,4.76,34.4552286678,0.494,3823
12.0,1.00130212307,0.000256229453953,1179.69240856,0.0041426926,4.76,34.4552286678,0.494,3823
12.0,1.00054180622,0.000256180355791,1179.75371159,0.0041426926,4.76,34.4552286678,0.494,3823
12.0,1.00077056885,0.000256139523117,1179.81501461,0.0041426926,4.76,34.4552286678,0.494,3823
12.0,1.00089490414,0.000256216328125,1179.87631764,0.0041426926,4.76,34.4552286678,0.494,3823
12.0,1.00062406063,0.000256168947089,1179.93762068,0.0041426926,4.76,34.4552286678,0.494,3823
12.0,1.00097191334,0.00025615550112,1179.99892371,0.0041426926,4.76,34.4552286678,0.494,3823
12.0,1.00123560429,0.00025616507628,1180.06022675,0.0041426926,4.76,34.4552286678,0.494,3823
12.0,1.00080120564,0.000256207305938,1180.12152978,0.0041426926,4.76,34.4552286678,0.494,3823
12.0,1.00066208839,0.000256045372225,1180.18283302,0.0041426926,4.76,34.4552286678,0.494,3823
12.0,1.00167679787,0.000256117491517,1180.24413606,0.0041426926,4.76,34.4552286678,0.494,3823
12.0,1.00150036812,0.000256063212873,1180.305439,0.0041426926,4.76,34.4552286678,0.494,3823
12.0,1.00120091438,0.000255991704762,1180.36674205,0.0041426926,4.76,34.4552286678,0.494,3823
12.0,1.00098621845,0.000256032362813,1180.42804519,0.0041426926,4.76,34.4552286678,0.494,3823
12.0,1.00077521801,0.000255971943261,1180.48934824,0.0041426926,4.76,34.4552286678,0.494,3823
12.0,1.00109374523,0.000256007653661,1180.55065129,0.0041426926,4.76,34.4552286678,0.494,3823
12.0,1.00094020367,0.000256014958723,1180.61195434,0.0041426926,4.76,34.4552286678,0.494,3823
12.0,1.00054776669,0.000255989056313,1180.6732574,0.0041426926,4.76,34.4552286678,0.494,3823
12.0,1.00013959408,0.000255947263213,1180.73456055,0.0041426926,4.76,34.4552286678,0.494,3823
12.0,1.00025379658,0.000255988212302,1180.79586361,0.0041426926,4.76,34.4552286678,0.494,3823
12.0,1.00055098534,0.000256000173977,1180.85716666,0.0041426926,4.76,34.4552286678,0.494,3823
12.0,1.00036895275,0.000255961291259,1180.93890408,0.0041426926,4.76,34.4552286678,0.494,3823
12.0,1.00040507317,0.000255975668551,1181.00020714,0.0041426926,4.76,34.4552286678,0.494,3823
12.0,0.999960303307,0.000255954422755,1181.0615102,0.0041426926,4.76,34.4552286678,0.494,3823
12.0,1.00034105778,0.000255979597569,1181.12281337,0.0041426926,4.76,34.4552286678,0.494,3823
12.0,1.00001239777,0.000255883613136,1181.18411644,0.0041426926,4.76,34.4552286678,0.494,3823
12.0,1.00004661083,0.000255924183875,1181.24541951,0.0041426926,4.76,34.4552286678,0.494,3823
12.0,0.999989330769,0.00025584755349,1181.30672258,0.0041426926,4.76,34.4552286678,0.494,3823
12.0,1.00028598309,0.000255836872384,1181.36802565,0.0041426926,4.76,34.4552286678,0.494,3823
12.0,1.00011825562,0.000255870487308,1181.42932872,0.0041426926,4.76,34.4552286678,0.494,3823
12.0,1.00009965897,0.000255828868831,1181.4906318,0.0041426926,4.76,34.4552286678,0.494,3823
12.0,0.999901890755,0.000255791703239,1181.55193498,0.0041426926,4.76,34.4552286678,0.494,3823
12.0,1.00011467934,0.000255819497397,1181.61323806,0.0041426926,4.76,34.4552286678,0.494,3823
12.0,1.00022137165,0.000255829596426,1181.67454114,0.0041426926,4.76,34.4552286678,0.494,3823
12.0,0.999651670456,0.000255845079664,1181.73584432,0.0041426926,4.76,34.4552286678,0.494,3823
12.0,0.999830007553,0.000255786668276,1181.7971474,0.0041426926,4.76,34.4552286678,0.494,3823
12.0,0.999736189842,0.000255807390204,1181.85845049,0.0041426926,4.76,34.4552286678,0.494,3823
12.0,0.999562740326,0.000255803402979,1181.91975358,0.0041426926,4.76,34.4552286678,0.494,3823
12.0,0.999622762203,0.00025582726812,1181.98105667,0.0041426926,4.76,34.4552286678,0.494,3823
14.0,1.00001823902,0.00028344229213,1274.16076429,0.0041426926,4.76,34.4552286678,0.494,3823
14.0,0.999982953072,0.000283397588646,1274.22206681,0.0041426926,4.76,34.4552286678,0.494,3823
14.0,1.00014865398,0.000283540022792,1274.28336934,0.0041426926,4.76,34.4552286678,0.494,3823
14.0,0.999934434891,0.000283484201645,1274.34467186,0.0041426926,4.76,34.4552286678,0.494,3823
14.0,0.999517560005,0.000283524073893,1274.40597438,0.0041426926,4.76,34.4552286678,0.494,3823
14.0,0.999117732048,0.000283523171674,1274.46727689,0.0041426926,4.76,34.4552286678,0.494,3823
14.0,0.99989426136,0.000283659959678,1274.52857941,0.0041426926,4.76,34.4552286678,0.494,3823
14.0,0.999489068985,0.000283586850855,1274.58988192,0.0041426926,4.76,34.4552286678,0.494,3823
14.0,0.999738931656,0.000283596513327,1274.65118443,0.0041426926,4.76,34.4552286678,0.494,3823
14.0,0.999487400055,0.000283643777948,1274.71248694,0.0041426926,4.76,34.4552286678,0.494,3823
14.0,0.999449729919,0.000283634086372,1274.77378945,0.0041426926,4.76,34.4552286678,0.494,3823
14.0,0.999945878983,0.000283569883322,1274.85552622,0.0041426926,4.76,34.4552286678,0.494,3823
14.0,0.999600052834,0.000283619039692,1274.91682872,0.0041426926,4.76,34.4552286678,0.494,3823
14.0,0.999073266983,0.000283660687273,1274.97813122,0.0041426926,4.76,34.4552286678,0.494,3823
14.0,0.998831927776,0.000283592817141,1275.03943371,0.0041426926,4.76,34.4552286678,0.494,3823
14.0,0.999601483345,0.000283681583824,1275.10073621,0.0041426926,4.76,34.4552286678,0.494,3823
14.0,0.999598145485,0.00028360565193,1275.1620387,0.0041426926,4.76,34.4552286678,0.494,3823
14.0,0.999352574348,0.000283638946712,1275.22334119,0.0041426926,4.76,34.4552286678,0.494,3823
14.0,0.999948501587,0.000283645058516,1275.28464378,0.0041426926,4.76,34.4552286678,0.494,3823
14.0,0.999516010284,0.000283635716187,1275.34594627,0.0041426926,4.76,34.4552286678,0.494,3823
14.0,0.999593377113,0.000283656379906,1275.40724885,0.0041426926,4.76,34.4552286678,0.494,3823
14.0,0.999313950539,0.000283615168883,1275.46855133,0.0041426926,4.76,34.4552286678,0.494,3823
14.0,0.998660027981,0.000283616915112,1275.52985381,0.0041426926,4.76,34.4552286678,0.494,3823
14.0,0.999257564545,0.000283618603135,1275.59115629,0.0041426926,4.76,34.4552286678,0.494,3823
14.0,0.9995470047,0.000283667148324,1275.65245866,0.0041426926,4.76,34.4552286678,0.494,3823
14.0,0.99886405468,0.000283604778815,1275.71376114,0.0041426926,4.76,34.4552286678,0.494,3823
14.0,0.999039530754,0.000283601635601,1275.77506371,0.0041426926,4.76,34.4552286678,0.494,3823
14.0,0.99894952774,0.000283586967271,1275.83636618,0.0041426926,4.76,34.4552286678,0.494,3823
14.0,0.999184727669,0.00028363178717,1275.89766864,0.0041426926,4.76,34.4552286678,0.494,3823
14.0,0.999074220657,0.00028362654848,1275.95897121,0.0041426926,4.76,34.4552286678,0.494,3823
14.0,0.998993754387,0.000283619796392,1276.02027367,0.0041426926,4.76,34.4552286678,0.494,3823
14.0,0.999087452888,0.000283636094537,1276.10201028,0.0041426926,4.76,34.4552286678,0.494,3823
14.0,0.998314619064,0.000283585657598,1276.16331274,0.0041426926,4.76,34.4552286678,0.494,3823
14.0,0.998753488064,0.000283646659227,1276.22461519,0.0041426926,4.76,34.4552286678,0.494,3823
14.0,0.999126911163,0.000283660978312,1276.28591765,0.0041426926,4.76,34.4552286678,0.494,3823
14.0,0.998810350895,0.000283691653749,1276.3472202,0.0041426926,4.76,34.4552286678,0.494,3823
14.0,0.99918282032,0.000283706642222,1276.40852264,0.0041426926,4.76,34.4552286678,0.494,3823
14.0,0.999287843704,0.000283700268483,1276.46982509,0.0041426926,4.76,34.4552286678,0.494,3823
14.0,0.998661279678,0.000283693516394,1276.53112761,0.0041426926,4.76,34.4552286678,0.494,3823
14.0,0.99894952774,0.000283681438304,1276.59243005,0.0041426926,4.76,34.4552286678,0.494,3823
14.0,0.99857199192,0.000283658737317,1276.65373239,0.0041426926,4.76,34.4552286678,0.494,3823
14.0,0.998494148254,0.000283698580461,1276.71503493,0.0041426926,4.76,34.4552286678,0.494,3823
14.0,0.998403012753,0.00028369249776,1276.77633726,0.0041426926,4.76,34.4552286678,0.494,3823
14.0,0.998635590076,0.000283662520815,1276.83763969,0.0041426926,4.76,34.4552286678,0.494,3823
14.0,0.998557448387,0.000283679837594,1276.89894223,0.0041426926,4.76,34.4552286678,0.494,3823
14.0,0.998893678188,0.000283682078589,1276.96024475,0.0041426926,4.76,34.4552286678,0.494,3823
14.0,0.998885154724,0.000283681962173,1277.02154718,0.0041426926,4.76,34.4552286678,0.494,3823
14.0,0.998549640179,0.000283739966108,1277.0828496,0.0041426926,4.76,34.4552286678,0.494,3823
14.0,0.998694896698,0.000283700530417,1277.14415203,0.0041426926,4.76,34.4552286678,0.494,3823
14.0,0.998546600342,0.000283644039882,1277.20545445,0.0041426926,4.76,34.4552286678,0.494,3823
14.0,0.998592555523,0.000283717963612,1277.26675686,0.0041426926,4.76,34.4552286678,0.494,3823
14.0,0.999063491821,0.000283741828753,1277.32805928,0.0041426926,4.76,34.4552286678,0.494,3823
14.0,0.998680233955,0.00028370245127,1277.38936169,0.0041426926,4.76,34.4552286678,0.494,3823
14.0,0.999139785767,0.000283702771412,1277.4506641,0.0041426926,4.76,34.4552286678,0.494,3823
14.0,0.998485863209,0.00028365952312,1277.51196651,0.0041426926,4.76,34.4552286678,0.494,3823
14.0,0.998747646809,0.000283711007796,1277.57326902,0.0041426926,4.76,34.4552286678,0.494,3823
14.0,0.998279869556,0.000283705652691,1277.63457142,0.0041426926,4.76,34.4552286678,0.494,3823
14.0,0.998912036419,0.000283728557406,1277.69587392,0.0041426926,4.76,34.4552286678,0.494,3823
14.0,0.998513877392,0.000283714995021,1277.75717632,0.0041426926,4.76,34.4552286678,0.494,3823
14.0,0.997940540314,0.000283743429463,1277.81847872,0.0041426926,4.76,34.4552286678,0.494,3823
14.0,0.998421132565,0.00028377250419,1277.87978111,0.0041426926,4.76,34.4552286678,0.494,3823
14.0,0.998755455017,0.0002837900538,1277.94108351,0.0041426926,4.76,34.4552286678,0.494,3823
14.0,0.998756945133,0.000283764587948,1278.0023859,0.0041426926,4.76,34.4552286678,0.494,3823
14.0,0.998892605305,0.000283777539153,1278.06368829,0.0041426926,4.76,34.4552286678,0.494,3823
14.0,0.998206734657,0.000283734407276,1278.12499067,0.0041426926,4.76,34.4552286678,0.494,3823
14.0,0.99889934063,0.000283774599666,1278.18629316,0.0041426926,4.76,34.4552286678,0.494,3823
14.0,0.998622238636,0.000283776374999,1278.24759554,0.0041426926,4.76,34.4552286678,0.494,3823
14.0,0.998768925667,0.000283787434455,1278.30889792,0.0041426926,4.76,34.4552286678,0.494,3823
14.0,0.998579144478,0.000283742934698,1278.37020029,0.0041426926,4.76,34.4552286678,0.494,3823
14.0,0.998988986015,0.000283790519461,1278.43150267,0.0041426926,4.76,34.4552286678,0.494,3823
14.0,0.99849408865,0.000283795088762,1278.51323917,0.0041426926,4.76,34.4552286678,0.494,3823
14.0,0.998856067657,0.000283800764009,1278.57454154,0.0041426926,4.76,34.4552286678,0.494,3823
14.0,0.998370885849,0.000283759669401,1278.635844,0.0041426926,4.76,34.4552286678,0.494,3823
14.0,0.998526096344,0.000283827423118,1278.69714637,0.0041426926,4.76,34.4552286678,0.494,3823
14.0,0.998392701149,0.000283828820102,1278.79931687,0.0041426926,4.76,34.4552286678,0.494,3823
14.0,0.998521924019,0.00028383085737,1278.88105345,0.0041426926,4.76,34.4552286678,0.494,3823
14.0,0.998166680336,0.000283786037471,1278.94235581,0.0041426926,4.76,34.4552286678,0.494,3823
14.0,0.999145030975,0.000283858855255,1279.00365816,0.0041426926,4.76,34.4552286678,0.494,3823
14.0,0.998589098454,0.000283831584966,1279.08539473,0.0041426926,4.76,34.4552286678,0.494,3823
14.0,0.999555110931,0.00028392218519,1279.16713119,0.0041426926,4.76,34.4552286678,0.494,3823
14.0,0.998156487942,0.000283789151581,1279.22843354,0.0041426926,4.76,34.4552286678,0.494,3823
14.0,0.998428344727,0.000283835805021,1279.28973588,0.0041426926,4.76,34.4552286678,0.494,3823
14.0,0.997863769531,0.000283805682557,1279.35103822,0.0041426926,4.76,34.4552286678,0.494,3823
14.0,0.998200774193,0.000283824483631,1279.43277477,0.0041426926,4.76,34.4552286678,0.494,3823
14.0,0.998290598392,0.000283838482574,1279.49407711,0.0041426926,4.76,34.4552286678,0.494,3823
14.0,0.998004794121,0.000283810280962,1279.55537944,0.0041426926,4.76,34.4552286678,0.494,3823
14.0,0.998358786106,0.000283849949483,1279.61668178,0.0041426926,4.76,34.4552286678,0.494,3823
14.0,0.998706817627,0.000283862755168,1279.6779841,0.0041426926,4.76,34.4552286678,0.494,3823
14.0,0.997824430466,0.000283817003947,1279.73928643,0.0041426926,4.76,34.4552286678,0.494,3823
14.0,0.998290002346,0.000283859029878,1279.80058876,0.0041426926,4.76,34.4552286678,0.494,3823
14.0,0.998391628265,0.000283861620119,1279.86189118,0.0041426926,4.76,34.4552286678,0.494,3823
14.0,0.998041927814,0.000283839210169,1279.9231935,0.0041426926,4.76,34.4552286678,0.494,3823
14.0,0.998423337936,0.00028384567122,1279.98449582,0.0041426926,4.76,34.4552286678,0.494,3823
14.0,0.99852925539,0.000283864617813,1280.04579813,0.0041426926,4.76,34.4552286678,0.494,3823
14.0,0.998506486416,0.000283872243017,1280.10710044,0.0041426926,4.76,34.4552286678,0.494,3823
14.0,0.998498439789,0.000283867033431,1280.16840275,0.0041426926,4.76,34.4552286678,0.494,3823
14.0,0.998396873474,0.000283864123048,1280.22970506,0.0041426926,4.76,34.4552286678,0.494,3823
14.0,0.998072326183,0.000283823872451,1280.29100737,0.0041426926,4.76,34.4552286678,0.494,3823
14.0,0.998202621937,0.000283840228803,1280.35230967,0.0041426926,4.76,34.4552286678,0.494,3823
14.0,0.998181521893,0.000283836794551,1280.41361207,0.0041426926,4.76,34.4552286678,0.494,3823
14.0,0.998975396156,0.000283890898572,1280.47491437,0.0041426926,4.76,34.4552286678,0.494,3823
14.0,0.998677492142,0.000283870031126,1280.53621677,0.0041426926,4.76,34.4552286678,0.494,3823
14.0,0.998727023602,0.000283852918074,1280.59751907,0.0041426926,4.76,34.4552286678,0.494,3823
14.0,0.998845338821,0.000283887347905,1280.65882136,0.0041426926,4.76,34.4552286678,0.494,3823
14.0,0.998170256615,0.000283846165985,1280.72012365,0.0041426926,4.76,34.4552286678,0.494,3823
14.0,0.998483538628,0.000283855741145,1280.78142594,0.0041426926,4.76,34.4552286678,0.494,3823
14.0,0.998707294464,0.000283873727312,1280.84272822,0.0041426926,4.76,34.4552286678,0.494,3823
14.0,0.998320877552,0.000283819361357,1280.90403051,0.0041426926,4.76,34.4552286678,0.494,3823
14.0,0.99907374382,0.000283904460957,1280.96533279,0.0041426926,4.76,34.4552286678,0.494,3823
14.0,0.998558223248,0.000283808942186,1281.02663506,0.0041426926,4.76,34.4552286678,0.494,3823
14.0,0.998714745045,0.000283871166175,1281.08793734,0.0041426926,4.76,34.4552286678,0.494,3823
14.0,0.998466551304,0.000283820962068,1281.16967381,0.0041426926,4.76,34.4552286678,0.494,3823
14.0,0.998619377613,0.000283839384792,1281.23097608,0.0041426926,4.76,34.4552286678,0.494,3823
14.0,0.997904419899,0.000283784524072,1281.29227835,0.0041426926,4.76,34.4552286678,0.494,3823
14.0,0.998274505138,0.000283838919131,1281.35358061,0.0041426926,4.76,34.4552286678,0.494,3823
14.0,0.998417496681,0.000283845089143,1281.41488288,0.0041426926,4.76,34.4552286678,0.494,3823
14.0,0.999030947685,0.000283882312942,1281.47618514,0.0041426926,4.76,34.4552286678,0.494,3823
14.0,0.998012840748,0.00028378420393,1281.5374874,0.0041426926,4.76,34.4552286678,0.494,3823
14.0,0.999093651772,0.000283987843432,1281.59878975,0.0041426926,4.76,34.4552286678,0.494,3823
14.0,0.99810397625,0.000283833418507,1281.66009201,0.0041426926,4.76,34.4552286678,0.494,3823
14.0,0.998900711536,0.000283857400063,1281.72139436,0.0041426926,4.76,34.4552286678,0.494,3823
14.0,0.998909950256,0.000283869128907,1281.78269661,0.0041426926,4.76,34.4552286678,0.494,3823
14.0,0.998639702797,0.000283847621176,1281.84399886,0.0041426926,4.76,34.4552286678,0.494,3823
14.0,0.998904824257,0.000283889850834,1281.9053011,0.0041426926,4.76,34.4552286678,0.494,3823
14.0,0.998936712742,0.000283978646621,1281.96660335,0.0041426926,4.76,34.4552286678,0.494,3823
14.0,0.99910235405,0.000283986038994,1282.02790559,0.0041426926,4.76,34.4552286678,0.494,3823
14.0,0.99897646904,0.000284014007775,1282.10964191,0.0041426926,4.76,34.4552286678,0.494,3823
14.0,0.999517440796,0.000283947098069,1282.17094414,0.0041426926,4.76,34.4552286678,0.494,3823
14.0,0.998713076115,0.000283946894342,1282.23224637,0.0041426926,4.76,34.4552286678,0.494,3823
14.0,0.998721182346,0.000283973902697,1282.29354871,0.0041426926,4.76,34.4552286678,0.494,3823
14.0,0.999031543732,0.000283995148493,1282.35485093,0.0041426926,4.76,34.4552286678,0.494,3823
14.0,0.999070644379,0.000283998582745,1282.43658733,0.0041426926,4.76,34.4552286678,0.494,3823
14.0,0.999276995659,0.00028399983421,1282.49788956,0.0041426926,4.76,34.4552286678,0.494,3823
14.0,0.999043345451,0.000283993111225,1282.55919178,0.0041426926,4.76,34.4552286678,0.494,3823
14.0,0.999081611633,0.000283949571894,1282.620494,0.0041426926,4.76,34.4552286678,0.494,3823
14.0,0.999176621437,0.000283974659396,1282.68179621,0.0041426926,4.76,34.4552286678,0.494,3823
14.0,0.999359130859,0.000284019246465,1282.74309833,0.0041426926,4.76,34.4552286678,0.494,3823
14.0,0.999102592468,0.000283984758426,1282.80440064,0.0041426926,4.76,34.4552286678,0.494,3823
14.0,0.99919295311,0.000284004578134,1282.86570285,0.0041426926,4.76,34.4552286678,0.494,3823
14.0,0.998925328255,0.000283932429738,1282.92700505,0.0041426926,4.76,34.4552286678,0.494,3823
14.0,0.999347925186,0.000284003966954,1282.98830726,0.0041426926,4.76,34.4552286678,0.494,3823
14.0,0.999095439911,0.00028393662069,1283.04960946,0.0041426926,4.76,34.4552286678,0.494,3823
14.0,0.998610913754,0.000283942616079,1283.11091176,0.0041426926,4.76,34.4552286678,0.494,3823
14.0,0.999432086945,0.00028399808798,1283.17221396,0.0041426926,4.76,34.4552286678,0.494,3823
14.0,0.998834490776,0.000283962173853,1283.23351615,0.0041426926,4.76,34.4552286678,0.494,3823
14.0,0.999113202095,0.000283950939775,1283.29481834,0.0041426926,4.76,34.4552286678,0.494,3823
14.0,0.99896478653,0.000283886824036,1283.35612053,0.0041426926,4.76,34.4552286678,0.494,3823
14.0,0.998658657074,0.000283907458652,1283.43785678,0.0041426926,4.76,34.4552286678,0.494,3823
14.0,0.999263167381,0.000283949455479,1283.49915897,0.0041426926,4.76,34.4552286678,0.494,3823
14.0,0.999603033066,0.000283937115455,1283.56046125,0.0041426926,4.76,34.4552286678,0.494,3823
14.0,0.999352931976,0.000283950153971,1283.62176343,0.0041426926,4.76,34.4552286678,0.494,3823
14.0,0.998633265495,0.000283843692159,1283.68306561,0.0041426926,4.76,34.4552286678,0.494,3823
14.0,0.999561429024,0.000283927132841,1283.74436778,0.0041426926,4.76,34.4552286678,0.494,3823
14.0,0.999312758446,0.000283873232547,1283.80566995,0.0041426926,4.76,34.4552286678,0.494,3823
14.0,0.999394893646,0.000283901026705,1283.86697212,0.0041426926,4.76,34.4552286678,0.494,3823
14.0,0.999124526978,0.000283833447611,1283.92827439,0.0041426926,4.76,34.4552286678,0.494,3823
14.0,0.999202847481,0.000283898087218,1283.98957656,0.0041426926,4.76,34.4552286678,0.494,3823
14.0,0.99929702282,0.000283848989056,1284.05087872,0.0041426926,4.76,34.4552286678,0.494,3823
14.0,0.99940264225,0.000283893547021,1284.11218078,0.0041426926,4.76,34.4552286678,0.494,3823
14.0,0.998569309711,0.000283849134576,1284.17348294,0.0041426926,4.76,34.4552286678,0.494,3823
14.0,0.999892950058,0.000283923582174,1284.2347853,0.0041426926,4.76,34.4552286678,0.494,3823
14.0,1.0001347065,0.00028402658063,1284.29608745,0.0041426926,4.76,34.4552286678,0.494,3823
14.0,0.998365998268,0.000283865752863,1284.3573896,0.0041426926,4.76,34.4552286678,0.494,3823
14.0,0.999289751053,0.000283896864858,1284.41869175,0.0041426926,4.76,34.4552286678,0.494,3823
14.0,0.999350428581,0.000283931411104,1284.4799939,0.0041426926,4.76,34.4552286678,0.494,3823
14.0,0.999743103981,0.000283920642687,1284.54129604,0.0041426926,4.76,34.4552286678,0.494,3823
14.0,0.999664902687,0.000283833767753,1284.60259818,0.0041426926,4.76,34.4552286678,0.494,3823
14.0,0.999476313591,0.000283891626168,1284.66390032,0.0041426926,4.76,34.4552286678,0.494,3823
14.0,0.999674081802,0.000283878383925,1284.74563661,0.0041426926,4.76,34.4552286678,0.494,3823
14.0,1.00057768822,0.000283954956103,1284.80693874,0.0041426926,4.76,34.4552286678,0.494,3823
14.0,0.999848484993,0.000283890549326,1284.86824087,0.0041426926,4.76,34.4552286678,0.494,3823
14.0,0.999374270439,0.000283880101051,1284.929543,0.0041426926,4.76,34.4552286678,0.494,3823
14.0,0.999873876572,0.000283863104414,1284.99084513,0.0041426926,4.76,34.4552286678,0.494,3823
14.0,1.00112092495,0.000284126697807,1285.07258129,0.0041426926,4.76,34.4552286678,0.494,3823
14.0,0.999708414078,0.000284049747279,1285.13388351,0.0041426926,4.76,34.4552286678,0.494,3823
14.0,1.00063955784,0.000284060690319,1285.19518563,0.0041426926,4.76,34.4552286678,0.494,3823
14.0,1.00001418591,0.000283990026219,1285.25648775,0.0041426926,4.76,34.4552286678,0.494,3823
14.0,0.99970638752,0.000284051988274,1285.31778986,0.0041426926,4.76,34.4552286678,0.494,3823
14.0,1.00063848495,0.000284107722109,1285.37909197,0.0041426926,4.76,34.4552286678,0.494,3823
14.0,1.00030100346,0.000284088222543,1285.44039408,0.0041426926,4.76,34.4552286678,0.494,3823
14.0,1.00057291985,0.000284142646706,1285.50169619,0.0041426926,4.76,34.4552286678,0.494,3823
14.0,0.999947190285,0.000284037378151,1285.56299829,0.0041426926,4.76,34.4552286678,0.494,3823
14.0,1.00043559074,0.000284078123514,1285.6243004,0.0041426926,4.76,34.4552286678,0.494,3823
14.0,1.00036418438,0.000284096982796,1285.6856025,0.0041426926,4.76,34.4552286678,0.494,3823
14.0,0.999700903893,0.000284024863504,1285.74690459,0.0041426926,4.76,34.4552286678,0.494,3823
14.0,1.0002849102,0.000284114299575,1285.80820689,0.0041426926,4.76,34.4552286678,0.494,3823
14.0,1.00044584274,0.000284075998934,1285.86950898,0.0041426926,4.76,34.4552286678,0.494,3823
14.0,1.00031018257,0.000284035952063,1285.93081107,0.0041426926,4.76,34.4552286678,0.494,3823
14.0,1.00097239017,0.000284068897599,1285.99211316,0.0041426926,4.76,34.4552286678,0.494,3823
14.0,1.00049293041,0.000284060050035,1286.05341514,0.0041426926,4.76,34.4552286678,0.494,3823
14.0,1.00048816204,0.000284110428765,1286.11471723,0.0041426926,4.76,34.4552286678,0.494,3823
14.0,1.00083839893,0.000284088542685,1286.17601941,0.0041426926,4.76,34.4552286678,0.494,3823
14.0,1.00041222572,0.000284081674181,1286.23732148,0.0041426926,4.76,34.4552286678,0.494,3823
14.0,1.00085568428,0.00028409488732,1286.29862356,0.0041426926,4.76,34.4552286678,0.494,3823
14.0,1.00047254562,0.000284089212073,1286.35992563,0.0041426926,4.76,34.4552286678,0.494,3823
14.0,1.00039708614,0.000284046633169,1286.4212277,0.0041426926,4.76,34.4552286678,0.494,3823
14.0,1.00066077709,0.000284110719804,1286.48252987,0.0041426926,4.76,34.4552286678,0.494,3823
14.0,1.00102388859,0.000284115492832,1286.54383194,0.0041426926,4.76,34.4552286678,0.494,3823
14.0,1.00100052357,0.000284054636722,1286.605134,0.0041426926,4.76,34.4552286678,0.494,3823
14.0,1.00076830387,0.000284007401206,1286.66643606,0.0041426926,4.76,34.4552286678,0.494,3823
14.0,1.00095558167,0.000284025765723,1286.72773812,0.0041426926,4.76,34.4552286678,0.494,3823
14.0,1.00073635578,0.000284076522803,1286.78904018,0.0041426926,4.76,34.4552286678,0.494,3823
14.0,1.00038707256,0.000284062407445,1286.85034223,0.0041426926,4.76,34.4552286678,0.494,3823
14.0,1.00100052357,0.000284016306978,1286.91164428,0.0041426926,4.76,34.4552286678,0.494,3823
14.0,1.00118649006,0.000284103734884,1286.97294633,0.0041426926,4.76,34.4552286678,0.494,3823
14.0,1.00099098682,0.000284147739876,1287.03424838,0.0041426926,4.76,34.4552286678,0.494,3823
14.0,1.00115287304,0.000284036679659,1287.09555042,0.0041426926,4.76,34.4552286678,0.494,3823
14.0,1.00099766254,0.000284040841507,1287.15685266,0.0041426926,4.76,34.4552286678,0.494,3823
14.0,1.00213885307,0.000284178036964,1287.2181547,0.0041426926,4.76,34.4552286678,0.494,3823
14.0,1.00107300282,0.000283860950731,1287.27945674,0.0041426926,4.76,34.4552286678,0.494,3823
14.0,1.00116848946,0.000283909001155,1287.34075877,0.0041426926,4.76,34.4552286678,0.494,3823
14.0,1.00110375881,0.000283961038804,1287.4020608,0.0041426926,4.76,34.4552286678,0.494,3823
14.0,1.00099015236,0.000284001725959,1287.46336283,0.0041426926,4.76,34.4552286678,0.494,3823
14.0,1.00093817711,0.000283973262412,1287.52466486,0.0041426926,4.76,34.4552286678,0.494,3823
14.0,1.00106418133,0.000283977657091,1287.58596688,0.0041426926,4.76,34.4552286678,0.494,3823
14.0,1.00115299225,0.000284003006527,1287.64726891,0.0041426926,4.76,34.4552286678,0.494,3823
14.0,1.0014333725,0.000284040113911,1287.70857092,0.0041426926,4.76,34.4552286678,0.494,3823
14.0,1.00180566311,0.000284000037936,1287.76987294,0.0041426926,4.76,34.4552286678,0.494,3823
14.0,1.00102424622,0.000283999252133,1287.83117506,0.0041426926,4.76,34.4552286678,0.494,3823
14.0,1.00277471542,0.000284089619527,1287.89247707,0.0041426926,4.76,34.4552286678,0.494,3823
14.0,1.00228607655,0.000284193898551,1287.95377908,0.0041426926,4.76,34.4552286678,0.494,3823
14.0,1.0020377636,0.000284095964162,1288.03551509,0.0041426926,4.76,34.4552286678,0.494,3823
14.0,1.00183999538,0.000284064823063,1288.09681709,0.0041426926,4.76,34.4552286678,0.494,3823
14.0,1.00204002857,0.000284093315713,1288.15811909,0.0041426926,4.76,34.4552286678,0.494,3823
14.0,1.00215244293,0.00028411418316,1288.21942109,0.0041426926,4.76,34.4552286678,0.494,3823
14.0,1.00111758709,0.000283994158963,1288.28072319,0.0041426926,4.76,34.4552286678,0.494,3823
14.0,1.00204765797,0.000284086243482,1288.34202518,0.0041426926,4.76,34.4552286678,0.494,3823
14.0,1.00154316425,0.000284029578324,1288.40332718,0.0041426926,4.76,34.4552286678,0.494,3823
14.0,1.00174438953,0.000284045003355,1288.46462926,0.0041426926,4.76,34.4552286678,0.494,3823
14.0,1.00186526775,0.00028407361242,1288.52593125,0.0041426926,4.76,34.4552286678,0.494,3823
14.0,1.00167536736,0.000283995905193,1288.58723324,0.0041426926,4.76,34.4552286678,0.494,3823
14.0,1.00207459927,0.000284006993752,1288.64853522,0.0041426926,4.76,34.4552286678,0.494,3823
14.0,1.00136256218,0.000283984583803,1288.7098372,0.0041426926,4.76,34.4552286678,0.494,3823
14.0,1.001303792,0.000284002133412,1288.77113917,0.0041426926,4.76,34.4552286678,0.494,3823
14.0,1.0022970438,0.000284062087303,1288.83244115,0.0041426926,4.76,34.4552286678,0.494,3823
14.0,1.00169217587,0.000284048554022,1288.89374312,0.0041426926,4.76,34.4552286678,0.494,3823
14.0,1.00178313255,0.000284018780803,1288.95504509,0.0041426926,4.76,34.4552286678,0.494,3823
14.0,1.00192165375,0.00028403478791,1289.01634716,0.0041426926,4.76,34.4552286678,0.494,3823
14.0,1.00157213211,0.000284008710878,1289.07764912,0.0041426926,4.76,34.4552286678,0.494,3823
14.0,1.00168657303,0.000284033652861,1289.13895108,0.0041426926,4.76,34.4552286678,0.494,3823
14.0,1.00190138817,0.000283970119199,1289.20025304,0.0041426926,4.76,34.4552286678,0.494,3823
14.0,1.00202524662,0.000284207431832,1289.261555,0.0041426926,4.76,34.4552286678,0.494,3823
14.0,1.00173377991,0.000283970410237,1289.32285696,0.0041426926,4.76,34.4552286678,0.494,3823
14.0,1.00150299072,0.000283953617327,1289.38415891,0.0041426926,4.76,34.4552286678,0.494,3823
14.0,1.00212287903,0.000283874134766,1289.44546086,0.0041426926,4.76,34.4552286678,0.494,3823
14.0,1.00301063061,0.000284020410618,1296.43386813,0.0041426926,4.76,34.4552286678,0.494,3823
14.0,1.00293982029,0.000284045905573,1296.49516989,0.0041426926,4.76,34.4552286678,0.494,3823
14.0,1.00306046009,0.000284089997876,1296.55647154,0.0041426926,4.76,34.4552286678,0.494,3823
14.0,1.00303661823,0.000284077832475,1296.6177733,0.0041426926,4.76,34.4552286678,0.494,3823
14.0,1.00306975842,0.00028412102256,1296.67907495,0.0041426926,4.76,34.4552286678,0.494,3823
14.0,1.00315749645,0.000284095847746,1296.74037659,0.0041426926,4.76,34.4552286678,0.494,3823
14.0,1.00380563736,0.000284123350866,1296.80167824,0.0041426926,4.76,34.4552286678,0.494,3823
14.0,1.00324368477,0.000284110952634,1296.86297988,0.0041426926,4.76,34.4552286678,0.494,3823
14.0,1.00315523148,0.000284050853224,1296.92428152,0.0041426926,4.76,34.4552286678,0.494,3823
14.0,1.00342845917,0.000284060835838,1296.98558316,0.0041426926,4.76,34.4552286678,0.494,3823
14.0,1.00372087955,0.000284083216684,1297.04688479,0.0041426926,4.76,34.4552286678,0.494,3823
14.0,1.00318360329,0.000284035952063,1297.10818642,0.0041426926,4.76,34.4552286678,0.494,3823
14.0,1.00318777561,0.000284065725282,1297.16948805,0.0041426926,4.76,34.4552286678,0.494,3823
14.0,1.00290060043,0.000284000649117,1297.23078968,0.0041426926,4.76,34.4552286678,0.494,3823
14.0,1.00285053253,0.000283996021608,1297.29209141,0.0041426926,4.76,34.4552286678,0.494,3823
14.0,1.00313770771,0.000284054258373,1297.35339303,0.0041426926,4.76,34.4552286678,0.494,3823
14.0,1.00312685966,0.000284057605313,1297.41469465,0.0041426926,4.76,34.4552286678,0.494,3823
14.0,1.00340533257,0.000284049368929,1297.47599626,0.0041426926,4.76,34.4552286678,0.494,3823
14.0,1.00339782238,0.00028406229103,1297.53729788,0.0041426926,4.76,34.4552286678,0.494,3823
14.0,1.00333547592,0.000284070789348,1297.59859959,0.0041426926,4.76,34.4552286678,0.494,3823
14.0,1.00300359726,0.000284001638647,1297.6599012,0.0041426926,4.76,34.4552286678,0.494,3823
14.0,1.00345754623,0.000284057401586,1297.7212027,0.0041426926,4.76,34.4552286678,0.494,3823
14.0,1.00290513039,0.000284033652861,1297.78250431,0.0041426926,4.76,34.4552286678,0.494,3823
14.0,1.00283169746,0.000284021749394,1297.84380591,0.0041426926,4.76,34.4552286678,0.494,3823
14.0,1.00345802307,0.000284050795017,1297.9051075,0.0041426926,4.76,34.4552286678,0.494,3823
14.0,1.00383579731,0.00028404261684,1297.9664092,0.0041426926,4.76,34.4552286678,0.494,3823
14.0,1.00312006474,0.000284012960037,1298.02771079,0.0041426926,4.76,34.4552286678,0.494,3823
14.0,1.00398409367,0.000284074019874,1298.08901248,0.0041426926,4.76,34.4552286678,0.494,3823
14.0,1.00389754772,0.000284070905764,1298.15031407,0.0041426926,4.76,34.4552286678,0.494,3823
14.0,1.00411522388,0.000284092704533,1298.21161566,0.0041426926,4.76,34.4552286678,0.494,3823
14.0,1.00354611874,0.000284038193058,1298.2933511,0.0041426926,4.76,34.4552286678,0.494,3823
14.0,1.00407159328,0.000284069916233,1298.35465268,0.0041426926,4.76,34.4552286678,0.494,3823
14.0,1.00348699093,0.000284054724034,1298.41595416,0.0041426926,4.76,34.4552286678,0.494,3823
14.0,1.00329208374,0.000284007866867,1298.47725583,0.0041426926,4.76,34.4552286678,0.494,3823
14.0,1.00372600555,0.000283912901068,1298.5385574,0.0041426926,4.76,34.4552286678,0.494,3823
14.0,1.00357306004,0.000283891771687,1298.59985907,0.0041426926,4.76,34.4552286678,0.494,3823
14.0,1.0031594038,0.00028385152109,1298.66116063,0.0041426926,4.76,34.4552286678,0.494,3823
14.0,1.00354111195,0.000283889763523,1298.7224622,0.0041426926,4.76,34.4552286678,0.494,3823
14.0,1.00359523296,0.000283885834506,1298.78376376,0.0041426926,4.76,34.4552286678,0.494,3823
14.0,1.00369596481,0.000283858855255,1298.84506532,0.0041426926,4.76,34.4552286678,0.494,3823
14.0,1.00371146202,0.000283861299977,1298.90636687,0.0041426926,4.76,34.4552286678,0.494,3823
14.0,1.00307047367,0.000283842324279,1298.96766842,0.0041426926,4.76,34.4552286678,0.494,3823
14.0,1.00348651409,0.00028385859332,1299.02896998,0.0041426926,4.76,34.4552286678,0.494,3823
14.0,1.00365781784,0.000283855275484,1299.09027152,0.0041426926,4.76,34.4552286678,0.494,3823
14.0,1.00594079494,0.000284285400994,1299.15157307,0.0041426926,4.76,34.4552286678,0.494,3823
14.0,1.00306689739,0.000283762725303,1299.21287461,0.0041426926,4.76,34.4552286678,0.494,3823
14.0,1.00345242023,0.00028379241121,1299.27417615,0.0041426926,4.76,34.4552286678,0.494,3823
14.0,1.00379061699,0.000283892120933,1299.33547769,0.0041426926,4.76,34.4552286678,0.494,3823
14.0,1.00348520279,0.000283781206235,1299.39677942,0.0041426926,4.76,34.4552286678,0.494,3823
14.0,1.00356388092,0.000283800502075,1299.45808095,0.0041426926,4.76,34.4552286678,0.494,3823
14.0,1.00376439095,0.000283865520032,1299.51938248,0.0041426926,4.76,34.4552286678,0.494,3823
14.0,1.00301671028,0.00028378458228,1299.58068401,0.0041426926,4.76,34.4552286678,0.494,3823
14.0,1.00384986401,0.00028384081088,1299.64198553,0.0041426926,4.76,34.4552286678,0.494,3823
14.0,1.00340533257,0.000283827306703,1299.70328705,0.0041426926,4.76,34.4552286678,0.494,3823
14.0,1.00358712673,0.000283891218714,1299.76458857,0.0041426926,4.76,34.4552286678,0.494,3823
14.0,1.00455224514,0.000283950968878,1299.82589009,0.0041426926,4.76,34.4552286678,0.494,3823
14.0,1.004306674,0.000283848552499,1299.8871916,0.0041426926,4.76,34.4552286678,0.494,3823
14.0,1.00282180309,0.000283812580165,1299.94849311,0.0041426926,4.76,34.4552286678,0.494,3823
14.0,1.00383126736,0.000283832108835,1300.00979462,0.0041426926,4.76,34.4552286678,0.494,3823
14.0,1.00370717049,0.000283844972728,1300.07109613,0.0041426926,4.76,34.4552286678,0.494,3823
14.0,1.00373780727,0.000283830973785,1300.13239763,0.0041426926,4.76,34.4552286678,0.494,3823
14.0,1.00274908543,0.000283785338979,1300.19369923,0.0041426926,4.76,34.4552286678,0.494,3823
14.0,1.0034058094,0.000283823610516,1300.25500073,0.0041426926,4.76,34.4552286678,0.494,3823
14.0,1.00368607044,0.000283856963506,1300.31630232,0.0041426926,4.76,34.4552286678,0.494,3823
14.0,1.00306367874,0.000283795990981,1300.37760371,0.0041426926,4.76,34.4552286678,0.494,3823
14.0,1.00304913521,0.000283794826828,1300.4389052,0.0041426926,4.76,34.4552286678,0.494,3823
14.0,1.00308310986,0.000283779838355,1300.50020669,0.0041426926,4.76,34.4552286678,0.494,3823
14.0,1.0038985014,0.000283841887722,1300.56150818,0.0041426926,4.76,34.4552286678,0.494,3823
14.0,1.00260579586,0.000283768749796,1300.62280966,0.0041426926,4.76,34.4552286678,0.494,3823
14.0,1.00376009941,0.000283845234662,1300.68411124,0.0041426926,4.76,34.4552286678,0.494,3823
14.0,1.00354385376,0.000283863366349,1300.74541271,0.0041426926,4.76,34.4552286678,0.494,3823
14.0,1.00318467617,0.000283838598989,1300.80671419,0.0041426926,4.76,34.4552286678,0.494,3823
14.0,1.00364172459,0.000283787958324,1300.86801566,0.0041426926,4.76,34.4552286678,0.494,3823
14.0,1.003516078,0.000283779460005,1300.92931713,0.0041426926,4.76,34.4552286678,0.494,3823
14.0,1.00377106667,0.00028375707916,1300.99061869,0.0041426926,4.76,34.4552286678,0.494,3823
14.0,1.00337994099,0.000283782719634,1301.05192015,0.0041426926,4.76,34.4552286678,0.494,3823
14.0,1.00413417816,0.000283853063593,1301.11322162,0.0041426926,4.76,34.4552286678,0.494,3823
14.0,1.00309383869,0.000283799803583,1301.17452307,0.0041426926,4.76,34.4552286678,0.494,3823
14.0,1.00345778465,0.000283786706859,1301.23582453,0.0041426926,4.76,34.4552286678,0.494,3823
14.0,1.00353944302,0.000283746980131,1301.3175598,0.0041426926,4.76,34.4552286678,0.494,3823
14.0,1.00383508205,0.000283813191345,1301.37886125,0.0041426926,4.76,34.4552286678,0.494,3823
14.0,1.00362479687,0.000283810077235,1301.44016269,0.0041426926,4.76,34.4552286678,0.494,3823
14.0,1.0036213398,0.000283864384983,1301.50146414,0.0041426926,4.76,34.4552286678,0.494,3823
14.0,1.00320458412,0.000283808243694,1301.56276568,0.0041426926,4.76,34.4552286678,0.494,3823
14.0,1.00327372551,0.000283841654891,1301.62406712,0.0041426926,4.76,34.4552286678,0.494,3823
14.0,1.0032658577,0.000283806264633,1301.68536855,0.0041426926,4.76,34.4552286678,0.494,3823
14.0,1.00371682644,0.000283942034002,1301.74666999,0.0041426926,4.76,34.4552286678,0.494,3823
14.0,1.00366532803,0.000283993373159,1301.80797142,0.0041426926,4.76,34.4552286678,0.494,3823
14.0,1.00387978554,0.000283948524157,1301.86927284,0.0041426926,4.76,34.4552286678,0.494,3823
14.0,1.00300753117,0.000283890141873,1301.93057427,0.0041426926,4.76,34.4552286678,0.494,3823
14.0,1.00373649597,0.000284002337139,1301.99187569,0.0041426926,4.76,34.4552286678,0.494,3823
14.0,1.003210783,0.000283934175968,1302.05317711,0.0041426926,4.76,34.4552286678,0.494,3823
14.0,1.00278365612,0.000283902161755,1302.11447853,0.0041426926,4.76,34.4552286678,0.494,3823
14.0,1.00363492966,0.000283955305349,1302.17578004,0.0041426926,4.76,34.4552286678,0.494,3823
14.0,1.0031747818,0.000283985747956,1302.23708145,0.0041426926,4.76,34.4552286678,0.494,3823
14.0,1.00329458714,0.000283972040052,1302.29838286,0.0041426926,4.76,34.4552286678,0.494,3823
14.0,1.00344264507,0.000284012552584,1302.35968437,0.0041426926,4.76,34.4552286678,0.494,3823
14.0,1.00338792801,0.000283940578811,1302.42098577,0.0041426926,4.76,34.4552286678,0.494,3823
14.0,1.00293767452,0.000283966452116,1302.48228718,0.0041426926,4.76,34.4552286678,0.494,3823
14.0,1.00289785862,0.000283967441646,1302.54358857,0.0041426926,4.76,34.4552286678,0.494,3823
14.0,1.00325858593,0.000283983332338,1302.60488997,0.0041426926,4.76,34.4552286678,0.494,3823
14.0,1.00355947018,0.000284004607238,1302.66619136,0.0041426926,4.76,34.4552286678,0.494,3823
14.0,1.00360357761,0.000284025009023,1302.72749275,0.0041426926,4.76,34.4552286678,0.494,3823
14.0,1.00351464748,0.000283989647869,1302.78879414,0.0041426926,4.76,34.4552286678,0.494,3823
14.0,1.00352323055,0.000284036708763,1302.85009553,0.0041426926,4.76,34.4552286678,0.494,3823
14.0,1.00265204906,0.000283905683318,1302.91139691,0.0041426926,4.76,34.4552286678,0.494,3823
14.0,1.00243842602,0.000283940375084,1302.97269829,0.0041426926,4.76,34.4552286678,0.494,3823
14.0,1.00291490555,0.00028398638824,1303.03399967,0.0041426926,4.76,34.4552286678,0.494,3823
14.0,1.00368893147,0.000284002919216,1303.09530104,0.0041426926,4.76,34.4552286678,0.494,3823
14.0,1.00329613686,0.000284047360765,1303.15660261,0.0041426926,4.76,34.4552286678,0.494,3823
14.0,1.00296020508,0.000284003501292,1303.21790388,0.0041426926,4.76,34.4552286678,0.494,3823
14.0,1.00307798386,0.000283971283352,1303.27920525,0.0041426926,4.76,34.4552286678,0.494,3823
14.0,1.00267577171,0.000283924979158,1303.34050661,0.0041426926,4.76,34.4552286678,0.494,3823
14.0,1.00222945213,0.000283973145997,1303.40180807,0.0041426926,4.76,34.4552286678,0.494,3823
14.0,1.00260078907,0.000283915578621,1303.46310943,0.0041426926,4.76,34.4552286678,0.494,3823
14.0,1.00265455246,0.000283972651232,1303.52441079,0.0041426926,4.76,34.4552286678,0.494,3823
14.0,1.00240528584,0.000283956265775,1303.58571214,0.0041426926,4.76,34.4552286678,0.494,3823
14.0,1.00303423405,0.000283947738353,1303.64701349,0.0041426926,4.76,34.4552286678,0.494,3823
14.0,1.00232124329,0.000283930596197,1303.70831484,0.0041426926,4.76,34.4552286678,0.494,3823
14.0,1.00209963322,0.000283947709249,1303.76961618,0.0041426926,4.76,34.4552286678,0.494,3823
14.0,1.00206172466,0.000283926405245,1303.83091753,0.0041426926,4.76,34.4552286678,0.494,3823
14.0,1.00265085697,0.000283931207377,1303.89221887,0.0041426926,4.76,34.4552286678,0.494,3823
14.0,1.00271701813,0.000283942645183,1303.9535203,0.0041426926,4.76,34.4552286678,0.494,3823
14.0,1.00259888172,0.000283968780423,1304.01482164,0.0041426926,4.76,34.4552286678,0.494,3823
14.0,1.00202858448,0.000283885688987,1304.07612297,0.0041426926,4.76,34.4552286678,0.494,3823
14.0,1.00231742859,0.000283894885797,1304.1374243,0.0041426926,4.76,34.4552286678,0.494,3823
14.0,1.00258767605,0.000283952453174,1304.19872562,0.0041426926,4.76,34.4552286678,0.494,3823
14.0,1.00212574005,0.000283881352516,1304.28046072,0.0041426926,4.76,34.4552286678,0.494,3823
14.0,1.00218439102,0.000283909583231,1304.34176204,0.0041426926,4.76,34.4552286678,0.494,3823
14.0,1.00130093098,0.000283855159068,1304.40306336,0.0041426926,4.76,34.4552286678,0.494,3823
14.0,1.00157797337,0.000283866713289,1304.46436467,0.0041426926,4.76,34.4552286678,0.494,3823
14.0,1.00172805786,0.000283815315925,1304.52566619,0.0041426926,4.76,34.4552286678,0.494,3823
14.0,1.00175762177,0.000283842062345,1304.58696739,0.0041426926,4.76,34.4552286678,0.494,3823
14.0,1.00155210495,0.000283835979644,1304.6482687,0.0041426926,4.76,34.4552286678,0.494,3823
14.0,1.00112903118,0.000283795729047,1304.70957001,0.0041426926,4.76,34.4552286678,0.494,3823
14.0,1.00188052654,0.000283924455289,1304.77087131,0.0041426926,4.76,34.4552286678,0.494,3823
14.0,1.00171804428,0.000283809844404,1304.8321726,0.0041426926,4.76,34.4552286678,0.494,3823
14.0,1.00097107887,0.000283785484498,1304.893474,0.0041426926,4.76,34.4552286678,0.494,3823
14.0,1.00107812881,0.000283790635876,1304.95477529,0.0041426926,4.76,34.4552286678,0.494,3823
14.0,1.00063800812,0.00028262916021,1306.18080089,0.0041426926,4.76,34.4552286678,0.494,3823
14.0,1.000172019,0.000282935681753,1306.24210213,0.0041426926,4.76,34.4552286678,0.494,3823
14.0,1.00076365471,0.000283135013888,1306.30340336,0.0041426926,4.76,34.4552286678,0.494,3823
14.0,0.999545097351,0.000283173052594,1306.36470459,0.0041426926,4.76,34.4552286678,0.494,3823
14.0,0.999463200569,0.000283215922536,1306.42600582,0.0041426926,4.76,34.4552286678,0.494,3823
14.0,0.999091506004,0.00028329671477,1306.48730705,0.0041426926,4.76,34.4552286678,0.494,3823
14.0,0.999137282372,0.000283443310764,1306.54860827,0.0041426926,4.76,34.4552286678,0.494,3823
14.0,0.998688459396,0.000283396686427,1306.60990949,0.0041426926,4.76,34.4552286678,0.494,3823
14.0,0.999148964882,0.000283445435343,1306.67121071,0.0041426926,4.76,34.4552286678,0.494,3823
14.0,0.998911261559,0.00028359744465,1306.73251192,0.0041426926,4.76,34.4552286678,0.494,3823
14.0,0.998869240284,0.000283600005787,1306.79381314,0.0041426926,4.76,34.4552286678,0.494,3823
14.0,0.998879492283,0.000283584173303,1306.85511445,0.0041426926,4.76,34.4552286678,0.494,3823
14.0,0.998490095139,0.000283518224023,1306.91641565,0.0041426926,4.76,34.4552286678,0.494,3823
14.0,0.997110724449,0.000283478468191,1306.97771686,0.0041426926,4.76,34.4552286678,0.494,3823
14.0,0.997615754604,0.000283527362626,1307.03901806,0.0041426926,4.76,34.4552286678,0.494,3823
14.0,0.998123109341,0.000283615692751,1307.10031936,0.0041426926,4.76,34.4552286678,0.494,3823
14.0,0.997280478477,0.000283596804366,1307.16162055,0.0041426926,4.76,34.4552286678,0.494,3823
14.0,0.997596621513,0.000283520115772,1307.22292175,0.0041426926,4.76,34.4552286678,0.494,3823
14.0,0.997380495071,0.000283561152173,1307.28422284,0.0041426926,4.76,34.4552286678,0.494,3823
14.0,0.996901094913,0.00028356994153,1307.34552412,0.0041426926,4.76,34.4552286678,0.494,3823
14.0,0.997267842293,0.000283599627437,1307.40682521,0.0041426926,4.76,34.4552286678,0.494,3823
14.0,0.996921420097,0.000283550994936,1307.46812649,0.0041426926,4.76,34.4552286678,0.494,3823
14.0,0.996966719627,0.000283567293081,1307.52942767,0.0041426926,4.76,34.4552286678,0.494,3823
14.0,0.996659338474,0.000283527915599,1307.59072885,0.0041426926,4.76,34.4552286678,0.494,3823
14.0,0.99611800909,0.000283528264845,1307.65203012,0.0041426926,4.76,34.4552286678,0.494,3823
14.0,0.9962002635,0.000283575267531,1307.7133313,0.0041426926,4.76,34.4552286678,0.494,3823
14.0,0.99610042572,0.000283590576146,1307.77463246,0.0041426926,4.76,34.4552286678,0.494,3823
14.0,0.99665170908,0.000283609668259,1307.83593363,0.0041426926,4.76,34.4552286678,0.494,3823
14.0,0.995562553406,0.000283550121821,1307.89723479,0.0041426926,4.76,34.4552286678,0.494,3823
14.0,0.995166480541,0.000283482397208,1307.95853595,0.0041426926,4.76,34.4552286678,0.494,3823
14.0,0.99548381567,0.000283501402009,1308.04027083,0.0041426926,4.76,34.4552286678,0.494,3823
14.0,0.995351374149,0.000283453118755,1308.10157199,0.0041426926,4.76,34.4552286678,0.494,3823
14.0,0.995207667351,0.00028351022047,1308.16287324,0.0041426926,4.76,34.4552286678,0.494,3823
14.0,0.995474994183,0.000283524190309,1308.22417439,0.0041426926,4.76,34.4552286678,0.494,3823
14.0,0.995947897434,0.000283506407868,1308.28547553,0.0041426926,4.76,34.4552286678,0.494,3823
14.0,0.995139122009,0.000283493951429,1308.34677668,0.0041426926,4.76,34.4552286678,0.494,3823
14.0,0.995640695095,0.000283542671241,1308.40807782,0.0041426926,4.76,34.4552286678,0.494,3823
14.0,0.995269834995,0.000283553672489,1308.46937896,0.0041426926,4.76,34.4552286678,0.494,3823
14.0,0.995314359665,0.000283517118078,1308.53068019,0.0041426926,4.76,34.4552286678,0.494,3823
14.0,0.994176805019,0.000283435103483,1308.59198132,0.0041426926,4.76,34.4552286678,0.494,3823
14.0,0.994918346405,0.000283497734927,1308.65328235,0.0041426926,4.76,34.4552286678,0.494,3823
14.0,0.995283663273,0.00028349502827,1308.71458348,0.0041426926,4.76,34.4552286678,0.494,3823
14.0,0.994941532612,0.000283493194729,1308.77588461,0.0041426926,4.76,34.4552286678,0.494,3823
14.0,0.994503557682,0.000283446308458,1308.83718573,0.0041426926,4.76,34.4552286678,0.494,3823
14.0,0.995023846626,0.00028347375337,1308.89848705,0.0041426926,4.76,34.4552286678,0.494,3823
14.0,0.994368553162,0.000283431902062,1308.95978816,0.0041426926,4.76,34.4552286678,0.494,3823
14.0,0.994578778744,0.000283473869786,1309.02108928,0.0041426926,4.76,34.4552286678,0.494,3823
14.0,0.994561076164,0.000283470173599,1309.08239039,0.0041426926,4.76,34.4552286678,0.494,3823
14.0,0.994473278522,0.000283499219222,1309.1436915,0.0041426926,4.76,34.4552286678,0.494,3823
14.0,0.99475467205,0.000283486559056,1309.2049926,0.0041426926,4.76,34.4552286678,0.494,3823
14.0,0.994587123394,0.000283482571831,1309.2662937,0.0041426926,4.76,34.4552286678,0.494,3823
14.0,0.995268523693,0.000283493485767,1309.3275948,0.0041426926,4.76,34.4552286678,0.494,3823
14.0,0.994166195393,0.000283438916085,1309.3888959,0.0041426926,4.76,34.4552286678,0.494,3823
14.0,0.994565069675,0.000283476692857,1309.450197,0.0041426926,4.76,34.4552286678,0.494,3823
14.0,0.99415999651,0.000283478671918,1309.51149809,0.0041426926,4.76,34.4552286678,0.494,3823
14.0,0.9942740798,0.000283477536868,1309.57279918,0.0041426926,4.76,34.4552286678,0.494,3823
14.0,0.993929028511,0.000283431872958,1309.63410026,0.0041426926,4.76,34.4552286678,0.494,3823
14.0,0.994309842587,0.000283452653093,1309.69540145,0.0041426926,4.76,34.4552286678,0.494,3823
14.0,0.993885755539,0.000283461791696,1309.75670263,0.0041426926,4.76,34.4552286678,0.494,3823
14.0,0.993596792221,0.000283442175714,1309.81800371,0.0041426926,4.76,34.4552286678,0.494,3823
14.0,0.993925869465,0.000283467350528,1309.87930478,0.0041426926,4.76,34.4552286678,0.494,3823
14.0,0.994325697422,0.000283498025965,1309.94060585,0.0041426926,4.76,34.4552286678,0.494,3823
14.0,0.993893265724,0.000283474713797,1310.00190692,0.0041426926,4.76,34.4552286678,0.494,3823
14.0,0.9939417243,0.000283439818304,1310.06320789,0.0041426926,4.76,34.4552286678,0.494,3823
14.0,0.993960738182,0.00028346243198,1310.12450896,0.0041426926,4.76,34.4552286678,0.494,3823
14.0,0.993062615395,0.000283395929728,1310.18581012,0.0041426926,4.76,34.4552286678,0.494,3823
14.0,0.993219614029,0.000283424247755,1310.24711118,0.0041426926,4.76,34.4552286678,0.494,3823
14.0,0.993439376354,0.000283397006569,1310.30841223,0.0041426926,4.76,34.4552286678,0.494,3823
14.0,0.993859350681,0.00028340233257,1310.36971329,0.0041426926,4.76,34.4552286678,0.494,3823
14.0,0.99390488863,0.000283423345536,1310.43101434,0.0041426926,4.76,34.4552286678,0.494,3823
14.0,0.993620574474,0.000283396948362,1310.49231549,0.0041426926,4.76,34.4552286678,0.494,3823
14.0,0.993114709854,0.000283392262645,1310.55361653,0.0041426926,4.76,34.4552286678,0.494,3823
14.0,0.99370765686,0.000283399916952,1310.61491758,0.0041426926,4.76,34.4552286678,0.494,3823
14.0,0.993206501007,0.000283374771243,1310.67621862,0.0041426926,4.76,34.4552286678,0.494,3823
14.0,0.992972016335,0.000283379747998,1310.73751965,0.0041426926,4.76,34.4552286678,0.494,3823
14.0,0.992864966393,0.00028336813557,1310.79882069,0.0041426926,4.76,34.4552286678,0.494,3823
14.0,0.9938839674,0.000283499219222,1310.86012172,0.0041426926,4.76,34.4552286678,0.494,3823
14.0,0.993188023567,0.000283343339106,1310.92142275,0.0041426926,4.76,34.4552286678,0.494,3823
14.0,0.99332010746,0.000283374713035,1310.98272378,0.0041426926,4.76,34.4552286678,0.494,3823
14.0,0.992985963821,0.000283400469925,1311.06445857,0.0041426926,4.76,34.4552286678,0.494,3823
14.0,0.992933988571,0.000283394707367,1311.12575959,0.0041426926,4.76,34.4552286678,0.494,3823
14.0,0.993523299694,0.000283400324406,1311.18706061,0.0041426926,4.76,34.4552286678,0.494,3823
14.0,0.992688536644,0.000283329078229,1311.24836172,0.0041426926,4.76,34.4552286678,0.494,3823
14.0,0.993099749088,0.000283352972474,1311.30966274,0.0041426926,4.76,34.4552286678,0.494,3823
14.0,0.992309451103,0.000283333589323,1311.37096375,0.0041426926,4.76,34.4552286678,0.494,3823
14.0,0.992743611336,0.000283366447547,1311.43226465,0.0041426926,4.76,34.4552286678,0.494,3823
14.0,0.992714524269,0.00028340856079,1311.49356566,0.0041426926,4.76,34.4552286678,0.494,3823
14.0,0.992501378059,0.000283358764136,1311.55486666,0.0041426926,4.76,34.4552286678,0.494,3823
14.0,0.992494344711,0.000283356755972,1311.61616775,0.0041426926,4.76,34.4552286678,0.494,3823
14.0,0.99317830801,0.000283383735223,1311.67746875,0.0041426926,4.76,34.4552286678,0.494,3823
14.0,0.992974936962,0.000283385335933,1311.73876974,0.0041426926,4.76,34.4552286678,0.494,3823
14.0,0.992748618126,0.000283351109829,1311.80007073,0.0041426926,4.76,34.4552286678,0.494,3823
14.0,0.992501795292,0.000283361645415,1311.86137182,0.0041426926,4.76,34.4552286678,0.494,3823
14.0,0.992577850819,0.000283374247374,1311.9226728,0.0041426926,4.76,34.4552286678,0.494,3823
14.0,0.992622971535,0.00028338530683,1311.98397379,0.0041426926,4.76,34.4552286678,0.494,3823
14.0,0.992727577686,0.000283371569822,1312.04527476,0.0041426926,4.76,34.4552286678,0.494,3823
14.0,0.992737650871,0.000283373199636,1312.10657574,0.0041426926,4.76,34.4552286678,0.494,3823
14.0,0.992839157581,0.0002833972394,1312.16787671,0.0041426926,4.76,34.4552286678,0.494,3823
14.0,0.992628455162,0.00028342785663,1312.22917769,0.0041426926,4.76,34.4552286678,0.494,3823
14.0,0.992393374443,0.000283403031062,1312.29047865,0.0041426926,4.76,34.4552286678,0.494,3823
14.0,0.992488622665,0.00028337223921,1312.35177962,0.0041426926,4.76,34.4552286678,0.494,3823
14.0,0.992820203304,0.000283434637822,1312.41308058,0.0041426926,4.76,34.4552286678,0.494,3823
14.0,0.992264926434,0.00028337398544,1312.47438154,0.0041426926,4.76,34.4552286678,0.494,3823
14.0,0.992508530617,0.000283390196273,1312.5356825,0.0041426926,4.76,34.4552286678,0.494,3823
14.0,0.992374420166,0.000283412606223,1312.59698345,0.0041426926,4.76,34.4552286678,0.494,3823
14.0,0.992352902889,0.000283425993985,1312.6582845,0.0041426926,4.76,34.4552286678,0.494,3823
14.0,0.99260610342,0.000283439323539,1312.71958545,0.0041426926,4.76,34.4552286678,0.494,3823
14.0,0.991839647293,0.000283225061139,1312.7808864,0.0041426926,4.76,34.4552286678,0.494,3823
14.0,0.992366492748,0.000283252884401,1312.84218744,0.0041426926,4.76,34.4552286678,0.494,3823
14.0,0.992407202721,0.000283239991404,1312.90348838,0.0041426926,4.76,34.4552286678,0.494,3823
14.0,0.99245762825,0.00028324930463,1312.96478932,0.0041426926,4.76,34.4552286678,0.494,3823
14.0,0.992894351482,0.0002832338796,1313.02609026,0.0041426926,4.76,34.4552286678,0.494,3823
14.0,0.992512702942,0.000283215456875,1313.08739119,0.0041426926,4.76,34.4552286678,0.494,3823
14.0,0.992660284042,0.000283260771539,1313.14869212,0.0041426926,4.76,34.4552286678,0.494,3823
14.0,0.992895722389,0.000283237022813,1313.20999305,0.0041426926,4.76,34.4552286678,0.494,3823
14.0,0.992768228054,0.000283279019641,1313.27129397,0.0041426926,4.76,34.4552286678,0.494,3823
14.0,0.99313801527,0.00028327529435,1313.33259489,0.0041426926,4.76,34.4552286678,0.494,3823
14.0,0.9931396842,0.000283313303953,1313.39389581,0.0041426926,4.76,34.4552286678,0.494,3823
14.0,0.992843925953,0.000283246627077,1313.45519673,0.0041426926,4.76,34.4552286678,0.494,3823
14.0,0.992870807648,0.000283239176497,1313.51649764,0.0041426926,4.76,34.4552286678,0.494,3823
14.0,0.992856860161,0.000283220317215,1313.57779865,0.0041426926,4.76,34.4552286678,0.494,3823
14.0,0.993247449398,0.000283254368696,1313.63909956,0.0041426926,4.76,34.4552286678,0.494,3823
14.0,0.993441224098,0.00028329109773,1313.70040046,0.0041426926,4.76,34.4552286678,0.494,3823
14.0,0.992840230465,0.000283264991594,1313.76170136,0.0041426926,4.76,34.4552286678,0.494,3823
14.0,0.993275344372,0.000283270346699,1313.82300236,0.0041426926,4.76,34.4552286678,0.494,3823
14.0,0.993204176426,0.000283237081021,1313.88430326,0.0041426926,4.76,34.4552286678,0.494,3823
14.0,0.992657780647,0.000283222645521,1313.94560415,0.0041426926,4.76,34.4552286678,0.494,3823
14.0,0.992874622345,0.000283282977762,1314.02733858,0.0041426926,4.76,34.4552286678,0.494,3823
14.0,0.99291229248,0.000283261411823,1314.08863946,0.0041426926,4.76,34.4552286678,0.494,3823
14.0,0.993150830269,0.000283296918496,1314.14994045,0.0041426926,4.76,34.4552286678,0.494,3823
14.0,0.992833316326,0.000283240748104,1314.21124133,0.0041426926,4.76,34.4552286678,0.494,3823
14.0,0.992928504944,0.000283245346509,1314.27254221,0.0041426926,4.76,34.4552286678,0.494,3823
14.0,0.992425084114,0.000283256958937,1314.33384319,0.0041426926,4.76,34.4552286678,0.494,3823
14.0,0.992939054966,0.000283253088128,1314.39514406,0.0041426926,4.76,34.4552286678,0.494,3823
14.0,0.993487238884,0.000283368863165,1314.45644493,0.0041426926,4.76,34.4552286678,0.494,3823
14.0,0.993380784988,0.000283315952402,1314.5177458,0.0041426926,4.76,34.4552286678,0.494,3823
14.0,0.993268251419,0.000283261557342,1314.57904667,0.0041426926,4.76,34.4552286678,0.494,3823
14.0,0.992559611797,0.000283199973637,1314.64034753,0.0041426926,4.76,34.4552286678,0.494,3823
14.0,0.992902934551,0.000283249741187,1314.70164839,0.0041426926,4.76,34.4552286678,0.494,3823
14.0,0.993042826653,0.000283270608634,1314.76294925,0.0041426926,4.76,34.4552286678,0.494,3823
14.0,0.992564320564,0.000283239118289,1314.8242501,0.0041426926,4.76,34.4552286678,0.494,3823
14.0,0.992316603661,0.000283221859718,1314.88555095,0.0041426926,4.76,34.4552286678,0.494,3823
14.0,0.993234455585,0.000283361063339,1314.9468518,0.0041426926,4.76,34.4552286678,0.494,3823
14.0,0.993086099625,0.000283243105514,1315.00815275,0.0041426926,4.76,34.4552286678,0.494,3823
14.0,0.993148386478,0.000283275992842,1315.06945359,0.0041426926,4.76,34.4552286678,0.494,3823
14.0,0.993382334709,0.000283312052488,1315.13075443,0.0041426926,4.76,34.4552286678,0.494,3823
14.0,0.992921590805,0.000283302098978,1315.19205527,0.0041426926,4.76,34.4552286678,0.494,3823
14.0,0.992716670036,0.000283344823401,1315.25335611,0.0041426926,4.76,34.4552286678,0.494,3823
14.0,0.992792487144,0.000283282599412,1315.31465704,0.0041426926,4.76,34.4552286678,0.494,3823
14.0,0.993561089039,0.000283299887087,1315.37595787,0.0041426926,4.76,34.4552286678,0.494,3823
14.0,0.992219507694,0.000283194385702,1315.4372587,0.0041426926,4.76,34.4552286678,0.494,3823
14.0,0.992884159088,0.000283281813608,1315.49855952,0.0041426926,4.76,34.4552286678,0.494,3823
14.0,0.993496417999,0.000283324043266,1315.55986034,0.0041426926,4.76,34.4552286678,0.494,3823
14.0,0.993220746517,0.000283276895061,1315.62116106,0.0041426926,4.76,34.4552286678,0.494,3823
14.0,0.992984771729,0.000283253582893,1315.68246188,0.0041426926,4.76,34.4552286678,0.494,3823
14.0,0.992745995522,0.000283282482997,1315.74376279,0.0041426926,4.76,34.4552286678,0.494,3823
14.0,0.993149161339,0.000283238419797,1315.8050636,0.0041426926,4.76,34.4552286678,0.494,3823
14.0,0.992661118507,0.000283226807369,1315.86636451,0.0041426926,4.76,34.4552286678,0.494,3823
14.0,0.993273794651,0.000283276312985,1315.92766531,0.0041426926,4.76,34.4552286678,0.494,3823
14.0,0.993416011333,0.000283312430838,1315.98896612,0.0041426926,4.76,34.4552286678,0.494,3823
14.0,0.993009328842,0.000283246394247,1316.05026692,0.0041426926,4.76,34.4552286678,0.494,3823
14.0,0.993211507797,0.000283279834548,1316.11156771,0.0041426926,4.76,34.4552286678,0.494,3823
14.0,0.992712438107,0.000283232628135,1316.17286851,0.0041426926,4.76,34.4552286678,0.494,3823
14.0,0.992916882038,0.00028327817563,1316.2341693,0.0041426926,4.76,34.4552286678,0.494,3823
14.0,0.992826938629,0.000283217668766,1316.29547009,0.0041426926,4.76,34.4552286678,0.494,3823
14.0,0.992442786694,0.00028326411848,1316.35677087,0.0041426926,4.76,34.4552286678,0.494,3823
14.0,0.993496596813,0.000283311732346,1316.41807166,0.0041426926,4.76,34.4552286678,0.494,3823
14.0,0.992773115635,0.000283248751657,1316.47937244,0.0041426926,4.76,34.4552286678,0.494,3823
14.0,0.992589771748,0.000283203087747,1316.54067321,0.0041426926,4.76,34.4552286678,0.494,3823
14.0,0.993244826794,0.000283264671452,1316.60197399,0.0041426926,4.76,34.4552286678,0.494,3823
14.0,0.992899417877,0.00028324854793,1316.66327476,0.0041426926,4.76,34.4552286678,0.494,3823
14.0,0.993038415909,0.000283217435936,1316.72457573,0.0041426926,4.76,34.4552286678,0.494,3823
14.0,0.993099093437,0.000283289031358,1316.7858765,0.0041426926,4.76,34.4552286678,0.494,3823
14.0,0.992946684361,0.000283262255834,1316.84717726,0.0041426926,4.76,34.4552286678,0.494,3823
14.0,0.992568790913,0.000283214991214,1316.90847802,0.0041426926,4.76,34.4552286678,0.494,3823
14.0,0.992656290531,0.000283195346128,1316.99021227,0.0041426926,4.76,34.4552286678,0.494,3823
14.0,0.993136167526,0.000283275352558,1317.05151302,0.0041426926,4.76,34.4552286678,0.494,3823
14.0,0.992556989193,0.000283202447463,1317.11281377,0.0041426926,4.76,34.4552286678,0.494,3823
14.0,0.993172705173,0.000283276254777,1317.17411452,0.0041426926,4.76,34.4552286678,0.494,3823
14.0,0.992453336716,0.000283243745798,1317.23541537,0.0041426926,4.76,34.4552286678,0.494,3823
14.0,0.993164777756,0.000283296802081,1317.29671621,0.0041426926,4.76,34.4552286678,0.494,3823
14.0,0.992784142494,0.000283266679617,1317.35801695,0.0041426926,4.76,34.4552286678,0.494,3823
14.0,0.992516219616,0.000283174711512,1317.41931769,0.0041426926,4.76,34.4552286678,0.494,3823
14.0,0.993419229984,0.000283291010419,1317.48061843,0.0041426926,4.76,34.4552286678,0.494,3823
14.0,0.993031680584,0.000283229979686,1317.54191916,0.0041426926,4.76,34.4552286678,0.494,3823
14.0,0.992490768433,0.000283240166027,1317.60321989,0.0041426926,4.76,34.4552286678,0.494,3823
14.0,0.992740213871,0.0002832468017,1317.66452062,0.0041426926,4.76,34.4552286678,0.494,3823
14.0,0.992564380169,0.000283246830804,1317.72582134,0.0041426926,4.76,34.4552286678,0.494,3823
14.0,0.992612361908,0.000283204368316,1317.78712206,0.0041426926,4.76,34.4552286678,0.494,3823
14.0,0.993143200874,0.00028328539338,1317.84842278,0.0041426926,4.76,34.4552286678,0.494,3823
14.0,0.9928804636,0.000283177825622,1317.9097235,0.0041426926,4.76,34.4552286678,0.494,3823
14.0,0.992776632309,0.000283276778646,1317.97102421,0.0041426926,4.76,34.4552286678,0.494,3823
14.0,0.992434501648,0.000283147062873,1318.03232492,0.0041426926,4.76,34.4552286678,0.494,3823
14.0,0.99265229702,0.000283170462353,1318.09362563,0.0041426926,4.76,34.4552286678,0.494,3823
14.0,0.99246019125,0.000283133034827,1318.15492653,0.0041426926,4.76,34.4552286678,0.494,3823
14.0,0.992359280586,0.000283155881334,1318.21622724,0.0041426926,4.76,34.4552286678,0.494,3823
14.0,0.992832422256,0.000283173721982,1318.27752794,0.0041426926,4.76,34.4552286678,0.494,3823
14.0,0.992917001247,0.000283207977191,1318.33882853,0.0041426926,4.76,34.4552286678,0.494,3823
14.0,0.99274545908,0.000283207482425,1318.40012933,0.0041426926,4.76,34.4552286678,0.494,3823
14.0,0.993218421936,0.000283175933873,1318.46143002,0.0041426926,4.76,34.4552286678,0.494,3823
14.0,0.992542982101,0.000283122499241,1318.52273071,0.0041426926,4.76,34.4552286678,0.494,3823
14.0,0.993229448795,0.000283150613541,1318.58403139,0.0041426926,4.76,34.4552286678,0.494,3823
14.0,0.993035018444,0.000283189670881,1318.64533207,0.0041426926,4.76,34.4552286678,0.494,3823
14.0,0.992924034595,0.000283211586066,1318.70663276,0.0041426926,4.76,34.4552286678,0.494,3823
14.0,0.992767751217,0.000283104542177,1318.76793343,0.0041426926,4.76,34.4552286678,0.494,3823
14.0,0.993218123913,0.00028319878038,1318.82923411,0.0041426926,4.76,34.4552286678,0.494,3823
14.0,0.992697715759,0.000283169589238,1318.89053478,0.0041426926,4.76,34.4552286678,0.494,3823
14.0,0.992986559868,0.00028317165561,1318.95183545,0.0041426926,4.76,34.4552286678,0.494,3823
14.0,0.993550419807,0.000283156114165,1319.01313622,0.0041426926,4.76,34.4552286678,0.494,3823
14.0,0.992644190788,0.00028314863448,1319.07443688,0.0041426926,4.76,34.4552286678,0.494,3823
14.0,0.993093490601,0.000283177010715,1319.13573754,0.0041426926,4.76,34.4552286678,0.494,3823
14.0,0.993142306805,0.000283213361399,1319.1970382,0.0041426926,4.76,34.4552286678,0.494,3823
14.0,0.9933385849,0.000283209024929,1319.25833885,0.0041426926,4.76,34.4552286678,0.494,3823
14.0,0.993623673916,0.00028322142316,1319.31963951,0.0041426926,4.76,34.4552286678,0.494,3823
14.0,0.992639601231,0.000283139524981,1319.38094016,0.0041426926,4.76,34.4552286678,0.494,3823
14.0,0.993148982525,0.000283186585875,1319.4422409,0.0041426926,4.76,34.4552286678,0.494,3823
14.0,0.993219196796,0.000283186731394,1319.50354155,0.0041426926,4.76,34.4552286678,0.494,3823
14.0,0.993367791176,0.000283228495391,1319.56484219,0.0041426926,4.76,34.4552286678,0.494,3823
14.0,0.992963075638,0.000283172470517,1319.62614283,0.0041426926,4.76,34.4552286678,0.494,3823
14.0,0.993368268013,0.000283169589238,1319.68744347,0.0041426926,4.76,34.4552286678,0.494,3823
14.0,0.994413852692,0.000283609610051,1319.7487441,0.0041426926,4.76,34.4552286678,0.494,3823
14.0,0.993532478809,0.00028321708669,1319.81004473,0.0041426926,4.76,34.4552286678,0.494,3823
14.0,0.994475185871,0.00028341502184,1319.87134546,0.0041426926,4.76,34.4552286678,0.494,3823
14.0,0.993473649025,0.00028317066608,1319.93264608,0.0041426926,4.76,34.4552286678,0.494,3823
14.0,0.993564963341,0.000283186673187,1320.01438025,0.0041426926,4.76,34.4552286678,0.494,3823
14.0,0.993315815926,0.000283318135189,1320.07568086,0.0041426926,4.76,34.4552286678,0.494,3823
14.0,0.993602693081,0.000283345667413,1320.13698148,0.0041426926,4.76,34.4552286678,0.494,3823
14.0,0.994204759598,0.000283392233541,1320.19828209,0.0041426926,4.76,34.4552286678,0.494,3823
14.0,0.992812275887,0.000283283676254,1320.2595827,0.0041426926,4.76,34.4552286678,0.494,3823
14.0,0.993568599224,0.000283304194454,1320.32088331,0.0041426926,4.76,34.4552286678,0.494,3823
14.0,0.992930352688,0.000283278553979,1320.38218402,0.0041426926,4.76,34.4552286678,0.494,3823
14.0,0.993556797504,0.000283321802272,1320.44348462,0.0041426926,4.76,34.4552286678,0.494,3823
14.0,0.993619561195,0.000283381930785,1320.50478522,0.0041426926,4.76,34.4552286678,0.494,3823
14.0,0.994022011757,0.000283368892269,1320.56608582,0.0041426926,4.76,34.4552286678,0.494,3823
14.0,0.993652403355,0.000283366185613,1320.62738641,0.0041426926,4.76,34.4552286678,0.494,3823
14.0,0.993259549141,0.000283325614873,1320.688687,0.0041426926,4.76,34.4552286678,0.494,3823
14.0,0.993673622608,0.000283346511424,1320.74998759,0.0041426926,4.76,34.4552286678,0.494,3823
14.0,0.993633747101,0.000283352448605,1320.81128818,0.0041426926,4.76,34.4552286678,0.494,3823
14.0,0.993472576141,0.000283324392512,1320.87258886,0.0041426926,4.76,34.4552286678,0.494,3823
14.0,0.993651151657,0.000283371598925,1320.93388944,0.0041426926,4.76,34.4552286678,0.494,3823
14.0,0.994114875793,0.000283407483948,1320.99519002,0.0041426926,4.76,34.4552286678,0.494,3823
14.0,0.993655323982,0.000283361296169,1321.05649059,0.0041426926,4.76,34.4552286678,0.494,3823
14.0,0.993459701538,0.00028335803654,1321.11779116,0.0041426926,4.76,34.4552286678,0.494,3823
14.0,0.993462920189,0.000283331377432,1321.17909163,0.0041426926,4.76,34.4552286678,0.494,3823
14.0,0.993831157684,0.000283361849142,1321.2403924,0.0041426926,4.76,34.4552286678,0.494,3823
14.0,0.994382500648,0.000283452071017,1321.30169296,0.0041426926,4.76,34.4552286678,0.494,3823
14.0,0.994123876095,0.000283398170723,1321.36299352,0.0041426926,4.76,34.4552286678,0.494,3823
14.0,0.99416655302,0.000283396104351,1321.42429408,0.0041426926,4.76,34.4552286678,0.494,3823
14.0,0.994472682476,0.000283421220956,1321.48559464,0.0041426926,4.76,34.4552286678,0.494,3823
14.0,0.994344115257,0.00028345794999,1321.54689519,0.0041426926,4.76,34.4552286678,0.494,3823
14.0,0.994893848896,0.000283495959593,1321.60819574,0.0041426926,4.76,34.4552286678,0.494,3823
14.0,0.994598686695,0.000283467030386,1321.66949629,0.0041426926,4.76,34.4552286678,0.494,3823
14.0,0.994100034237,0.00028341441066,1321.73079683,0.0041426926,4.76,34.4552286678,0.494,3823
14.0,0.994770288467,0.000283469242277,1321.79209737,0.0041426926,4.76,34.4552286678,0.494,3823
14.0,0.994282782078,0.000283438712358,1321.85339791,0.0041426926,4.76,34.4552286678,0.494,3823
14.0,0.993889451027,0.000283439527266,1321.91469845,0.0041426926,4.76,34.4552286678,0.494,3823
14.0,0.993766188622,0.000283432455035,1321.97599898,0.0041426926,4.76,34.4552286678,0.494,3823
14.0,0.994579613209,0.000283447821857,1322.03729951,0.0041426926,4.76,34.4552286678,0.494,3823
14.0,0.994267165661,0.000283434230369,1322.09860024,0.0041426926,4.76,34.4552286678,0.494,3823
14.0,0.994754195213,0.000283462984953,1322.15990077,0.0041426926,4.76,34.4552286678,0.494,3823
14.0,0.994212865829,0.000283423694782,1322.22120129,0.0041426926,4.76,34.4552286678,0.494,3823
14.0,0.994691252708,0.000283465458779,1322.28250181,0.0041426926,4.76,34.4552286678,0.494,3823
14.0,0.994383811951,0.000283454399323,1322.34380232,0.0041426926,4.76,34.4552286678,0.494,3823
14.0,0.994417011738,0.000283456611214,1322.40510284,0.0041426926,4.76,34.4552286678,0.494,3823
14.0,0.994769334793,0.000283458735794,1322.46640335,0.0041426926,4.76,34.4552286678,0.494,3823
14.0,0.994870185852,0.000283439847408,1322.52770386,0.0041426926,4.76,34.4552286678,0.494,3823
14.0,0.994937002659,0.000283442321233,1322.58900436,0.0041426926,4.76,34.4552286678,0.494,3823
14.0,0.994793534279,0.000283478468191,1322.65030487,0.0041426926,4.76,34.4552286678,0.494,3823
14.0,0.995049953461,0.000283455912722,1322.71160537,0.0041426926,4.76,34.4552286678,0.494,3823
14.0,0.994872570038,0.000283440982457,1322.77290587,0.0041426926,4.76,34.4552286678,0.494,3823
14.0,0.995614588261,0.000283494184259,1322.83420636,0.0041426926,4.76,34.4552286678,0.494,3823
14.0,0.994707584381,0.000283436267637,1322.89550695,0.0041426926,4.76,34.4552286678,0.494,3823
14.0,0.995213329792,0.000283487112029,1322.97724094,0.0041426926,4.76,34.4552286678,0.494,3823
14.0,0.995120346546,0.000283489353023,1323.03854142,0.0041426926,4.76,34.4552286678,0.494,3823
14.0,0.99536550045,0.000283464585664,1323.14070899,0.0041426926,4.76,34.4552286678,0.494,3823
14.0,0.995501756668,0.00028346516774,1323.20200937,0.0041426926,4.76,34.4552286678,0.494,3823
14.0,0.994636178017,0.000283417000901,1323.26330985,0.0041426926,4.76,34.4552286678,0.494,3823
14.0,0.995044052601,0.000283397355815,1323.32461032,0.0041426926,4.76,34.4552286678,0.494,3823
14.0,0.994904518127,0.000283397879684,1323.38591079,0.0041426926,4.76,34.4552286678,0.494,3823
14.0,0.994736492634,0.000283413974103,1323.44721136,0.0041426926,4.76,34.4552286678,0.494,3823
14.0,0.995570361614,0.000283437897451,1323.50851182,0.0041426926,4.76,34.4552286678,0.494,3823
14.0,0.995031356812,0.000283420900814,1323.56981229,0.0041426926,4.76,34.4552286678,0.494,3823
14.0,0.995124101639,0.000283440109342,1323.63111274,0.0041426926,4.76,34.4552286678,0.494,3823
14.0,0.995563805103,0.000283463450614,1323.6924132,0.0041426926,4.76,34.4552286678,0.494,3823
14.0,0.995580434799,0.000283465982648,1323.75371375,0.0041426926,4.76,34.4552286678,0.494,3823
14.0,0.996044158936,0.000283505069092,1323.81501421,0.0041426926,4.76,34.4552286678,0.494,3823
14.0,0.995617449284,0.000283515924821,1323.87631465,0.0041426926,4.76,34.4552286678,0.494,3823
14.0,0.996036827564,0.000283494213363,1323.9376151,0.0041426926,4.76,34.4552286678,0.494,3823
14.0,0.996020436287,0.000283506553387,1323.99891554,0.0041426926,4.76,34.4552286678,0.494,3823
14.0,0.996379971504,0.000283538509393,1324.06021598,0.0041426926,4.76,34.4552286678,0.494,3823
14.0,0.996020555496,0.000283524743281,1324.12151642,0.0041426926,4.76,34.4552286678,0.494,3823
14.0,0.995916604996,0.000283455767203,1324.18281685,0.0041426926,4.76,34.4552286678,0.494,3823
14.0,0.996230840683,0.000283524190309,1324.24411729,0.0041426926,4.76,34.4552286678,0.494,3823
14.0,0.996160626411,0.000283518922515,1324.30541771,0.0041426926,4.76,34.4552286678,0.494,3823
14.0,0.995875000954,0.000283499131911,1324.36671814,0.0041426926,4.76,34.4552286678,0.494,3823
14.0,0.996266782284,0.000283548462903,1324.42801866,0.0041426926,4.76,34.4552286678,0.494,3823
14.0,0.996061444283,0.000283514062176,1324.48931908,0.0041426926,4.76,34.4552286678,0.494,3823
14.0,0.996219873428,0.000283506233245,1324.5506195,0.0041426926,4.76,34.4552286678,0.494,3823
14.0,0.996477484703,0.000283545348793,1324.61191992,0.0041426926,4.76,34.4552286678,0.494,3823
14.0,0.996291875839,0.000283527304418,1324.67322043,0.0041426926,4.76,34.4552286678,0.494,3823
14.0,0.996454775333,0.000283576315269,1324.73452084,0.0041426926,4.76,34.4552286678,0.494,3823
14.0,0.996712088585,0.000283588335151,1324.79582125,0.0041426926,4.76,34.4552286678,0.494,3823
14.0,0.996456980705,0.00028356173425,1324.85712165,0.0041426926,4.76,34.4552286678,0.494,3823
14.0,0.99600148201,0.000283496599877,1324.91842205,0.0041426926,4.76,34.4552286678,0.494,3823
14.0,0.996600806713,0.000283567263978,1324.97972245,0.0041426926,4.76,34.4552286678,0.494,3823
14.0,0.996407628059,0.000283567787847,1325.04102285,0.0041426926,4.76,34.4552286678,0.494,3823
14.0,0.996861040592,0.000283593079075,1325.10232324,0.0041426926,4.76,34.4552286678,0.494,3823
14.0,0.996727585793,0.000283568660961,1325.16362363,0.0041426926,4.76,34.4552286678,0.494,3823
14.0,0.996483623981,0.000283580011455,1325.22492402,0.0041426926,4.76,34.4552286678,0.494,3823
14.0,0.997203290462,0.000283552333713,1325.2862244,0.0041426926,4.76,34.4552286678,0.494,3823
14.0,0.996345102787,0.000283536151983,1325.34752489,0.0041426926,4.76,34.4552286678,0.494,3823
14.0,0.997383117676,0.000283645873424,1325.40882527,0.0041426926,4.76,34.4552286678,0.494,3823
14.0,0.996917188168,0.000283619127003,1325.47012564,0.0041426926,4.76,34.4552286678,0.494,3823
14.0,0.997041940689,0.000283650413621,1325.53142602,0.0041426926,4.76,34.4552286678,0.494,3823
14.0,0.997281849384,0.000283640081761,1325.59272639,0.0041426926,4.76,34.4552286678,0.494,3823
14.0,0.998011767864,0.000283699453576,1325.65402686,0.0041426926,4.76,34.4552286678,0.494,3823
14.0,0.997744441032,0.000283693720121,1325.71532723,0.0041426926,4.76,34.4552286678,0.494,3823
14.0,0.997416496277,0.00028360565193,1325.77662759,0.0041426926,4.76,34.4552286678,0.494,3823
14.0,0.997238874435,0.000283624307485,1325.83792795,0.0041426926,4.76,34.4552286678,0.494,3823
14.0,0.99748891592,0.000283622997813,1325.89922831,0.0041426926,4.76,34.4552286678,0.494,3823
14.0,0.997457146645,0.000283614208456,1325.98096211,0.0041426926,4.76,34.4552286678,0.494,3823
14.0,0.997629642487,0.000283655448584,1326.04226246,0.0041426926,4.76,34.4552286678,0.494,3823
14.0,0.99743938446,0.000283612374915,1326.10356281,0.0041426926,4.76,34.4552286678,0.494,3823
14.0,0.997829020023,0.000283645931631,1326.16486326,0.0041426926,4.76,34.4552286678,0.494,3823
14.0,0.997666835785,0.000283611560008,1326.2261636,0.0041426926,4.76,34.4552286678,0.494,3823
14.0,0.997850418091,0.000283633242361,1326.28746394,0.0041426926,4.76,34.4552286678,0.494,3823
14.0,0.997870147228,0.000283606583253,1326.34876428,0.0041426926,4.76,34.4552286678,0.494,3823
14.0,0.99775737524,0.000283637404209,1326.41006461,0.0041426926,4.76,34.4552286678,0.494,3823
14.0,0.997427940369,0.000283580186078,1326.47136495,0.0041426926,4.76,34.4552286678,0.494,3823
14.0,0.998509883881,0.000283671950456,1326.53266528,0.0041426926,4.76,34.4552286678,0.494,3823
14.0,0.997823655605,0.000283628469333,1326.5939656,0.0041426926,4.76,34.4552286678,0.494,3823
14.0,0.997736990452,0.000283600908006,1326.65526593,0.0041426926,4.76,34.4552286678,0.494,3823
14.0,0.997488975525,0.000283621746348,1326.71656625,0.0041426926,4.76,34.4552286678,0.494,3823
14.0,0.997274279594,0.000283624482108,1326.77786667,0.0041426926,4.76,34.4552286678,0.494,3823
14.0,0.998134732246,0.000283686531475,1326.83916698,0.0041426926,4.76,34.4552286678,0.494,3823
14.0,0.998560667038,0.000283711618977,1326.90046729,0.0041426926,4.76,34.4552286678,0.494,3823
14.0,0.997867107391,0.000283640110865,1326.9617676,0.0041426926,4.76,34.4552286678,0.494,3823
14.0,0.9981508255,0.000283665547613,1327.02306791,0.0041426926,4.76,34.4552286678,0.494,3823
14.0,0.998409211636,0.000283677742118,1327.08436822,0.0041426926,4.76,34.4552286678,0.494,3823
14.0,0.997614383698,0.000283675617538,1327.14566862,0.0041426926,4.76,34.4552286678,0.494,3823
14.0,0.998556017876,0.000283727655187,1327.20696892,0.0041426926,4.76,34.4552286678,0.494,3823
14.0,0.998308897018,0.000283685134491,1327.26826921,0.0041426926,4.76,34.4552286678,0.494,3823
14.0,0.9981533885,0.000283689878415,1327.32956951,0.0041426926,4.76,34.4552286678,0.494,3823
14.0,0.997982263565,0.00028367471532,1327.3908697,0.0041426926,4.76,34.4552286678,0.494,3823
14.0,0.998458981514,0.000283696863335,1327.45216999,0.0041426926,4.76,34.4552286678,0.494,3823
14.0,0.998068332672,0.000283692788798,1327.51347037,0.0041426926,4.76,34.4552286678,0.494,3823
14.0,0.998045563698,0.000283690169454,1327.57477076,0.0041426926,4.76,34.4552286678,0.494,3823
14.0,0.998877048492,0.000283743429463,1327.63607104,0.0041426926,4.76,34.4552286678,0.494,3823
14.0,0.998009800911,0.000283710571239,1327.69737131,0.0041426926,4.76,34.4552286678,0.494,3823
14.0,0.998333990574,0.0002836966014,1327.75867159,0.0041426926,4.76,34.4552286678,0.494,3823
14.0,0.998263180256,0.000283712346572,1327.81997186,0.0041426926,4.76,34.4552286678,0.494,3823
14.0,0.998304903507,0.000283698434941,1327.88127213,0.0041426926,4.76,34.4552286678,0.494,3823
14.0,0.998125076294,0.00028370169457,1327.9425724,0.0041426926,4.76,34.4552286678,0.494,3823
14.0,0.998944818974,0.000283748406218,1328.00387266,0.0041426926,4.76,34.4552286678,0.494,3823
14.0,0.998642861843,0.000283681409201,1328.06517292,0.0041426926,4.76,34.4552286678,0.494,3823
14.0,0.998102784157,0.000283687113551,1328.12647318,0.0041426926,4.76,34.4552286678,0.494,3823
14.0,0.998549163342,0.000283669825876,1328.18777343,0.0041426926,4.76,34.4552286678,0.494,3823
14.0,0.998816013336,0.000283704634057,1328.24907369,0.0041426926,4.76,34.4552286678,0.494,3823
14.0,0.998421311378,0.000283655012026,1328.31037394,0.0041426926,4.76,34.4552286678,0.494,3823
14.0,0.998336434364,0.00028366810875,1328.37167438,0.0041426926,4.76,34.4552286678,0.494,3823
14.0,0.998329877853,0.000283681234578,1328.43297463,0.0041426926,4.76,34.4552286678,0.494,3823
14.0,0.998143494129,0.000283678644337,1328.49427487,0.0041426926,4.76,34.4552286678,0.494,3823
14.0,0.998297452927,0.000283683766611,1328.55557511,0.0041426926,4.76,34.4552286678,0.494,3823
14.0,0.998321652412,0.000283639092231,1328.61687535,0.0041426926,4.76,34.4552286678,0.494,3823
14.0,0.998982131481,0.000283648929326,1328.67817558,0.0041426926,4.76,34.4552286678,0.494,3823
14.0,0.999015688896,0.000283684872556,1328.73947581,0.0041426926,4.76,34.4552286678,0.494,3823
14.0,0.998365700245,0.000283666449832,1328.80077604,0.0041426926,4.76,34.4552286678,0.494,3823
14.0,0.998744487762,0.000283726432826,1328.86207626,0.0041426926,4.76,34.4552286678,0.494,3823
14.0,0.998404502869,0.000283676607069,1328.94380999,0.0041426926,4.76,34.4552286678,0.494,3823
14.0,0.998878896236,0.000283647648757,1329.00511021,0.0041426926,4.76,34.4552286678,0.494,3823
14.0,0.998421311378,0.000283590285107,1329.06641043,0.0041426926,4.76,34.4552286678,0.494,3823
14.0,0.998968482018,0.000283692002995,1329.12771064,0.0041426926,4.76,34.4552286678,0.494,3823
14.0,0.998570859432,0.000283646542812,1329.18901085,0.0041426926,4.76,34.4552286678,0.494,3823
14.0,0.99909222126,0.000283680245047,1329.25031106,0.0041426926,4.76,34.4552286678,0.494,3823
14.0,0.9988514781,0.000283566623693,1329.31161127,0.0041426926,4.76,34.4552286678,0.494,3823
14.0,0.99845635891,0.000283526052954,1329.37291147,0.0041426926,4.76,34.4552286678,0.494,3823
14.0,0.999336481094,0.000283622881398,1329.43421167,0.0041426926,4.76,34.4552286678,0.494,3823
14.0,0.99886071682,0.000283589819446,1329.49551187,0.0041426926,4.76,34.4552286678,0.494,3823
14.0,0.99796885252,0.000283479952486,1329.55681206,0.0041426926,4.76,34.4552286678,0.494,3823
14.0,0.998953521252,0.000283585221041,1329.61811226,0.0041426926,4.76,34.4552286678,0.494,3823
14.0,0.99839091301,0.000283563655103,1329.67941244,0.0041426926,4.76,34.4552286678,0.494,3823
14.0,0.998785555363,0.00028357480187,1329.74071273,0.0041426926,4.76,34.4552286678,0.494,3823
14.0,0.998561561108,0.000283561705146,1329.80201292,0.0041426926,4.76,34.4552286678,0.494,3823
14.0,0.998468995094,0.000283554050839,1329.8633132,0.0041426926,4.76,34.4552286678,0.494,3823
14.0,0.999053239822,0.00028360215947,1329.92461337,0.0041426926,4.76,34.4552286678,0.494,3823
14.0,0.998888015747,0.000283606525045,1329.98591355,0.0041426926,4.76,34.4552286678,0.494,3823
14.0,0.999312520027,0.000283613684587,1330.04721372,0.0041426926,4.76,34.4552286678,0.494,3823
14.0,0.999354600906,0.000283616798697,1330.10851379,0.0041426926,4.76,34.4552286678,0.494,3823
14.0,0.999322295189,0.000283610337647,1330.16981396,0.0041426926,4.76,34.4552286678,0.494,3823
14.0,0.999529242516,0.000283631175989,1330.23111423,0.0041426926,4.76,34.4552286678,0.494,3823
14.0,0.999320149422,0.000283595756628,1330.29241439,0.0041426926,4.76,34.4552286678,0.494,3823
14.0,0.999741196632,0.000283605593722,1330.35371455,0.0041426926,4.76,34.4552286678,0.494,3823
14.0,0.999503731728,0.000283606495941,1330.4150147,0.0041426926,4.76,34.4552286678,0.494,3823
14.0,1.00031924248,0.000283641595161,1330.47631486,0.0041426926,4.76,34.4552286678,0.494,3823
14.0,0.999417543411,0.00028358848067,1330.53761511,0.0041426926,4.76,34.4552286678,0.494,3823
14.0,0.999950528145,0.00028363376623,1330.59891526,0.0041426926,4.76,34.4552286678,0.494,3823
14.0,1.00004863739,0.000283683417365,1330.6602154,0.0041426926,4.76,34.4552286678,0.494,3823
14.0,1.00004816055,0.000283629371552,1330.72151555,0.0041426926,4.76,34.4552286678,0.494,3823
14.0,1.00035107136,0.000283678120468,1330.78281569,0.0041426926,4.76,34.4552286678,0.494,3823
14.0,1.0002399683,0.000283674191451,1330.84411582,0.0041426926,4.76,34.4552286678,0.494,3823
14.0,1.00042545795,0.000283668457996,1330.90541596,0.0041426926,4.76,34.4552286678,0.494,3823
14.0,1.00016653538,0.000283664267045,1330.96671609,0.0041426926,4.76,34.4552286678,0.494,3823
14.0,1.00088262558,0.000283699744614,1331.02801622,0.0041426926,4.76,34.4552286678,0.494,3823
14.0,1.00075554848,0.000283667759504,1331.08931635,0.0041426926,4.76,34.4552286678,0.494,3823
14.0,1.00123929977,0.000283715577098,1331.15061647,0.0041426926,4.76,34.4552286678,0.494,3823
14.0,1.00117218494,0.000283736939309,1331.21191669,0.0041426926,4.76,34.4552286678,0.494,3823
14.0,1.0012294054,0.000283762317849,1331.27321681,0.0041426926,4.76,34.4552286678,0.494,3823
14.0,1.00094997883,0.000283733126707,1331.33451693,0.0041426926,4.76,34.4552286678,0.494,3823
14.0,1.00149559975,0.000283737434074,1331.39581714,0.0041426926,4.76,34.4552286678,0.494,3823
14.0,1.00111377239,0.000283662317088,1331.45711725,0.0041426926,4.76,34.4552286678,0.494,3823
14.0,1.001501441,0.000283789471723,1331.51841736,0.0041426926,4.76,34.4552286678,0.494,3823
14.0,1.00177776814,0.000283806177322,1331.57971747,0.0041426926,4.76,34.4552286678,0.494,3823
14.0,1.00163972378,0.000283800880425,1331.64101757,0.0041426926,4.76,34.4552286678,0.494,3823
14.0,1.00180542469,0.000283770816168,1331.70231767,0.0041426926,4.76,34.4552286678,0.494,3823
14.0,1.00190544128,0.000283783185296,1331.76361776,0.0041426926,4.76,34.4552286678,0.494,3823
14.0,1.00135648251,0.000283791334368,1331.82491786,0.0041426926,4.76,34.4552286678,0.494,3823
14.0,1.00230205059,0.000283835630398,1331.90665141,0.0041426926,4.76,34.4552286678,0.494,3823
14.0,1.00249731541,0.000283811357804,1331.9679515,0.0041426926,4.76,34.4552286678,0.494,3823
14.0,1.00268161297,0.000283823290374,1332.02925159,0.0041426926,4.76,34.4552286678,0.494,3823
14.0,1.0020301342,0.000283828441752,1332.09055167,0.0041426926,4.76,34.4552286678,0.494,3823
14.0,1.00242829323,0.000283815665171,1332.15185175,0.0041426926,4.76,34.4552286678,0.494,3823
14.0,1.00280463696,0.000283840781776,1332.21315183,0.0041426926,4.76,34.4552286678,0.494,3823
14.0,1.00241136551,0.000283829751424,1332.2744519,0.0041426926,4.76,34.4552286678,0.494,3823
14.0,1.00226294994,0.000283822475467,1332.33575197,0.0041426926,4.76,34.4552286678,0.494,3823
14.0,1.0027577877,0.00028383298195,1332.39705204,0.0041426926,4.76,34.4552286678,0.494,3823
14.0,1.00316405296,0.000283857312752,1332.45835211,0.0041426926,4.76,34.4552286678,0.494,3823
14.0,1.00259363651,0.000283816829324,1332.51965217,0.0041426926,4.76,34.4552286678,0.494,3823
14.0,1.00304746628,0.000283852452412,1332.58095223,0.0041426926,4.76,34.4552286678,0.494,3823
14.0,1.00261294842,0.000283862755168,1332.64225229,0.0041426926,4.76,34.4552286678,0.494,3823
14.0,1.00364172459,0.000283911271254,1332.70355245,0.0041426926,4.76,34.4552286678,0.494,3823
14.0,1.00330352783,0.00028386656777,1332.7648525,0.0041426926,4.76,34.4552286678,0.494,3823
14.0,1.00367391109,0.000283949571894,1332.82615265,0.0041426926,4.76,34.4552286678,0.494,3823
14.0,1.00308310986,0.000283880333882,1332.8874526,0.0041426926,4.76,34.4552286678,0.494,3823
14.0,1.00350522995,0.00028390189982,1332.94875274,0.0041426926,4.76,34.4552286678,0.494,3823
14.0,1.0034788847,0.000283957982901,1333.01005279,0.0041426926,4.76,34.4552286678,0.494,3823
14.0,1.00345373154,0.000283924455289,1333.07135283,0.0041426926,4.76,34.4552286678,0.494,3823
14.0,1.003875494,0.000283942179522,1333.13265286,0.0041426926,4.76,34.4552286678,0.494,3823
14.0,1.00376439095,0.000283931993181,1333.1939529,0.0041426926,4.76,34.4552286678,0.494,3823
14.0,1.00399112701,0.000283975474304,1333.25525293,0.0041426926,4.76,34.4552286678,0.494,3823
14.0,1.00387752056,0.000283975619823,1333.31655296,0.0041426926,4.76,34.4552286678,0.494,3823
14.0,1.00365889072,0.000283954519546,1333.37785298,0.0041426926,4.76,34.4552286678,0.494,3823
14.0,1.00411701202,0.000283963512629,1333.43915301,0.0041426926,4.76,34.4552286678,0.494,3823
14.0,1.00398528576,0.000283970148303,1333.50045303,0.0041426926,4.76,34.4552286678,0.494,3823
14.0,1.00404071808,0.000283962232061,1333.56175314,0.0041426926,4.76,34.4552286678,0.494,3823
14.0,1.00405049324,0.000284001551336,1333.62305316,0.0041426926,4.76,34.4552286678,0.494,3823
14.0,1.00421655178,0.000284007546725,1333.68435317,0.0041426926,4.76,34.4552286678,0.494,3823
14.0,1.00347566605,0.000283936853521,1333.74565318,0.0041426926,4.76,34.4552286678,0.494,3823
14.0,1.00413441658,0.000284002482658,1333.80695319,0.0041426926,4.76,34.4552286678,0.494,3823
14.0,1.00350594521,0.000283951143501,1333.86825319,0.0041426926,4.76,34.4552286678,0.494,3823
14.0,1.00418913364,0.000283983390545,1333.9295533,0.0041426926,4.76,34.4552286678,0.494,3823
14.0,1.00423824787,0.000284006964648,1333.9908533,0.0041426926,4.76,34.4552286678,0.494,3823
14.0,1.00423574448,0.000283992529148,1334.05215329,0.0041426926,4.76,34.4552286678,0.494,3823
14.0,1.00495612621,0.000284042180283,1334.11345329,0.0041426926,4.76,34.4552286678,0.494,3823
14.0,1.00420415401,0.000283987290459,1334.17475328,0.0041426926,4.76,34.4552286678,0.494,3823
14.0,1.00486934185,0.00028403752367,1334.23605326,0.0041426926,4.76,34.4552286678,0.494,3823
14.0,1.00486266613,0.000284060748527,1334.29735325,0.0041426926,4.76,34.4552286678,0.494,3823
14.0,1.00482070446,0.000284018198727,1334.35865323,0.0041426926,4.76,34.4552286678,0.494,3823
14.0,1.00489449501,0.000284034700599,1334.41995331,0.0041426926,4.76,34.4552286678,0.494,3823
14.0,1.00471758842,0.000284021574771,1334.48125329,0.0041426926,4.76,34.4552286678,0.494,3823
14.0,1.00521039963,0.000284052395727,1334.54255327,0.0041426926,4.76,34.4552286678,0.494,3823
14.0,1.00473821163,0.000284032954369,1334.60385324,0.0041426926,4.76,34.4552286678,0.494,3823
14.0,1.00538909435,0.000284033070784,1334.66515321,0.0041426926,4.76,34.4552286678,0.494,3823
14.0,1.00517034531,0.000284045003355,1334.72645318,0.0041426926,4.76,34.4552286678,0.494,3823
14.0,1.00518655777,0.000284035952063,1334.78775314,0.0041426926,4.76,34.4552286678,0.494,3823
14.0,1.00578391552,0.000284112989902,1334.8490531,0.0041426926,4.76,34.4552286678,0.494,3823
14.0,1.00521469116,0.000284045323497,1334.93078648,0.0041426926,4.76,34.4552286678,0.494,3823
14.0,1.00556826591,0.000284075125819,1334.99208644,0.0041426926,4.76,34.4552286678,0.494,3823
14.0,1.00508356094,0.000284025183646,1335.05338639,0.0041426926,4.76,34.4552286678,0.494,3823
14.0,1.00548970699,0.000284052046482,1335.11468634,0.0041426926,4.76,34.4552286678,0.494,3823
14.0,1.00543379784,0.000284065870801,1335.17598629,0.0041426926,4.76,34.4552286678,0.494,3823
14.0,1.00592029095,0.000284074136289,1335.23728623,0.0041426926,4.76,34.4552286678,0.494,3823
14.0,1.00531446934,0.000284017674858,1335.29858617,0.0041426926,4.76,34.4552286678,0.494,3823
14.0,1.00623476505,0.000284102017758,1335.35988611,0.0041426926,4.76,34.4552286678,0.494,3823
14.0,1.00605583191,0.000284056732198,1335.42118615,0.0041426926,4.76,34.4552286678,0.494,3823
14.0,1.00547254086,0.000284008972812,1335.48248608,0.0041426926,4.76,34.4552286678,0.494,3823
14.0,1.00565207005,0.000284053297946,1335.54378601,0.0041426926,4.76,34.4552286678,0.494,3823
14.0,1.00593006611,0.000284072011709,1335.60508594,0.0041426926,4.76,34.4552286678,0.494,3823
14.0,1.00583922863,0.000284050300252,1335.66638577,0.0041426926,4.76,34.4552286678,0.494,3823
14.0,1.00593960285,0.000284049427137,1335.72768569,0.0041426926,4.76,34.4552286678,0.494,3823
14.0,1.00597369671,0.000284178095171,1335.78898581,0.0041426926,4.76,34.4552286678,0.494,3823
14.0,1.00614964962,0.000284190668026,1335.85028573,0.0041426926,4.76,34.4552286678,0.494,3823
14.0,1.0061122179,0.000284233217826,1335.91158565,0.0041426926,4.76,34.4552286678,0.494,3823
14.0,1.00635182858,0.000284216337604,1335.97288556,0.0041426926,4.76,34.4552286678,0.494,3823
14.0,1.0059466362,0.000284205598291,1336.03418547,0.0041426926,4.76,34.4552286678,0.494,3823
14.0,1.00637865067,0.000284178764559,1336.09548538,0.0041426926,4.76,34.4552286678,0.494,3823
14.0,1.00622141361,0.000284193636617,1336.15678528,0.0041426926,4.76,34.4552286678,0.494,3823
14.0,1.00638210773,0.000284220033791,1336.21808518,0.0041426926,4.76,34.4552286678,0.494,3823
14.0,1.0064227581,0.000284230336547,1336.27938508,0.0041426926,4.76,34.4552286678,0.494,3823
14.0,1.00722825527,0.000282900437014,1337.21931684,0.0041426926,4.76,34.4552286678,0.494,3823
14.0,1.00681626797,0.000282909546513,1337.2806167,0.0041426926,4.76,34.4552286678,0.494,3823
14.0,1.00645983219,0.000282906577922,1337.34191655,0.0041426926,4.76,34.4552286678,0.494,3823
14.0,1.00671982765,0.000283100584056,1337.4032164,0.0041426926,4.76,34.4552286678,0.494,3823
14.0,1.00647842884,0.000283127243165,1337.46451625,0.0041426926,4.76,34.4552286678,0.494,3823
14.0,1.00630581379,0.000283259520074,1337.54624938,0.0041426926,4.76,34.4552286678,0.494,3823
14.0,1.00615477562,0.000283497822238,1337.60754922,0.0041426926,4.76,34.4552286678,0.494,3823
14.0,1.00636804104,0.00028357791598,1337.66884896,0.0041426926,4.76,34.4552286678,0.494,3823
14.0,1.006108284,0.000283639063127,1337.730149,0.0041426926,4.76,34.4552286678,0.494,3823
14.0,1.00624608994,0.000283753295662,1337.79144883,0.0041426926,4.76,34.4552286678,0.494,3823
14.0,1.00645768642,0.000283838278847,1337.85274866,0.0041426926,4.76,34.4552286678,0.494,3823
14.0,1.00623881817,0.000283871311694,1337.91404849,0.0041426926,4.76,34.4552286678,0.494,3823
14.0,1.00499403477,0.000283882458461,1337.97534832,0.0041426926,4.76,34.4552286678,0.494,3823
14.0,1.00625264645,0.000284026406007,1338.03664814,0.0041426926,4.76,34.4552286678,0.494,3823
14.0,1.00578510761,0.000283963454422,1338.09794796,0.0041426926,4.76,34.4552286678,0.494,3823
14.0,1.00598025322,0.000284006382572,1338.15924778,0.0041426926,4.76,34.4552286678,0.494,3823
14.0,1.00608694553,0.000284034846118,1338.22054759,0.0041426926,4.76,34.4552286678,0.494,3823
14.0,1.0057233572,0.000284085806925,1338.28184741,0.0041426926,4.76,34.4552286678,0.494,3823
14.0,1.00591027737,0.000284082081635,1338.34314722,0.0041426926,4.76,34.4552286678,0.494,3823
14.0,1.00497734547,0.000284068781184,1338.40444703,0.0041426926,4.76,34.4552286678,0.494,3823
14.0,1.00586807728,0.000284128036583,1338.46574683,0.0041426926,4.76,34.4552286678,0.494,3823
14.0,1.00556588173,0.000284107605694,1338.52704673,0.0041426926,4.76,34.4552286678,0.494,3823
14.0,1.00559175014,0.000284124806058,1338.58834653,0.0041426926,4.76,34.4552286678,0.494,3823
14.0,1.00557184219,0.000284125417238,1338.64964643,0.0041426926,4.76,34.4552286678,0.494,3823
14.0,1.00564658642,0.000284157169517,1338.71094623,0.0041426926,4.76,34.4552286678,0.494,3823
14.0,1.00520181656,0.000284099573037,1338.77224602,0.0041426926,4.76,34.4552286678,0.494,3823
14.0,1.00463998318,0.000284088542685,1338.83354581,0.0041426926,4.76,34.4552286678,0.494,3823
14.0,1.00530970097,0.000284119741991,1338.89484559,0.0041426926,4.76,34.4552286678,0.494,3823
14.0,1.00547635555,0.000284148525679,1338.95614538,0.0041426926,4.76,34.4552286678,0.494,3823
14.0,1.00463664532,0.000284127920168,1339.01744516,0.0041426926,4.76,34.4552286678,0.494,3823
14.0,1.00517511368,0.000284161593299,1339.07874494,0.0041426926,4.76,34.4552286678,0.494,3823
14.0,1.00501775742,0.000284131703665,1339.14004471,0.0041426926,4.76,34.4552286678,0.494,3823
14.0,1.00453746319,0.000284109002678,1339.20134449,0.0041426926,4.76,34.4552286678,0.494,3823
14.0,1.00528001785,0.000284212088445,1339.26264426,0.0041426926,4.76,34.4552286678,0.494,3823
14.0,1.00495970249,0.000284200359602,1339.34437738,0.0041426926,4.76,34.4552286678,0.494,3823
14.0,1.00493264198,0.000284206704237,1339.40567715,0.0041426926,4.76,34.4552286678,0.494,3823
14.0,1.00468468666,0.000284150824882,1339.46697691,0.0041426926,4.76,34.4552286678,0.494,3823
14.0,1.0044118166,0.00028415810084,1339.52827667,0.0041426926,4.76,34.4552286678,0.494,3823
14.0,1.00472486019,0.000284200999886,1339.58957643,0.0041426926,4.76,34.4552286678,0.494,3823
14.0,1.00432896614,0.000284159817966,1339.65087618,0.0041426926,4.76,34.4552286678,0.494,3823
14.0,1.00474715233,0.000284149777144,1339.71217593,0.0041426926,4.76,34.4552286678,0.494,3823
14.0,1.00446033478,0.000284115347313,1339.77347568,0.0041426926,4.76,34.4552286678,0.494,3823
14.0,1.00430476665,0.000284159497824,1339.83477543,0.0041426926,4.76,34.4552286678,0.494,3823
14.0,1.00458097458,0.000284164241748,1339.89607527,0.0041426926,4.76,34.4552286678,0.494,3823
14.0,1.00420498848,0.000284148030914,1339.95737501,0.0041426926,4.76,34.4552286678,0.494,3823
14.0,1.00411951542,0.000284151668893,1340.01867475,0.0041426926,4.76,34.4552286678,0.494,3823
14.0,1.00366270542,0.000284107372863,1340.07997449,0.0041426926,4.76,34.4552286678,0.494,3823
14.0,1.00353646278,0.000284072913928,1340.14127422,0.0041426926,4.76,34.4552286678,0.494,3823
14.0,1.00331759453,0.000284069799818,1340.20257405,0.0041426926,4.76,34.4552286678,0.494,3823
14.0,1.00417089462,0.000284130132059,1340.26387378,0.0041426926,4.76,34.4552286678,0.494,3823
14.0,1.00278842449,0.000284039531834,1340.3251735,0.0041426926,4.76,34.4552286678,0.494,3823
14.0,1.00400412083,0.000284104753518,1340.38647323,0.0041426926,4.76,34.4552286678,0.494,3823
14.0,1.00355911255,0.000284127600025,1340.44777295,0.0041426926,4.76,34.4552286678,0.494,3823
14.0,1.00330233574,0.000284101901343,1340.50907257,0.0041426926,4.76,34.4552286678,0.494,3823
14.0,1.00281631947,0.000284050940536,1340.57037238,0.0041426926,4.76,34.4552286678,0.494,3823
14.0,1.00363183022,0.000284138572169,1340.63167209,0.0041426926,4.76,34.4552286678,0.494,3823
14.0,1.00306904316,0.000284098408883,1340.6929718,0.0041426926,4.76,34.4552286678,0.494,3823
14.0,1.00313842297,0.000284068344627,1340.75427161,0.0041426926,4.76,34.4552286678,0.494,3823
14.0,1.00289201736,0.000284083129372,1340.81557132,0.0041426926,4.76,34.4552286678,0.494,3823
14.0,1.00291025639,0.000284047651803,1340.87687102,0.0041426926,4.76,34.4552286678,0.494,3823
14.0,1.00285673141,0.000284064939478,1340.93817072,0.0041426926,4.76,34.4552286678,0.494,3823
14.0,1.0027692318,0.000284076813841,1340.99947041,0.0041426926,4.76,34.4552286678,0.494,3823
14.0,1.00239849091,0.000284082314465,1341.06077011,0.0041426926,4.76,34.4552286678,0.494,3823
14.0,1.00268924236,0.000284042936983,1341.1220698,0.0041426926,4.76,34.4552286678,0.494,3823
14.0,1.00246465206,0.000284078385448,1341.18336949,0.0041426926,4.76,34.4552286678,0.494,3823
14.0,1.00228714943,0.000284038949758,1341.24466918,0.0041426926,4.76,34.4552286678,0.494,3823
14.0,1.00232064724,0.000284071342321,1341.30596886,0.0041426926,4.76,34.4552286678,0.494,3823
14.0,1.00227272511,0.000284081179416,1341.36726854,0.0041426926,4.76,34.4552286678,0.494,3823
14.0,1.00189888477,0.000284008216113,1341.42856822,0.0041426926,4.76,34.4552286678,0.494,3823
14.0,1.0019556284,0.000283987232251,1341.489868,0.0041426926,4.76,34.4552286678,0.494,3823
14.0,1.00189948082,0.000284013367491,1341.55116767,0.0041426926,4.76,34.4552286678,0.494,3823
14.0,1.00219905376,0.000284009292955,1341.61246744,0.0041426926,4.76,34.4552286678,0.494,3823
14.0,1.00164067745,0.000283952307655,1341.67376711,0.0041426926,4.76,34.4552286678,0.494,3823
14.0,1.00170207024,0.000283979868982,1341.73506677,0.0041426926,4.76,34.4552286678,0.494,3823
14.0,1.00128149986,0.000283958215732,1341.79636644,0.0041426926,4.76,34.4552286678,0.494,3823
14.0,1.00134503841,0.000283959176159,1341.8576661,0.0041426926,4.76,34.4552286678,0.494,3823
14.0,1.00159871578,0.000283981236862,1341.91896576,0.0041426926,4.76,34.4552286678,0.494,3823
14.0,1.00141251087,0.000283928879071,1341.98026541,0.0041426926,4.76,34.4552286678,0.494,3823
14.0,1.00117683411,0.000283968955046,1342.04156507,0.0041426926,4.76,34.4552286678,0.494,3823
14.0,1.00056600571,0.000283888861304,1342.10286472,0.0041426926,4.76,34.4552286678,0.494,3823
14.0,1.00085389614,0.000283874105662,1342.16416436,0.0041426926,4.76,34.4552286678,0.494,3823
14.0,1.00068318844,0.000283879198832,1342.22546401,0.0041426926,4.76,34.4552286678,0.494,3823
14.0,1.00097036362,0.00028388822102,1342.28676365,0.0041426926,4.76,34.4552286678,0.494,3823
14.0,1.00030517578,0.000283872592263,1342.3684966,0.0041426926,4.76,34.4552286678,0.494,3823
14.0,1.00028157234,0.000283836270683,1342.42979624,0.0041426926,4.76,34.4552286678,0.494,3823
14.0,1.00091290474,0.000283866160316,1342.49109587,0.0041426926,4.76,34.4552286678,0.494,3823
14.0,1.00045454502,0.000283802539343,1342.55239551,0.0041426926,4.76,34.4552286678,0.494,3823
14.0,1.00006043911,0.000283799075987,1342.61369513,0.0041426926,4.76,34.4552286678,0.494,3823
14.0,0.999941110611,0.000283755536657,1342.67499476,0.0041426926,4.76,34.4552286678,0.494,3823
14.0,1.00026214123,0.00028381444281,1342.73629438,0.0041426926,4.76,34.4552286678,0.494,3823
14.0,0.99981534481,0.000283793284325,1342.79759401,0.0041426926,4.76,34.4552286678,0.494,3823
14.0,1.00033807755,0.000283783476334,1342.85889362,0.0041426926,4.76,34.4552286678,0.494,3823
14.0,0.999690294266,0.000283748027869,1342.92019324,0.0041426926,4.76,34.4552286678,0.494,3823
14.0,0.9994764328,0.000283670873614,1342.98149285,0.0041426926,4.76,34.4552286678,0.494,3823
14.0,0.999330282211,0.000283667875919,1343.04279256,0.0041426926,4.76,34.4552286678,0.494,3823
14.0,0.999956607819,0.000283702946035,1343.10409227,0.0041426926,4.76,34.4552286678,0.494,3823
14.0,1.00008583069,0.000283657660475,1343.16539178,0.0041426926,4.76,34.4552286678,0.494,3823
14.0,0.999747276306,0.000283669680357,1343.22669138,0.0041426926,4.76,34.4552286678,0.494,3823
14.0,0.999749064445,0.00028363824822,1343.30842418,0.0041426926,4.76,34.4552286678,0.494,3823
14.0,0.999706268311,0.000283597211819,1343.36972378,0.0041426926,4.76,34.4552286678,0.494,3823
14.0,0.99886739254,0.000283520697849,1343.43102337,0.0041426926,4.76,34.4552286678,0.494,3823
14.0,0.99901664257,0.000283491244772,1343.49232297,0.0041426926,4.76,34.4552286678,0.494,3823
14.0,0.99905359745,0.000283595843939,1343.55362266,0.0041426926,4.76,34.4552286678,0.494,3823
14.0,0.999164819717,0.000283593282802,1343.61492224,0.0041426926,4.76,34.4552286678,0.494,3823
14.0,0.999065279961,0.000283579924144,1343.67622193,0.0041426926,4.76,34.4552286678,0.494,3823
14.0,0.998745501041,0.000283535511699,1343.73752151,0.0041426926,4.76,34.4552286678,0.494,3823
14.0,0.998777925968,0.000283560017124,1343.79882109,0.0041426926,4.76,34.4552286678,0.494,3823
14.0,0.998266398907,0.00028358437703,1343.86012066,0.0041426926,4.76,34.4552286678,0.494,3823
14.0,0.998805940151,0.00028357715928,1343.92142024,0.0041426926,4.76,34.4552286678,0.494,3823
14.0,0.998520433903,0.000283555622445,1343.98271981,0.0041426926,4.76,34.4552286678,0.494,3823
14.0,0.998315155506,0.000283518253127,1344.04401938,0.0041426926,4.76,34.4552286678,0.494,3823
14.0,0.998082399368,0.000283468718408,1344.10531895,0.0041426926,4.76,34.4552286678,0.494,3823
14.0,0.99839836359,0.000283528905129,1344.16661851,0.0041426926,4.76,34.4552286678,0.494,3823
14.0,0.998301267624,0.000283497822238,1344.22791807,0.0041426926,4.76,34.4552286678,0.494,3823
14.0,0.998203992844,0.000283503730316,1344.28921763,0.0041426926,4.76,34.4552286678,0.494,3823
14.0,0.997756719589,0.000283507048152,1344.35051719,0.0041426926,4.76,34.4552286678,0.494,3823
14.0,0.998385548592,0.000283519591903,1344.41181674,0.0041426926,4.76,34.4552286678,0.494,3823
14.0,0.998438775539,0.00028352875961,1344.47311629,0.0041426926,4.76,34.4552286678,0.494,3823
14.0,0.997811734676,0.000283478788333,1344.53441594,0.0041426926,4.76,34.4552286678,0.494,3823
14.0,0.997944772243,0.000283478293568,1344.59571549,0.0041426926,4.76,34.4552286678,0.494,3823
14.0,0.998106300831,0.000283479253994,1344.65701503,0.0041426926,4.76,34.4552286678,0.494,3823
14.0,0.997876763344,0.00028347139596,1344.71831467,0.0041426926,4.76,34.4552286678,0.494,3823
14.0,0.998160779476,0.000283499859506,1344.77961421,0.0041426926,4.76,34.4552286678,0.494,3823
14.0,0.997060120106,0.000283410015982,1344.84091375,0.0041426926,4.76,34.4552286678,0.494,3823
14.0,0.997939169407,0.000283452769509,1344.90221328,0.0041426926,4.76,34.4552286678,0.494,3823
14.0,0.99720042944,0.000283403729554,1344.96351281,0.0041426926,4.76,34.4552286678,0.494,3823
14.0,0.996969938278,0.000283388100797,1345.02481234,0.0041426926,4.76,34.4552286678,0.494,3823
14.0,0.99698060751,0.000283365458017,1345.08611186,0.0041426926,4.76,34.4552286678,0.494,3823
14.0,0.997369229794,0.00028344601742,1345.14741139,0.0041426926,4.76,34.4552286678,0.494,3823
14.0,0.996620059013,0.000283376051812,1345.20871091,0.0041426926,4.76,34.4552286678,0.494,3823
14.0,0.996639430523,0.000283371336991,1345.27001043,0.0041426926,4.76,34.4552286678,0.494,3823
14.0,0.997077465057,0.000283403991489,1345.35174321,0.0041426926,4.76,34.4552286678,0.494,3823
14.0,0.996640026569,0.000283357076114,1345.41304273,0.0041426926,4.76,34.4552286678,0.494,3823
14.0,0.99636721611,0.000283310539089,1345.47434224,0.0041426926,4.76,34.4552286678,0.494,3823
14.0,0.996046245098,0.000283264787868,1345.53564174,0.0041426926,4.76,34.4552286678,0.494,3823
14.0,0.997255086899,0.000283353263512,1345.59694125,0.0041426926,4.76,34.4552286678,0.494,3823
14.0,0.996798694134,0.000283349130768,1345.65824075,0.0041426926,4.76,34.4552286678,0.494,3823
14.0,0.996487617493,0.000283350527752,1345.71954025,0.0041426926,4.76,34.4552286678,0.494,3823
14.0,0.99618345499,0.000283282366581,1345.78083975,0.0041426926,4.76,34.4552286678,0.494,3823
14.0,0.99590921402,0.000283251254587,1345.84213924,0.0041426926,4.76,34.4552286678,0.494,3823
14.0,0.995955467224,0.000283230037894,1345.90343873,0.0041426926,4.76,34.4552286678,0.494,3823
14.0,0.996149301529,0.000283305824269,1345.96473822,0.0041426926,4.76,34.4552286678,0.494,3823
14.0,0.995477437973,0.000283243774902,1346.02603771,0.0041426926,4.76,34.4552286678,0.494,3823
14.0,0.995992004871,0.000283283938188,1346.10777046,0.0041426926,4.76,34.4552286678,0.494,3823
14.0,0.995479822159,0.000283262343146,1346.16906994,0.0041426926,4.76,34.4552286678,0.494,3823
14.0,0.99572467804,0.000283266970655,1346.23036942,0.0041426926,4.76,34.4552286678,0.494,3823
14.0,0.995438277721,0.000283258996205,1346.29166889,0.0041426926,4.76,34.4552286678,0.494,3823
14.0,0.994428038597,0.000283230096102,1346.35296837,0.0041426926,4.76,34.4552286678,0.494,3823
14.0,0.994732379913,0.000283233006485,1346.41426784,0.0041426926,4.76,34.4552286678,0.494,3823
14.0,0.995755732059,0.000283299741568,1346.47556731,0.0041426926,4.76,34.4552286678,0.494,3823
14.0,0.99448800087,0.000283225934254,1346.53686677,0.0041426926,4.76,34.4552286678,0.494,3823
14.0,0.994902670383,0.000283235072857,1346.59816634,0.0041426926,4.76,34.4552286678,0.494,3823
14.0,0.994728028774,0.000283280882286,1346.6594657,0.0041426926,4.76,34.4552286678,0.494,3823
14.0,0.994656920433,0.000283248606138,1346.72076516,0.0041426926,4.76,34.4552286678,0.494,3823
14.0,0.994549334049,0.00028327331529,1346.78206481,0.0041426926,4.76,34.4552286678,0.494,3823
14.0,0.994419634342,0.000283214671072,1346.84336427,0.0041426926,4.76,34.4552286678,0.494,3823
14.0,0.994165658951,0.000283223751467,1346.90466372,0.0041426926,4.76,34.4552286678,0.494,3823
14.0,0.993950128555,0.000283243018202,1346.96596317,0.0041426926,4.76,34.4552286678,0.494,3823
14.0,0.994256913662,0.000283248460619,1347.02726261,0.0041426926,4.76,34.4552286678,0.494,3823
14.0,0.993847727776,0.000283244851744,1347.08856205,0.0041426926,4.76,34.4552286678,0.494,3823
14.0,0.993719577789,0.000283201341517,1347.1498615,0.0041426926,4.76,34.4552286678,0.494,3823
14.0,0.993590652943,0.000283217174001,1347.21116093,0.0041426926,4.76,34.4552286678,0.494,3823
14.0,0.993918061256,0.000283236673567,1347.27246037,0.0041426926,4.76,34.4552286678,0.494,3823
14.0,0.993305742741,0.000283196073724,1347.3337598,0.0041426926,4.76,34.4552286678,0.494,3823
14.0,0.993566334248,0.000283202476567,1347.39505924,0.0041426926,4.76,34.4552286678,0.494,3823
14.0,0.993425309658,0.000283219240373,1347.45635866,0.0041426926,4.76,34.4552286678,0.494,3823
14.0,0.993418157101,0.00028318137629,1347.51765809,0.0041426926,4.76,34.4552286678,0.494,3823
14.0,0.993744015694,0.000283219764242,1347.57895751,0.0041426926,4.76,34.4552286678,0.494,3823
14.0,0.99306255579,0.000283155502984,1347.64025694,0.0041426926,4.76,34.4552286678,0.494,3823
14.0,0.993013799191,0.000283172150375,1347.70155645,0.0041426926,4.76,34.4552286678,0.494,3823
14.0,0.993627011776,0.000283202069113,1347.76285597,0.0041426926,4.76,34.4552286678,0.494,3823
14.0,0.993253707886,0.000283197092358,1347.82415538,0.0041426926,4.76,34.4552286678,0.494,3823
14.0,0.992627203465,0.000283121073153,1347.8854548,0.0041426926,4.76,34.4552286678,0.494,3823
14.0,0.992987513542,0.000283201574348,1347.9467542,0.0041426926,4.76,34.4552286678,0.494,3823
14.0,0.992991745472,0.00028314863448,1348.00805361,0.0041426926,4.76,34.4552286678,0.494,3823
14.0,0.992901265621,0.000283169210888,1348.06935291,0.0041426926,4.76,34.4552286678,0.494,3823
14.0,0.992711484432,0.000283137807855,1348.13065242,0.0041426926,4.76,34.4552286678,0.494,3823
14.0,0.992951989174,0.000283160596155,1348.19195182,0.0041426926,4.76,34.4552286678,0.494,3823
14.0,0.992297947407,0.000283117260551,1348.25325121,0.0041426926,4.76,34.4552286678,0.494,3823
14.0,0.992264330387,0.000283122295514,1348.33498384,0.0041426926,4.76,34.4552286678,0.494,3823
14.0,0.992088139057,0.000283077155473,1348.39628323,0.0041426926,4.76,34.4552286678,0.494,3823
14.0,0.992018282413,0.000283057626802,1348.45758262,0.0041426926,4.76,34.4552286678,0.494,3823
14.0,0.992041528225,0.000283083471004,1348.518882,0.0041426926,4.76,34.4552286678,0.494,3823
14.0,0.992466509342,0.000283097760985,1348.58018138,0.0041426926,4.76,34.4552286678,0.494,3823
14.0,0.992496490479,0.000283058529021,1348.64148076,0.0041426926,4.76,34.4552286678,0.494,3823
14.0,0.99229413271,0.000283044646494,1348.70278014,0.0041426926,4.76,34.4552286678,0.494,3823
14.0,0.991677761078,0.000283018453047,1348.76407952,0.0041426926,4.76,34.4552286678,0.494,3823
14.0,0.991677761078,0.000283048168058,1348.82537889,0.0041426926,4.76,34.4552286678,0.494,3823
14.0,0.992140889168,0.000283031782601,1348.88667826,0.0041426926,4.76,34.4552286678,0.494,3823
14.0,0.991813361645,0.000283019937342,1348.94797763,0.0041426926,4.76,34.4552286678,0.494,3823
14.0,0.993153452873,0.00028314627707,1349.009277,0.0041426926,4.76,34.4552286678,0.494,3823
14.0,0.991928219795,0.000283064786345,1349.07057636,0.0041426926,4.76,34.4552286678,0.494,3823
14.0,0.992102861404,0.000283025816316,1349.13187572,0.0041426926,4.76,34.4552286678,0.494,3823
14.0,0.992031395435,0.000283074565232,1349.19317508,0.0041426926,4.76,34.4552286678,0.494,3823
14.0,0.991317152977,0.000283048284473,1349.25447444,0.0041426926,4.76,34.4552286678,0.494,3823
14.0,0.991601228714,0.000283028755803,1349.31577399,0.0041426926,4.76,34.4552286678,0.494,3823
14.0,0.991597473621,0.00028301824932,1349.37707334,0.0041426926,4.76,34.4552286678,0.494,3823
14.0,0.991201996803,0.000283028493868,1349.43837269,0.0041426926,4.76,34.4552286678,0.494,3823
14.0,0.991460561752,0.000283052911982,1349.49967194,0.0041426926,4.76,34.4552286678,0.494,3823
14.0,0.991644203663,0.000283070723526,1349.56097128,0.0041426926,4.76,34.4552286678,0.494,3823
14.0,0.991339147091,0.000283047527773,1349.62227062,0.0041426926,4.76,34.4552286678,0.494,3823
14.0,0.991364061832,0.000283062137896,1349.68357006,0.0041426926,4.76,34.4552286678,0.494,3823
14.0,0.991984009743,0.000283098721411,1349.7448694,0.0041426926,4.76,34.4552286678,0.494,3823
14.0,0.991129338741,0.000283074274193,1349.80616873,0.0041426926,4.76,34.4552286678,0.494,3823
14.0,0.99149286747,0.000283208908513,1349.86746806,0.0041426926,4.76,34.4552286678,0.494,3823
14.0,0.991169214249,0.000283069821307,1349.92876739,0.0041426926,4.76,34.4552286678,0.494,3823
14.0,0.991271734238,0.000283061817754,1349.99006672,0.0041426926,4.76,34.4552286678,0.494,3823
14.0,0.991113126278,0.000283051049337,1350.05136604,0.0041426926,4.76,34.4552286678,0.494,3823
14.0,0.990704536438,0.000282997090835,1350.11266537,0.0041426926,4.76,34.4552286678,0.494,3823
14.0,0.991259813309,0.000283062487142,1350.17396469,0.0041426926,4.76,34.4552286678,0.494,3823
14.0,0.99077475071,0.000283021217911,1350.235264,0.0041426926,4.76,34.4552286678,0.494,3823
14.0,0.990816950798,0.00028300032136,1350.29656342,0.0041426926,4.76,34.4552286678,0.494,3823
14.0,0.990681111813,0.000283014116576,1350.35786273,0.0041426926,4.76,34.4552286678,0.494,3823
14.0,0.990698814392,0.000283011991996,1350.41916204,0.0041426926,4.76,34.4552286678,0.494,3823
14.0,0.991115987301,0.000283033907181,1350.48046135,0.0041426926,4.76,34.4552286678,0.494,3823
14.0,0.989588499069,0.000282888446236,1350.54176065,0.0041426926,4.76,34.4552286678,0.494,3823
14.0,0.990594387054,0.000282992317807,1350.60305995,0.0041426926,4.76,34.4552286678,0.494,3823
14.0,0.990685045719,0.000282968772808,1350.66435935,0.0041426926,4.76,34.4552286678,0.494,3823
14.0,0.990548193455,0.000282979250187,1350.72565865,0.0041426926,4.76,34.4552286678,0.494,3823
14.0,0.990269482136,0.000282945373328,1350.78695795,0.0041426926,4.76,34.4552286678,0.494,3823
14.0,0.990626335144,0.000282976863673,1350.84825714,0.0041426926,4.76,34.4552286678,0.494,3823
14.0,0.99074870348,0.000282908615191,1350.90955643,0.0041426926,4.76,34.4552286678,0.494,3823
14.0,0.990583717823,0.000282923312625,1350.97085572,0.0041426926,4.76,34.4552286678,0.494,3823
14.0,0.990713238716,0.000282966590021,1351.0321551,0.0041426926,4.76,34.4552286678,0.494,3823
14.0,0.990767478943,0.000282949913526,1351.09345439,0.0041426926,4.76,34.4552286678,0.494,3823
14.0,0.990596711636,0.000282914988929,1351.15475367,0.0041426926,4.76,34.4552286678,0.494,3823
14.0,0.990669190884,0.000282954890281,1351.21605305,0.0041426926,4.76,34.4552286678,0.494,3823
14.0,0.990238249302,0.000282909866655,1351.29778541,0.0041426926,4.76,34.4552286678,0.494,3823
14.0,0.990422785282,0.000282902416075,1351.35908469,0.0041426926,4.76,34.4552286678,0.494,3823
14.0,0.990673005581,0.000282929890091,1351.42038396,0.0041426926,4.76,34.4552286678,0.494,3823
14.0,0.990160107613,0.000282886525383,1351.48168322,0.0041426926,4.76,34.4552286678,0.494,3823
14.0,0.990527391434,0.000282950146357,1351.54298249,0.0041426926,4.76,34.4552286678,0.494,3823
14.0,0.990334570408,0.000282945780782,1351.60428175,0.0041426926,4.76,34.4552286678,0.494,3823
14.0,0.991196930408,0.000282962078927,1351.66558101,0.0041426926,4.76,34.4552286678,0.494,3823
14.0,0.990566253662,0.000282889173832,1351.72688027,0.0041426926,4.76,34.4552286678,0.494,3823
14.0,0.990756690502,0.00028291734634,1351.78817953,0.0041426926,4.76,34.4552286678,0.494,3823
14.0,0.990543603897,0.000282832974335,1351.84947878,0.0041426926,4.76,34.4552286678,0.494,3823
14.0,0.990808010101,0.000282894645352,1351.91077813,0.0041426926,4.76,34.4552286678,0.494,3823
14.0,0.990241765976,0.000282905559288,1351.97207738,0.0041426926,4.76,34.4552286678,0.494,3823
14.0,0.990366399288,0.000282871274976,1352.03337663,0.0041426926,4.76,34.4552286678,0.494,3823
14.0,0.990531206131,0.00028292791103,1352.09467587,0.0041426926,4.76,34.4552286678,0.494,3823
14.0,0.990209519863,0.000282872992102,1352.15597521,0.0041426926,4.76,34.4552286678,0.494,3823
14.0,0.990249752998,0.000282873108517,1352.21727445,0.0041426926,4.76,34.4552286678,0.494,3823
14.0,0.990456342697,0.000282911991235,1352.27857359,0.0041426926,4.76,34.4552286678,0.494,3823
14.0,0.990277588367,0.00028285747976,1352.33987282,0.0041426926,4.76,34.4552286678,0.494,3823
14.0,0.990421772003,0.000282887893263,1352.40117205,0.0041426926,4.76,34.4552286678,0.494,3823
14.0,0.990063488483,0.000282861903543,1352.46247128,0.0041426926,4.76,34.4552286678,0.494,3823
14.0,0.990806341171,0.00028293725336,1352.52377061,0.0041426926,4.76,34.4552286678,0.494,3823
14.0,0.989952623844,0.000282870751107,1352.58506983,0.0041426926,4.76,34.4552286678,0.494,3823
14.0,0.990209341049,0.000282839871943,1352.64636906,0.0041426926,4.76,34.4552286678,0.494,3823
14.0,0.990761697292,0.000282959721517,1352.70766828,0.0041426926,4.76,34.4552286678,0.494,3823
14.0,0.990227401257,0.000282945780782,1352.76896749,0.0041426926,4.76,34.4552286678,0.494,3823
14.0,0.990583240986,0.000282868888462,1352.83026671,0.0041426926,4.76,34.4552286678,0.494,3823
14.0,0.990620732307,0.000282943248749,1352.89156602,0.0041426926,4.76,34.4552286678,0.494,3823
14.0,0.990936636925,0.000282924011117,1352.95286523,0.0041426926,4.76,34.4552286678,0.494,3823
14.0,0.990413367748,0.000282957829768,1353.01416444,0.0041426926,4.76,34.4552286678,0.494,3823
14.0,0.990442752838,0.000282923545456,1353.07546365,0.0041426926,4.76,34.4552286678,0.494,3823
14.0,0.991233050823,0.000282965425868,1353.13676285,0.0041426926,4.76,34.4552286678,0.494,3823
14.0,0.990756988525,0.000282924069325,1353.19806205,0.0041426926,4.76,34.4552286678,0.494,3823
14.0,0.9909465909,0.000282925087959,1353.25936125,0.0041426926,4.76,34.4552286678,0.494,3823
14.0,0.990420520306,0.000282882479951,1353.32066044,0.0041426926,4.76,34.4552286678,0.494,3823
14.0,0.990803718567,0.000282928638626,1353.38195964,0.0041426926,4.76,34.4552286678,0.494,3823
14.0,0.991179466248,0.000282872992102,1353.44325883,0.0041426926,4.76,34.4552286678,0.494,3823
14.0,0.991476774216,0.000282910332317,1353.50455812,0.0041426926,4.76,34.4552286678,0.494,3823
14.0,0.991062223911,0.000282911205431,1353.56585731,0.0041426926,4.76,34.4552286678,0.494,3823
14.0,0.99171346426,0.000282864872133,1353.62715649,0.0041426926,4.76,34.4552286678,0.494,3823
14.0,0.991267740726,0.000282822817098,1353.68845558,0.0041426926,4.76,34.4552286678,0.494,3823
14.0,0.991216182709,0.000282876106212,1353.74975476,0.0041426926,4.76,34.4552286678,0.494,3823
14.0,0.991454899311,0.000282954337308,1353.81105393,0.0041426926,4.76,34.4552286678,0.494,3823
14.0,0.99166727066,0.000282926252112,1353.87235331,0.0041426926,4.76,34.4552286678,0.494,3823
14.0,0.993208348751,0.000283051049337,1353.93365248,0.0041426926,4.76,34.4552286678,0.494,3823
14.0,0.992174565792,0.000282975961454,1354.01538471,0.0041426926,4.76,34.4552286678,0.494,3823
14.0,0.992174744606,0.000282989203697,1354.07668387,0.0041426926,4.76,34.4552286678,0.494,3823
14.0,0.993252933025,0.000282991095446,1354.13798304,0.0041426926,4.76,34.4552286678,0.494,3823
14.0,0.992254734039,0.000282970955595,1354.1992822,0.0041426926,4.76,34.4552286678,0.494,3823
14.0,0.992808461189,0.000282982684439,1354.28101441,0.0041426926,4.76,34.4552286678,0.494,3823
14.0,0.992063045502,0.000282994296867,1354.34231367,0.0041426926,4.76,34.4552286678,0.494,3823
14.0,0.992660105228,0.0002830059384,1354.40361273,0.0041426926,4.76,34.4552286678,0.494,3823
14.0,0.992422759533,0.00028302744613,1354.46491188,0.0041426926,4.76,34.4552286678,0.494,3823
14.0,0.992605507374,0.000283058907371,1354.52621103,0.0041426926,4.76,34.4552286678,0.494,3823
14.0,0.992541134357,0.000282991415588,1354.58751027,0.0041426926,4.76,34.4552286678,0.494,3823
14.0,0.993215322495,0.00028308868059,1354.64880942,0.0041426926,4.76,34.4552286678,0.494,3823
14.0,0.992396652699,0.000283004104858,1354.71010856,0.0041426926,4.76,34.4552286678,0.494,3823
14.0,0.993360519409,0.000283066037809,1354.7714077,0.0041426926,4.76,34.4552286678,0.494,3823
14.0,0.993377447128,0.000283089495497,1354.83270684,0.0041426926,4.76,34.4552286678,0.494,3823
14.0,0.993439674377,0.000283079105429,1354.89400598,0.0041426926,4.76,34.4552286678,0.494,3823
14.0,0.994334876537,0.000283114582999,1354.95530511,0.0041426926,4.76,34.4552286678,0.494,3823
14.0,0.99454075098,0.000283161498373,1355.01660424,0.0041426926,4.76,34.4552286678,0.494,3823
14.0,0.993499517441,0.000283138186205,1355.07790337,0.0041426926,4.76,34.4552286678,0.494,3823
14.0,0.994116961956,0.000283161411062,1355.1392025,0.0041426926,4.76,34.4552286678,0.494,3823
14.0,0.994274795055,0.000283180706901,1355.20050172,0.0041426926,4.76,34.4552286678,0.494,3823
14.0,0.994362592697,0.000283216882963,1355.26180085,0.0041426926,4.76,34.4552286678,0.494,3823
14.0,0.994665563107,0.000283208762994,1355.32309997,0.0041426926,4.76,34.4552286678,0.494,3823
14.0,0.994387388229,0.000283198372927,1355.38439909,0.0041426926,4.76,34.4552286678,0.494,3823
14.0,0.994585692883,0.000283276400296,1355.4456982,0.0041426926,4.76,34.4552286678,0.494,3823
14.0,0.995189785957,0.000283257249976,1355.50699741,0.0041426926,4.76,34.4552286678,0.494,3823
14.0,0.995673716068,0.000283321889583,1355.56829652,0.0041426926,4.76,34.4552286678,0.494,3823
14.0,0.994986355305,0.000283307890641,1355.62959563,0.0041426926,4.76,34.4552286678,0.494,3823
14.0,0.995206713676,0.000283303583274,1355.69089474,0.0041426926,4.76,34.4552286678,0.494,3823
14.0,0.995391309261,0.000283317960566,1355.75219384,0.0041426926,4.76,34.4552286678,0.494,3823
14.0,0.995559215546,0.00028335096431,1355.81349284,0.0041426926,4.76,34.4552286678,0.494,3823
14.0,0.996226131916,0.000283377012238,1355.87479194,0.0041426926,4.76,34.4552286678,0.494,3823
14.0,0.995127499104,0.000283314031549,1355.93609114,0.0041426926,4.76,34.4552286678,0.494,3823
14.0,0.995900392532,0.00028333652881,1355.99739023,0.0041426926,4.76,34.4552286678,0.494,3823
14.0,0.99596965313,0.000283366855001,1356.05868932,0.0041426926,4.76,34.4552286678,0.494,3823
14.0,0.996447503567,0.0002833828039,1356.11998841,0.0041426926,4.76,34.4552286678,0.494,3823
14.0,0.996425688267,0.000283375818981,1356.1812875,0.0041426926,4.76,34.4552286678,0.494,3823
14.0,0.997180700302,0.00028343941085,1356.24258669,0.0041426926,4.76,34.4552286678,0.494,3823
14.0,0.996651411057,0.000283436413156,1356.30388577,0.0041426926,4.76,34.4552286678,0.494,3823
14.0,0.997142612934,0.000283427623799,1356.38561788,0.0041426926,4.76,34.4552286678,0.494,3823
14.0,0.997043192387,0.000283447327092,1356.44691695,0.0041426926,4.76,34.4552286678,0.494,3823
14.0,0.997442424297,0.000283496046904,1356.50821603,0.0041426926,4.76,34.4552286678,0.494,3823
14.0,0.997448146343,0.000283473375021,1356.5695151,0.0041426926,4.76,34.4552286678,0.494,3823
14.0,0.997738540173,0.000283515459159,1356.63081417,0.0041426926,4.76,34.4552286678,0.494,3823
14.0,0.997880458832,0.00028350748471,1356.69211324,0.0041426926,4.76,34.4552286678,0.494,3823
14.0,0.997972905636,0.000283532164758,1356.7534123,0.0041426926,4.76,34.4552286678,0.494,3823
14.0,0.998123407364,0.000283518253127,1356.81471137,0.0041426926,4.76,34.4552286678,0.494,3823
14.0,0.998319208622,0.000283510540612,1356.87601043,0.0041426926,4.76,34.4552286678,0.494,3823
14.0,0.998479247093,0.000283517467324,1356.93730959,0.0041426926,4.76,34.4552286678,0.494,3823
14.0,0.998113155365,0.000283500557998,1356.99860865,0.0041426926,4.76,34.4552286678,0.494,3823
14.0,0.998589038849,0.000283549859887,1357.0599078,0.0041426926,4.76,34.4552286678,0.494,3823
14.0,0.999497532845,0.000283604138531,1357.12120685,0.0041426926,4.76,34.4552286678,0.494,3823
14.0,0.999288916588,0.00028355786344,1357.1825058,0.0041426926,4.76,34.4552286678,0.494,3823
14.0,0.999494075775,0.000283593806671,1357.26423787,0.0041426926,4.76,34.4552286678,0.494,3823
14.0,0.999451518059,0.000283614092041,1357.32553691,0.0041426926,4.76,34.4552286678,0.494,3823
14.0,0.999911904335,0.000283655332169,1357.38683595,0.0041426926,4.76,34.4552286678,0.494,3823
14.0,0.999044418335,0.000283615168883,1357.44813499,0.0041426926,4.76,34.4552286678,0.494,3823
14.0,0.999698758125,0.00028361871955,1357.50943403,0.0041426926,4.76,34.4552286678,0.494,3823
14.0,1.00032758713,0.000283612956991,1357.57073307,0.0041426926,4.76,34.4552286678,0.494,3823
14.0,0.99992609024,0.000283637928078,1357.6320323,0.0041426926,4.76,34.4552286678,0.494,3823
14.0,1.00076341629,0.000283664732706,1357.69333133,0.0041426926,4.76,34.4552286678,0.494,3823
14.0,0.999855041504,0.000283620378468,1357.75463036,0.0041426926,4.76,34.4552286678,0.494,3823
14.0,0.999966979027,0.000283627188765,1357.81592939,0.0041426926,4.76,34.4552286678,0.494,3823
14.0,1.00044977665,0.000283653615043,1357.87722831,0.0041426926,4.76,34.4552286678,0.494,3823
14.0,1.00020349026,0.00028364584432,1357.93852743,0.0041426926,4.76,34.4552286678,0.494,3823
14.0,1.00103271008,0.0002836966014,1357.99982645,0.0041426926,4.76,34.4552286678,0.494,3823
14.0,1.00081992149,0.000283666915493,1358.06112547,0.0041426926,4.76,34.4552286678,0.494,3823
14.0,1.00101923943,0.000283695757389,1358.12242448,0.0041426926,4.76,34.4552286678,0.494,3823
14.0,1.00167632103,0.000283702713205,1358.1837235,0.0041426926,4.76,34.4552286678,0.494,3823
14.0,1.00091099739,0.000283566041617,1358.24502251,0.0041426926,4.76,34.4552286678,0.494,3823
14.0,1.00102210045,0.000283687055344,1358.30632152,0.0041426926,4.76,34.4552286678,0.494,3823
14.0,1.00117731094,0.000283588771708,1358.36762052,0.0041426926,4.76,34.4552286678,0.494,3823
14.0,1.001917243,0.000283645204036,1358.42891953,0.0041426926,4.76,34.4552286678,0.494,3823
14.0,1.00140976906,0.000283605360892,1358.49021853,0.0041426926,4.76,34.4552286678,0.494,3823
14.0,1.00176179409,0.000283630535705,1358.55151753,0.0041426926,4.76,34.4552286678,0.494,3823
14.0,1.00139391422,0.00028361362638,1358.61281653,0.0041426926,4.76,34.4552286678,0.494,3823
14.0,1.00235652924,0.000283703295281,1358.67411562,0.0041426926,4.76,34.4552286678,0.494,3823
14.0,1.00159716606,0.000283662520815,1358.73541461,0.0041426926,4.76,34.4552286678,0.494,3823
14.0,1.00204920769,0.000283678615233,1358.7967136,0.0041426926,4.76,34.4552286678,0.494,3823
14.0,1.00209677219,0.000283646135358,1358.85801259,0.0041426926,4.76,34.4552286678,0.494,3823
14.0,1.00176072121,0.000283631525235,1358.91931158,0.0041426926,4.76,34.4552286678,0.494,3823
14.0,1.00185322762,0.000283674075035,1358.98061066,0.0041426926,4.76,34.4552286678,0.494,3823
14.0,1.0020160675,0.00028366461629,1359.04190964,0.0041426926,4.76,34.4552286678,0.494,3823
14.0,1.00223660469,0.000283665198367,1359.10320862,0.0041426926,4.76,34.4552286678,0.494,3823
14.0,1.00240123272,0.000283682078589,1359.1645076,0.0041426926,4.76,34.4552286678,0.494,3823
14.0,1.00267219543,0.000283710745862,1359.22580658,0.0041426926,4.76,34.4552286678,0.494,3823
14.0,1.00274479389,0.000283699686406,1359.28710555,0.0041426926,4.76,34.4552286678,0.494,3823
14.0,1.0018529892,0.000283643690636,1359.34840452,0.0041426926,4.76,34.4552286678,0.494,3823
14.0,1.00300323963,0.000283720408333,1359.40970349,0.0041426926,4.76,34.4552286678,0.494,3823
14.0,1.00264620781,0.000283699017018,1359.47100245,0.0041426926,4.76,34.4552286678,0.494,3823
14.0,1.0024651289,0.000283694156678,1359.53230142,0.0041426926,4.76,34.4552286678,0.494,3823
14.0,1.0029323101,0.000283730245428,1359.59360038,0.0041426926,4.76,34.4552286678,0.494,3823
14.0,1.00258529186,0.00028371164808,1359.65489934,0.0041426926,4.76,34.4552286678,0.494,3823
14.0,1.00316476822,0.000283734552795,1359.7161984,0.0041426926,4.76,34.4552286678,0.494,3823
14.0,1.0031504631,0.000283734872937,1359.77749735,0.0041426926,4.76,34.4552286678,0.494,3823
14.0,1.00326621532,0.000283736560959,1359.8387963,0.0041426926,4.76,34.4552286678,0.494,3823
14.0,1.00278091431,0.000283717527054,1359.90009535,0.0041426926,4.76,34.4552286678,0.494,3823
14.0,1.00357532501,0.000283741304884,1359.9613942,0.0041426926,4.76,34.4552286678,0.494,3823
14.0,1.00422239304,0.000283817149466,1360.02269315,0.0041426926,4.76,34.4552286678,0.494,3823
14.0,1.00347566605,0.000283741916064,1360.08399209,0.0041426926,4.76,34.4552286678,0.494,3823
14.0,1.0029143095,0.000283712317469,1360.14529104,0.0041426926,4.76,34.4552286678,0.494,3823
14.0,1.00358653069,0.000283761444734,1360.22702295,0.0041426926,4.76,34.4552286678,0.494,3823
14.0,1.00404834747,0.000283787405351,1360.28832189,0.0041426926,4.76,34.4552286678,0.494,3823
14.0,1.00334966183,0.000283736153506,1360.34962083,0.0041426926,4.76,34.4552286678,0.494,3823
14.0,1.00325393677,0.000283734756522,1360.41091996,0.0041426926,4.76,34.4552286678,0.494,3823
14.0,1.00308144093,0.000283728732029,1360.47221889,0.0041426926,4.76,34.4552286678,0.494,3823
14.0,1.00373196602,0.000283756817225,1360.53351782,0.0041426926,4.76,34.4552286678,0.494,3823
14.0,1.00277674198,0.000283708941424,1360.59481674,0.0041426926,4.76,34.4552286678,0.494,3823
14.0,1.00353872776,0.000283753382973,1360.65611567,0.0041426926,4.76,34.4552286678,0.494,3823
14.0,1.00369524956,0.000283738831058,1360.71741449,0.0041426926,4.76,34.4552286678,0.494,3823
14.0,1.00347542763,0.000283731002128,1360.77871341,0.0041426926,4.76,34.4552286678,0.494,3823
14.0,1.00371026993,0.000283742236206,1360.84001242,0.0041426926,4.76,34.4552286678,0.494,3823
14.0,1.00407958031,0.000283767818473,1360.90131134,0.0041426926,4.76,34.4552286678,0.494,3823
14.0,1.0035598278,0.000283726985799,1360.96261025,0.0041426926,4.76,34.4552286678,0.494,3823
14.0,1.00319230556,0.000283678644337,1361.02390916,0.0041426926,4.76,34.4552286678,0.494,3823
14.0,1.00340723991,0.000283693574602,1361.08520807,0.0041426926,4.76,34.4552286678,0.494,3823
14.0,1.00317180157,0.000283689121716,1361.14650698,0.0041426926,4.76,34.4552286678,0.494,3823
14.0,1.00315701962,0.000283701781882,1361.20780588,0.0041426926,4.76,34.4552286678,0.494,3823
14.0,1.00352740288,0.000283688481431,1361.26910478,0.0041426926,4.76,34.4552286678,0.494,3823
14.0,1.00351417065,0.000283673172817,1361.33040368,0.0041426926,4.76,34.4552286678,0.494,3823
14.0,1.00365698338,0.000283705478068,1361.39170258,0.0041426926,4.76,34.4552286678,0.494,3823
14.0,1.00354838371,0.000283690111246,1361.45300158,0.0041426926,4.76,34.4552286678,0.494,3823
14.0,1.003272295,0.000283668632619,1361.51430047,0.0041426926,4.76,34.4552286678,0.494,3823
14.0,1.00319302082,0.000283715926344,1361.57559936,0.0041426926,4.76,34.4552286678,0.494,3823
14.0,1.00319075584,0.000283653527731,1361.63689825,0.0041426926,4.76,34.4552286678,0.494,3823
14.0,1.00373792648,0.000283693370875,1361.69819714,0.0041426926,4.76,34.4552286678,0.494,3823
14.0,1.00358343124,0.000283697649138,1361.75949602,0.0041426926,4.76,34.4552286678,0.494,3823
14.0,1.00331497192,0.000283687259071,1361.820795,0.0041426926,4.76,34.4552286678,0.494,3823
14.0,1.00326859951,0.000283650530037,1361.88209388,0.0041426926,4.76,34.4552286678,0.494,3823
14.0,1.00328361988,0.000283651897917,1361.94339276,0.0041426926,4.76,34.4552286678,0.494,3823
14.0,1.00281834602,0.000283621542621,1362.00469164,0.0041426926,4.76,34.4552286678,0.494,3823
14.0,1.0028989315,0.000283644010779,1362.06599051,0.0041426926,4.76,34.4552286678,0.494,3823
14.0,1.00269699097,0.000283619767288,1362.12728928,0.0041426926,4.76,34.4552286678,0.494,3823
14.0,1.0025639534,0.00028360777651,1362.18858825,0.0041426926,4.76,34.4552286678,0.494,3823
14.0,1.00289654732,0.000283647415927,1362.24988712,0.0041426926,4.76,34.4552286678,0.494,3823
14.0,1.00293385983,0.000283641536953,1362.31118599,0.0041426926,4.76,34.4552286678,0.494,3823
14.0,1.00279140472,0.000283621950075,1362.37248485,0.0041426926,4.76,34.4552286678,0.494,3823
14.0,1.00230515003,0.000283596280497,1362.43378381,0.0041426926,4.76,34.4552286678,0.494,3823
14.0,1.00256919861,0.000283602421405,1362.49508267,0.0041426926,4.76,34.4552286678,0.494,3823
14.0,1.00245082378,0.000283582921838,1362.55638153,0.0041426926,4.76,34.4552286678,0.494,3823
14.0,1.00275290012,0.000283661589492,1362.61768038,0.0041426926,4.76,34.4552286678,0.494,3823
14.0,1.00247371197,0.000283608329482,1362.67897923,0.0041426926,4.76,34.4552286678,0.494,3823
14.0,1.00286638737,0.000283636327367,1362.74027808,0.0041426926,4.76,34.4552286678,0.494,3823
14.0,1.00262582302,0.000283621746348,1362.80157693,0.0041426926,4.76,34.4552286678,0.494,3823
14.0,1.00281715393,0.000283611792838,1362.86287578,0.0041426926,4.76,34.4552286678,0.494,3823
14.0,1.00318849087,0.000283656554529,1362.92417462,0.0041426926,4.76,34.4552286678,0.494,3823
14.0,1.00241196156,0.000283622794086,1362.98547347,0.0041426926,4.76,34.4552286678,0.494,3823
14.0,1.00239646435,0.000283608300379,1363.04677231,0.0041426926,4.76,34.4552286678,0.494,3823
14.0,1.00139522552,0.000283538072836,1363.10807114,0.0041426926,4.76,34.4552286678,0.494,3823
14.0,1.00265300274,0.000283626053715,1363.16937008,0.0041426926,4.76,34.4552286678,0.494,3823
14.0,1.00178563595,0.000283558561932,1363.25110186,0.0041426926,4.76,34.4552286678,0.494,3823
14.0,1.00213468075,0.000283598288661,1363.31240079,0.0041426926,4.76,34.4552286678,0.494,3823
14.0,1.00255072117,0.00028360527358,1363.37369962,0.0041426926,4.76,34.4552286678,0.494,3823
14.0,1.00159537792,0.000283542700345,1363.43499844,0.0041426926,4.76,34.4552286678,0.494,3823
14.0,1.00266230106,0.000283627072349,1363.49629717,0.0041426926,4.76,34.4552286678,0.494,3823
14.0,1.00173854828,0.00028354479582,1363.55759599,0.0041426926,4.76,34.4552286678,0.494,3823
14.0,1.00228571892,0.000283593893982,1363.61889481,0.0041426926,4.76,34.4552286678,0.494,3823
14.0,1.00182902813,0.000283547647996,1363.68019363,0.0041426926,4.76,34.4552286678,0.494,3823
14.0,1.00201499462,0.000283569854219,1363.74149254,0.0041426926,4.76,34.4552286678,0.494,3823
14.0,1.00211346149,0.000283529778244,1363.80279136,0.0041426926,4.76,34.4552286678,0.494,3823
14.0,1.00252401829,0.000283592060441,1363.86409017,0.0041426926,4.76,34.4552286678,0.494,3823
14.0,1.00186276436,0.000283540168311,1363.92538898,0.0041426926,4.76,34.4552286678,0.494,3823
14.0,1.0018248558,0.00028352701338,1363.98668779,0.0041426926,4.76,34.4552286678,0.494,3823
14.0,1.00214469433,0.000283544883132,1364.04798659,0.0041426926,4.76,34.4552286678,0.494,3823
14.0,1.00192153454,0.000283532514004,1364.1092854,0.0041426926,4.76,34.4552286678,0.494,3823
14.0,1.00208008289,0.000283535686322,1364.1705842,0.0041426926,4.76,34.4552286678,0.494,3823
14.0,1.00169122219,0.000283523637336,1364.2318831,0.0041426926,4.76,34.4552286678,0.494,3823
14.0,1.00172019005,0.000283511762973,1364.2931819,0.0041426926,4.76,34.4552286678,0.494,3823
14.0,1.00176298618,0.000283515546471,1364.35448069,0.0041426926,4.76,34.4552286678,0.494,3823
14.0,1.00186300278,0.000283525092527,1364.41577948,0.0041426926,4.76,34.4552286678,0.494,3823
14.0,1.00141334534,0.000283508066786,1364.47707828,0.0041426926,4.76,34.4552286678,0.494,3823
14.0,1.00138711929,0.000283476343611,1364.53837706,0.0041426926,4.76,34.4552286678,0.494,3823
14.0,1.00196707249,0.0002835332416,1364.59967585,0.0041426926,4.76,34.4552286678,0.494,3823
14.0,1.00216424465,0.000283509085421,1364.66097474,0.0041426926,4.76,34.4552286678,0.494,3823
14.0,1.00162470341,0.000283513218164,1364.72227352,0.0041426926,4.76,34.4552286678,0.494,3823
14.0,1.0018504858,0.000283498549834,1364.7835723,0.0041426926,4.76,34.4552286678,0.494,3823
14.0,1.00183188915,0.000283485045657,1364.84487108,0.0041426926,4.76,34.4552286678,0.494,3823
14.0,1.00203430653,0.000283529283479,1364.90616976,0.0041426926,4.76,34.4552286678,0.494,3823
14.0,1.00170314312,0.000283495697659,1364.96746853,0.0041426926,4.76,34.4552286678,0.494,3823
14.0,1.00167942047,0.000283484783722,1365.0287674,0.0041426926,4.76,34.4552286678,0.494,3823
14.0,1.00223100185,0.000283521425445,1365.09006617,0.0041426926,4.76,34.4552286678,0.494,3823
14.0,1.00206565857,0.000283492787275,1365.15136494,0.0041426926,4.76,34.4552286678,0.494,3823
14.0,1.00194072723,0.000283516827039,1365.21266371,0.0041426926,4.76,34.4552286678,0.494,3823
14.0,1.00164794922,0.000283483386738,1365.27396257,0.0041426926,4.76,34.4552286678,0.494,3823
14.0,1.00257873535,0.000283517932985,1365.33526134,0.0041426926,4.76,34.4552286678,0.494,3823
14.0,1.00245380402,0.00028352352092,1365.3965601,0.0041426926,4.76,34.4552286678,0.494,3823
14.0,1.00266706944,0.000283529952867,1365.45785885,0.0041426926,4.76,34.4552286678,0.494,3823
14.0,1.002404809,0.000283514847979,1365.51915761,0.0041426926,4.76,34.4552286678,0.494,3823
14.0,1.00175821781,0.000283479108475,1365.58045636,0.0041426926,4.76,34.4552286678,0.494,3823
14.0,1.00252485275,0.000283510860754,1365.64175512,0.0041426926,4.76,34.4552286678,0.494,3823
14.0,1.00257325172,0.000283658126136,1365.70305387,0.0041426926,4.76,34.4552286678,0.494,3823
14.0,1.00281262398,0.000283592991764,1365.76435261,0.0041426926,4.76,34.4552286678,0.494,3823
14.0,1.00218605995,0.000283545494312,1365.82565136,0.0041426926,4.76,34.4552286678,0.494,3823
14.0,1.00232553482,0.000283627887256,1365.8869501,0.0041426926,4.76,34.4552286678,0.494,3823
14.0,1.00302731991,0.000283659785055,1365.94824885,0.0041426926,4.76,34.4552286678,0.494,3823
14.0,1.00283694267,0.000283636793029,1366.00954769,0.0041426926,4.76,34.4552286678,0.494,3823
14.0,1.00294935703,0.00028363376623,1366.07084642,0.0041426926,4.76,34.4552286678,0.494,3823
14.0,1.00251877308,0.000283608038444,1366.13214516,0.0041426926,4.76,34.4552286678,0.494,3823
14.0,1.00312757492,0.000283642759314,1366.21387691,0.0041426926,4.76,34.4552286678,0.494,3823
14.0,1.00251698494,0.000283634290099,1366.27517554,0.0041426926,4.76,34.4552286678,0.494,3823
14.0,1.003038764,0.000283662811853,1366.33647427,0.0041426926,4.76,34.4552286678,0.494,3823
14.0,1.00330209732,0.000283706642222,1366.39777299,0.0041426926,4.76,34.4552286678,0.494,3823
14.0,1.00337123871,0.000283684843453,1366.45907172,0.0041426926,4.76,34.4552286678,0.494,3823
14.0,1.00310337543,0.00028366400511,1366.52037044,0.0041426926,4.76,34.4552286678,0.494,3823
14.0,1.00329244137,0.000283657253021,1366.58166926,0.0041426926,4.76,34.4552286678,0.494,3823
14.0,1.00339281559,0.000283620873233,1366.64296798,0.0041426926,4.76,34.4552286678,0.494,3823
14.0,1.00377464294,0.000283660920104,1366.7042667,0.0041426926,4.76,34.4552286678,0.494,3823
14.0,1.00363218784,0.000283644738374,1366.76556541,0.0041426926,4.76,34.4552286678,0.494,3823
14.0,1.00312435627,0.000283677800326,1366.82686413,0.0041426926,4.76,34.4552286678,0.494,3823
14.0,1.0036700964,0.00028366202605,1366.88816284,0.0041426926,4.76,34.4552286678,0.494,3823
14.0,1.00376904011,0.00028366810875,1366.94946155,0.0041426926,4.76,34.4552286678,0.494,3823
14.0,1.00352823734,0.000283686676994,1367.01076036,0.0041426926,4.76,34.4552286678,0.494,3823
14.0,1.00472474098,0.000283748697257,1367.07205906,0.0041426926,4.76,34.4552286678,0.494,3823
14.0,1.00388920307,0.000283686211333,1367.13335776,0.0041426926,4.76,34.4552286678,0.494,3823
14.0,1.00407552719,0.00028370632208,1367.19465647,0.0041426926,4.76,34.4552286678,0.494,3823
14.0,1.00352048874,0.00028365230537,1367.25595516,0.0041426926,4.76,34.4552286678,0.494,3823
14.0,1.00315451622,0.000283655826934,1367.31725386,0.0041426926,4.76,34.4552286678,0.494,3823
14.0,1.00397264957,0.000283727014903,1367.37855256,0.0041426926,4.76,34.4552286678,0.494,3823
14.0,1.00429403782,0.000283723027678,1367.43985125,0.0041426926,4.76,34.4552286678,0.494,3823
14.0,1.00426387787,0.000283709960058,1367.50114994,0.0041426926,4.76,34.4552286678,0.494,3823
14.0,1.00443923473,0.000283714034595,1367.56244873,0.0041426926,4.76,34.4552286678,0.494,3823
14.0,1.00493395329,0.000283782283077,1367.62374742,0.0041426926,4.76,34.4552286678,0.494,3823
14.0,1.00521326065,0.000283783156192,1367.685046,0.0041426926,4.76,34.4552286678,0.494,3823
14.0,1.00464510918,0.00028376429691,1367.74634479,0.0041426926,4.76,34.4552286678,0.494,3823
14.0,1.00485396385,0.000283762376057,1367.80764337,0.0041426926,4.76,34.4552286678,0.494,3823
14.0,1.0043078661,0.000283746223431,1367.86894205,0.0041426926,4.76,34.4552286678,0.494,3823
14.0,1.00500428677,0.000283769244561,1367.93024083,0.0041426926,4.76,34.4552286678,0.494,3823
14.0,1.00495564938,0.000283811968984,1367.9915395,0.0041426926,4.76,34.4552286678,0.494,3823
14.0,1.00474822521,0.000283795641735,1368.05283828,0.0041426926,4.76,34.4552286678,0.494,3823
14.0,1.00504112244,0.000283826404484,1368.11413695,0.0041426926,4.76,34.4552286678,0.494,3823
14.0,1.0053601265,0.000283861183561,1368.17543562,0.0041426926,4.76,34.4552286678,0.494,3823
14.0,1.00545620918,0.000283805245999,1368.23673429,0.0041426926,4.76,34.4552286678,0.494,3823
14.0,1.00581121445,0.000283873843728,1368.29803295,0.0041426926,4.76,34.4552286678,0.494,3823
14.0,1.00609326363,0.00028391732485,1368.35933162,0.0041426926,4.76,34.4552286678,0.494,3823
14.0,1.00568592548,0.000283866305836,1368.42063028,0.0041426926,4.76,34.4552286678,0.494,3823
14.0,1.00589513779,0.00028388723149,1368.48192894,0.0041426926,4.76,34.4552286678,0.494,3823
14.0,1.0056065321,0.000283880450297,1368.5432276,0.0041426926,4.76,34.4552286678,0.494,3823
14.0,1.00543558598,0.000283861154458,1368.60452625,0.0041426926,4.76,34.4552286678,0.494,3823
14.0,1.00587773323,0.000283901987132,1368.66582491,0.0041426926,4.76,34.4552286678,0.494,3823
14.0,1.00614416599,0.00028389369254,1368.72712356,0.0041426926,4.76,34.4552286678,0.494,3823
14.0,1.00665140152,0.000283935834887,1368.78842221,0.0041426926,4.76,34.4552286678,0.494,3823
14.0,1.00675225258,0.000283934641629,1368.84972086,0.0041426926,4.76,34.4552286678,0.494,3823
14.0,1.00635397434,0.000283939065412,1368.9110196,0.0041426926,4.76,34.4552286678,0.494,3823
14.0,1.00677204132,0.000283964647679,1368.97231825,0.0041426926,4.76,34.4552286678,0.494,3823
14.0,1.00652480125,0.000283945875708,1369.03361689,0.0041426926,4.76,34.4552286678,0.494,3823
14.0,1.00684678555,0.000283959961962,1369.09491563,0.0041426926,4.76,34.4552286678,0.494,3823
14.0,1.00714170933,0.000283981120447,1369.17664705,0.0041426926,4.76,34.4552286678,0.494,3823
14.0,1.00719356537,0.000283980130916,1369.23794569,0.0041426926,4.76,34.4552286678,0.494,3823
14.0,1.00755035877,0.000284005131107,1369.29924432,0.0041426926,4.76,34.4552286678,0.494,3823
14.0,1.00741648674,0.000284016598016,1369.36054295,0.0041426926,4.76,34.4552286678,0.494,3823
14.0,1.0074480772,0.000284008390736,1369.42184168,0.0041426926,4.76,34.4552286678,0.494,3823
14.0,1.00800740719,0.000284040113911,1369.48314031,0.0041426926,4.76,34.4552286678,0.494,3823
14.0,1.0083988905,0.000284055277007,1369.54443894,0.0041426926,4.76,34.4552286678,0.494,3823
14.0,1.00807762146,0.000284049863694,1369.60573756,0.0041426926,4.76,34.4552286678,0.494,3823
14.0,1.00816166401,0.000284038716927,1369.66703619,0.0041426926,4.76,34.4552286678,0.494,3823
14.0,1.00898432732,0.000284121168079,1369.72833481,0.0041426926,4.76,34.4552286678,0.494,3823
14.0,1.0085914135,0.000284097768599,1369.78963353,0.0041426926,4.76,34.4552286678,0.494,3823
14.0,1.00885105133,0.000284098176053,1369.85093214,0.0041426926,4.76,34.4552286678,0.494,3823
14.0,1.00941181183,0.000284121604636,1369.91223076,0.0041426926,4.76,34.4552286678,0.494,3823
14.0,1.00924897194,0.000284123118035,1369.97352937,0.0041426926,4.76,34.4552286678,0.494,3823
14.0,1.00884616375,0.000284088135231,1370.03482798,0.0041426926,4.76,34.4552286678,0.494,3823
14.0,1.00872063637,0.000284081703285,1370.09612659,0.0041426926,4.76,34.4552286678,0.494,3823
14.0,1.00898659229,0.000284095411189,1370.1574252,0.0041426926,4.76,34.4552286678,0.494,3823
14.0,1.00979244709,0.000284125853796,1370.21872381,0.0041426926,4.76,34.4552286678,0.494,3823
14.0,1.00960338116,0.00028412960819,1370.28002241,0.0041426926,4.76,34.4552286678,0.494,3823
14.0,1.00918018818,0.000284099631244,1370.36175388,0.0041426926,4.76,34.4552286678,0.494,3823
14.0,1.01021635532,0.000284151785308,1370.42305248,0.0041426926,4.76,34.4552286678,0.494,3823
14.0,1.00975048542,0.00028410658706,1370.48435118,0.0041426926,4.76,34.4552286678,0.494,3823
14.0,1.01004242897,0.000284113659291,1370.54564977,0.0041426926,4.76,34.4552286678,0.494,3823
14.0,1.01004993916,0.000284138834104,1370.60694837,0.0041426926,4.76,34.4552286678,0.494,3823
14.0,1.01029956341,0.000284167239442,1370.66824696,0.0041426926,4.76,34.4552286678,0.494,3823
14.0,1.0107653141,0.000284192909021,1370.72954555,0.0041426926,4.76,34.4552286678,0.494,3823
14.0,1.01071035862,0.000284187030047,1370.79084414,0.0041426926,4.76,34.4552286678,0.494,3823
14.0,1.01052772999,0.000284160167212,1370.85214272,0.0041426926,4.76,34.4552286678,0.494,3823
14.0,1.01055634022,0.000284147157799,1370.91344131,0.0041426926,4.76,34.4552286678,0.494,3823
14.0,1.01117289066,0.000284168490907,1370.97473999,0.0041426926,4.76,34.4552286678,0.494,3823
14.0,1.01141738892,0.000284172245301,1371.03603857,0.0041426926,4.76,34.4552286678,0.494,3823
14.0,1.0113850832,0.000284189300146,1371.09733715,0.0041426926,4.76,34.4552286678,0.494,3823
14.0,1.01097643375,0.000284157489659,1371.15863573,0.0041426926,4.76,34.4552286678,0.494,3823
14.0,1.01121211052,0.000284179724986,1371.2199343,0.0041426926,4.76,34.4552286678,0.494,3823
14.0,1.01155471802,0.000284210545942,1371.28123278,0.0041426926,4.76,34.4552286678,0.494,3823
15.0,1.00052583218,0.00023310452525,1373.50839085,0.0041426926,4.76,34.4552286678,0.494,3823
15.0,1.00129508972,0.000233112528804,1373.56968936,0.0041426926,4.76,34.4552286678,0.494,3823
15.0,1.0018850565,0.000233113823924,1373.63098786,0.0041426926,4.76,34.4552286678,0.494,3823
15.0,1.00156748295,0.000233159109484,1373.69228627,0.0041426926,4.76,34.4552286678,0.494,3823
15.0,1.00213325024,0.000233176178881,1373.75358477,0.0041426926,4.76,34.4552286678,0.494,3823
15.0,1.00230515003,0.000233172468143,1373.81488337,0.0041426926,4.76,34.4552286678,0.494,3823
15.0,1.00228953362,0.000233159109484,1373.87618186,0.0041426926,4.76,34.4552286678,0.494,3823
15.0,1.00225281715,0.000233160651987,1373.93748036,0.0041426926,4.76,34.4552286678,0.494,3823
15.0,1.00172424316,0.000233137427131,1373.99877885,0.0041426926,4.76,34.4552286678,0.494,3823
15.0,1.00194263458,0.000233173632296,1374.06007735,0.0041426926,4.76,34.4552286678,0.494,3823
15.0,1.00140225887,0.000233182814554,1374.12137584,0.0041426926,4.76,34.4552286678,0.494,3823
15.0,1.00185704231,0.00023319790489,1374.18267442,0.0041426926,4.76,34.4552286678,0.494,3823
15.0,1.00198245049,0.000233166181715,1374.24397291,0.0041426926,4.76,34.4552286678,0.494,3823
15.0,1.00208497047,0.000233140424825,1374.3052714,0.0041426926,4.76,34.4552286678,0.494,3823
15.0,1.00303995609,0.000233184749959,1374.38700271,0.0041426926,4.76,34.4552286678,0.494,3823
15.0,1.00213944912,0.000233152808505,1374.44830119,0.0041426926,4.76,34.4552286678,0.494,3823
15.0,1.00231564045,0.00023315710132,1374.50959967,0.0041426926,4.76,34.4552286678,0.494,3823
15.0,1.00253713131,0.000233162107179,1374.57089814,0.0041426926,4.76,34.4552286678,0.494,3823
15.0,1.00232005119,0.000233163067605,1374.63219662,0.0041426926,4.76,34.4552286678,0.494,3823
15.0,1.00188446045,0.000233127953834,1374.69349519,0.0041426926,4.76,34.4552286678,0.494,3823
15.0,1.00261878967,0.000233173850575,1374.75479367,0.0041426926,4.76,34.4552286678,0.494,3823
15.0,1.00286030769,0.000233159880736,1374.81609214,0.0041426926,4.76,34.4552286678,0.494,3823
15.0,1.00243735313,0.000233177619521,1374.87739061,0.0041426926,4.76,34.4552286678,0.494,3823
15.0,1.00291705132,0.000233150291024,1374.93868907,0.0041426926,4.76,34.4552286678,0.494,3823
15.0,1.00319707394,0.000233145954553,1374.99998764,0.0041426926,4.76,34.4552286678,0.494,3823
15.0,1.00258159637,0.000233119499171,1375.061286,0.0041426926,4.76,34.4552286678,0.494,3823
15.0,1.00282561779,0.000233110491536,1375.12258446,0.0041426926,4.76,34.4552286678,0.494,3823
15.0,1.00212812424,0.000233125683735,1375.18388292,0.0041426926,4.76,34.4552286678,0.494,3823
15.0,1.00254762173,0.000233097904129,1375.24518138,0.0041426926,4.76,34.4552286678,0.494,3823
15.0,1.00285053253,0.000233099839534,1375.30647994,0.0041426926,4.76,34.4552286678,0.494,3823
15.0,1.00155293941,0.000233064725762,1375.36777839,0.0041426926,4.76,34.4552286678,0.494,3823
15.0,1.00244855881,0.000233088387176,1375.42907695,0.0041426926,4.76,34.4552286678,0.494,3823
15.0,1.00218641758,0.000233069207752,1375.4903754,0.0041426926,4.76,34.4552286678,0.494,3823
15.0,1.00193798542,0.000233071419643,1375.55167385,0.0041426926,4.76,34.4552286678,0.494,3823
15.0,1.00239729881,0.000233049693634,1375.6129723,0.0041426926,4.76,34.4552286678,0.494,3823
15.0,1.00220859051,0.000233061698964,1375.67427075,0.0041426926,4.76,34.4552286678,0.494,3823
15.0,1.00147259235,0.000233017883147,1375.73556919,0.0041426926,4.76,34.4552286678,0.494,3823
15.0,1.00155210495,0.000233022408793,1375.79686763,0.0041426926,4.76,34.4552286678,0.494,3823
15.0,1.00165331364,0.000232993203099,1375.85816608,0.0041426926,4.76,34.4552286678,0.494,3823
15.0,1.00172793865,0.000233005936025,1375.91946452,0.0041426926,4.76,34.4552286678,0.494,3823
15.0,1.00154066086,0.000233003054745,1375.98076295,0.0041426926,4.76,34.4552286678,0.494,3823
15.0,1.00164008141,0.00023298713495,1376.04206139,0.0041426926,4.76,34.4552286678,0.494,3823
15.0,1.00167524815,0.000233028185903,1376.10335983,0.0041426926,4.76,34.4552286678,0.494,3823
15.0,1.0001591444,0.000232961523579,1376.16465846,0.0041426926,4.76,34.4552286678,0.494,3823
15.0,1.0011048317,0.000233016398852,1376.22595689,0.0041426926,4.76,34.4552286678,0.494,3823
15.0,1.00049364567,0.000232954102103,1376.28725532,0.0041426926,4.76,34.4552286678,0.494,3823
15.0,1.0003991127,0.000232947233599,1376.34855365,0.0041426926,4.76,34.4552286678,0.494,3823
15.0,1.00089216232,0.000232952748775,1376.40985208,0.0041426926,4.76,34.4552286678,0.494,3823
15.0,1.00129413605,0.000232986174524,1376.4711506,0.0041426926,4.76,34.4552286678,0.494,3823
15.0,1.00023174286,0.000232891514315,1376.53244902,0.0041426926,4.76,34.4552286678,0.494,3823
15.0,1.00119185448,0.000232985548791,1376.59374744,0.0041426926,4.76,34.4552286678,0.494,3823
15.0,1.0004748106,0.000232933627558,1376.65504586,0.0041426926,4.76,34.4552286678,0.494,3823
15.0,1.00040495396,0.000232915219385,1376.71634428,0.0041426926,4.76,34.4552286678,0.494,3823
15.0,0.99999153614,0.000232887177845,1376.7776427,0.0041426926,4.76,34.4552286678,0.494,3823
15.0,1.00019681454,0.00023290894751,1376.83894112,0.0041426926,4.76,34.4552286678,0.494,3823
15.0,0.999613940716,0.000232864360441,1376.90023963,0.0041426926,4.76,34.4552286678,0.494,3823
15.0,1.00065481663,0.000232923601288,1376.96153804,0.0041426926,4.76,34.4552286678,0.494,3823
15.0,0.99986410141,0.000232919366681,1377.02283645,0.0041426926,4.76,34.4552286678,0.494,3823
15.0,0.999295592308,0.000232887949096,1377.08413486,0.0041426926,4.76,34.4552286678,0.494,3823
15.0,0.999764025211,0.000232870384934,1377.14543327,0.0041426926,4.76,34.4552286678,0.494,3823
15.0,0.999804615974,0.000232883729041,1377.20673167,0.0041426926,4.76,34.4552286678,0.494,3823
15.0,0.999514937401,0.000232903417782,1377.26803008,0.0041426926,4.76,34.4552286678,0.494,3823
15.0,0.999322235584,0.000232861086261,1377.34976128,0.0041426926,4.76,34.4552286678,0.494,3823
15.0,0.999558508396,0.000232840538956,1377.41105978,0.0041426926,4.76,34.4552286678,0.494,3823
15.0,1.00006890297,0.000232851220062,1377.47235818,0.0041426926,4.76,34.4552286678,0.494,3823
15.0,0.999712646008,0.000232902733842,1377.53365658,0.0041426926,4.76,34.4552286678,0.494,3823
15.0,0.999099910259,0.000232876001974,1377.59495497,0.0041426926,4.76,34.4552286678,0.494,3823
15.0,0.999339818954,0.000232868551393,1377.65625347,0.0041426926,4.76,34.4552286678,0.494,3823
15.0,0.99940776825,0.000232869482716,1377.71755176,0.0041426926,4.76,34.4552286678,0.494,3823
15.0,0.998821794987,0.000232852675254,1377.77885015,0.0041426926,4.76,34.4552286678,0.494,3823
15.0,0.998633265495,0.000232844002312,1377.84014854,0.0041426926,4.76,34.4552286678,0.494,3823
15.0,0.998622894287,0.000232819089433,1377.90144692,0.0041426926,4.76,34.4552286678,0.494,3823
15.0,0.99851334095,0.000232808437431,1377.96274531,0.0041426926,4.76,34.4552286678,0.494,3823
15.0,0.998843848705,0.00023282643815,1378.02404379,0.0041426926,4.76,34.4552286678,0.494,3823
15.0,0.999190032482,0.000232789636357,1378.08534218,0.0041426926,4.76,34.4552286678,0.494,3823
15.0,0.99921309948,0.000232816542848,1378.14664066,0.0041426926,4.76,34.4552286678,0.494,3823
15.0,0.99844622612,0.000232799968217,1378.20793903,0.0041426926,4.76,34.4552286678,0.494,3823
15.0,0.998924434185,0.000232810896705,1378.26923741,0.0041426926,4.76,34.4552286678,0.494,3823
15.0,0.999081850052,0.000232804581174,1378.33053579,0.0041426926,4.76,34.4552286678,0.494,3823
15.0,0.999090135098,0.000232837541262,1378.39183416,0.0041426926,4.76,34.4552286678,0.494,3823
15.0,0.99996304512,0.000232947102631,1378.45313253,0.0041426926,4.76,34.4552286678,0.494,3823
15.0,0.999998807907,0.000232816571952,1378.51443091,0.0041426926,4.76,34.4552286678,0.494,3823
15.0,0.999892473221,0.000232805934502,1378.57572927,0.0041426926,4.76,34.4552286678,0.494,3823
15.0,0.999400675297,0.000232831895119,1378.63702764,0.0041426926,4.76,34.4552286678,0.494,3823
15.0,0.999159693718,0.000232811376918,1378.69832601,0.0041426926,4.76,34.4552286678,0.494,3823
15.0,0.999249219894,0.000232790203881,1378.75962437,0.0041426926,4.76,34.4552286678,0.494,3823
15.0,0.999068677425,0.000232766047702,1378.82092274,0.0041426926,4.76,34.4552286678,0.494,3823
15.0,0.999117195606,0.000232761216466,1378.8822213,0.0041426926,4.76,34.4552286678,0.494,3823
15.0,0.99916446209,0.000232813530602,1378.94351966,0.0041426926,4.76,34.4552286678,0.494,3823
15.0,0.998652815819,0.000232748265262,1379.00481802,0.0041426926,4.76,34.4552286678,0.494,3823
15.0,0.998657345772,0.000232773876633,1379.06611627,0.0041426926,4.76,34.4552286678,0.494,3823
15.0,0.99848908186,0.000232759659411,1379.12741463,0.0041426926,4.76,34.4552286678,0.494,3823
15.0,0.998474657536,0.00023277469154,1379.18871308,0.0041426926,4.76,34.4552286678,0.494,3823
15.0,0.998658955097,0.000232778853388,1379.25001143,0.0041426926,4.76,34.4552286678,0.494,3823
15.0,0.998833596706,0.000232788981521,1379.31130979,0.0041426926,4.76,34.4552286678,0.494,3823
15.0,0.999042391777,0.000232800884987,1379.37260813,0.0041426926,4.76,34.4552286678,0.494,3823
15.0,0.998766720295,0.000232780250371,1379.43390648,0.0041426926,4.76,34.4552286678,0.494,3823
15.0,0.99874162674,0.00023278867593,1379.49520483,0.0041426926,4.76,34.4552286678,0.494,3823
15.0,0.998928546906,0.000232756821788,1379.55650317,0.0041426926,4.76,34.4552286678,0.494,3823
15.0,0.999403178692,0.000232800186495,1379.61780162,0.0041426926,4.76,34.4552286678,0.494,3823
15.0,0.999639570713,0.000232828853768,1379.67909996,0.0041426926,4.76,34.4552286678,0.494,3823
15.0,0.998276412487,0.000232752252487,1379.7403983,0.0041426926,4.76,34.4552286678,0.494,3823
15.0,0.998933911324,0.000232772406889,1379.80169664,0.0041426926,4.76,34.4552286678,0.494,3823
15.0,0.998452723026,0.000232732578297,1379.86299497,0.0041426926,4.76,34.4552286678,0.494,3823
15.0,0.997782230377,0.000232707243413,1379.92429331,0.0041426926,4.76,34.4552286678,0.494,3823
15.0,0.998639047146,0.000232770355069,1379.98559164,0.0041426926,4.76,34.4552286678,0.494,3823
15.0,0.997613787651,0.000232739432249,1380.04688997,0.0041426926,4.76,34.4552286678,0.494,3823
15.0,0.997902035713,0.000232737569604,1380.1081883,0.0041426926,4.76,34.4552286678,0.494,3823
15.0,0.998486816883,0.000232747421251,1380.16948673,0.0041426926,4.76,34.4552286678,0.494,3823
15.0,0.997932136059,0.000232754653553,1380.23078506,0.0041426926,4.76,34.4552286678,0.494,3823
15.0,0.997990548611,0.000232728489209,1380.29208339,0.0041426926,4.76,34.4552286678,0.494,3823
15.0,0.998256742954,0.000232732432778,1380.37381459,0.0041426926,4.76,34.4552286678,0.494,3823
15.0,0.998911798,0.000232787235291,1380.43511281,0.0041426926,4.76,34.4552286678,0.494,3823
15.0,0.998365521431,0.000232777165365,1380.49641113,0.0041426926,4.76,34.4552286678,0.494,3823
15.0,0.998266935349,0.000232776234043,1380.55770945,0.0041426926,4.76,34.4552286678,0.494,3823
15.0,0.998594641685,0.000232765756664,1380.61900777,0.0041426926,4.76,34.4552286678,0.494,3823
15.0,0.998641967773,0.000232777339988,1380.68030608,0.0041426926,4.76,34.4552286678,0.494,3823
15.0,0.99809139967,0.000232769438298,1380.7416045,0.0041426926,4.76,34.4552286678,0.494,3823
15.0,0.998607099056,0.00023279141169,1380.80290281,0.0041426926,4.76,34.4552286678,0.494,3823
15.0,0.998318850994,0.000232772305026,1380.86420123,0.0041426926,4.76,34.4552286678,0.494,3823
15.0,0.997301280499,0.000232731617871,1380.92549954,0.0041426926,4.76,34.4552286678,0.494,3823
15.0,0.998217046261,0.000232801001403,1380.98679785,0.0041426926,4.76,34.4552286678,0.494,3823
15.0,0.997443199158,0.000232723279623,1381.04809615,0.0041426926,4.76,34.4552286678,0.494,3823
15.0,0.997441828251,0.000232740072533,1381.10939446,0.0041426926,4.76,34.4552286678,0.494,3823
15.0,0.997631549835,0.000232775797485,1381.17069277,0.0041426926,4.76,34.4552286678,0.494,3823
15.0,0.997877597809,0.000232772625168,1381.23199107,0.0041426926,4.76,34.4552286678,0.494,3823
15.0,0.998495876789,0.00023278935987,1381.29328937,0.0041426926,4.76,34.4552286678,0.494,3823
15.0,0.998196303844,0.00023278905428,1381.35458767,0.0041426926,4.76,34.4552286678,0.494,3823
15.0,0.998575031757,0.000232816833886,1381.41588597,0.0041426926,4.76,34.4552286678,0.494,3823
15.0,0.997859299183,0.00023277127184,1381.47718427,0.0041426926,4.76,34.4552286678,0.494,3823
15.0,0.997830867767,0.000232790567679,1381.53848256,0.0041426926,4.76,34.4552286678,0.494,3823
15.0,0.998016536236,0.000232805963606,1381.59978106,0.0041426926,4.76,34.4552286678,0.494,3823
15.0,0.997395992279,0.000232775142649,1381.66107935,0.0041426926,4.76,34.4552286678,0.494,3823
15.0,0.99710637331,0.00023279049492,1381.72237764,0.0041426926,4.76,34.4552286678,0.494,3823
15.0,0.997754216194,0.000232816761127,1381.78367593,0.0041426926,4.76,34.4552286678,0.494,3823
15.0,0.997632622719,0.000232800739468,1381.84497412,0.0041426926,4.76,34.4552286678,0.494,3823
15.0,0.997634887695,0.000232813879848,1381.90627251,0.0041426926,4.76,34.4552286678,0.494,3823
15.0,0.997974097729,0.000232827849686,1381.96757079,0.0041426926,4.76,34.4552286678,0.494,3823
15.0,0.997963011265,0.000232832579059,1382.02886908,0.0041426926,4.76,34.4552286678,0.494,3823
15.0,0.997401416302,0.000232826729189,1382.09016736,0.0041426926,4.76,34.4552286678,0.494,3823
15.0,0.997674107552,0.000232826409047,1382.15146564,0.0041426926,4.76,34.4552286678,0.494,3823
15.0,0.997249603271,0.000232837483054,1382.21276392,0.0041426926,4.76,34.4552286678,0.494,3823
15.0,0.997491240501,0.000232842838159,1382.2740622,0.0041426926,4.76,34.4552286678,0.494,3823
15.0,0.997397482395,0.000232800739468,1382.33536058,0.0041426926,4.76,34.4552286678,0.494,3823
15.0,0.997656166553,0.000232823527767,1382.39665886,0.0041426926,4.76,34.4552286678,0.494,3823
15.0,0.997492551804,0.000232812235481,1382.45795713,0.0041426926,4.76,34.4552286678,0.494,3823
15.0,0.997030735016,0.000232802442042,1382.5192554,0.0041426926,4.76,34.4552286678,0.494,3823
15.0,0.999268531799,0.000232944104937,1382.58055367,0.0041426926,4.76,34.4552286678,0.494,3823
15.0,0.998056650162,0.000232859500102,1382.64185195,0.0041426926,4.76,34.4552286678,0.494,3823
15.0,0.998195409775,0.000232865524595,1382.70315021,0.0041426926,4.76,34.4552286678,0.494,3823
15.0,0.998597323895,0.000232852093177,1382.76444848,0.0041426926,4.76,34.4552286678,0.494,3823
15.0,0.997772216797,0.000232822596445,1382.82574675,0.0041426926,4.76,34.4552286678,0.494,3823
15.0,0.997196257114,0.000232837308431,1382.88704511,0.0041426926,4.76,34.4552286678,0.494,3823
15.0,0.997338950634,0.00023283844348,1382.94834337,0.0041426926,4.76,34.4552286678,0.494,3823
15.0,0.998137176037,0.000232842794503,1383.00964164,0.0041426926,4.76,34.4552286678,0.494,3823
15.0,0.998648941517,0.000232847596635,1383.0709399,0.0041426926,4.76,34.4552286678,0.494,3823
15.0,0.997888505459,0.000232823498663,1383.13223826,0.0041426926,4.76,34.4552286678,0.494,3823
15.0,0.997959315777,0.000232838079683,1383.19353651,0.0041426926,4.76,34.4552286678,0.494,3823
15.0,0.997861385345,0.00023283403425,1383.25483477,0.0041426926,4.76,34.4552286678,0.494,3823
15.0,0.997669041157,0.000232841252,1383.33656568,0.0041426926,4.76,34.4552286678,0.494,3823
15.0,0.998225569725,0.000232866412262,1383.39786403,0.0041426926,4.76,34.4552286678,0.494,3823
15.0,0.997979700565,0.000232828140724,1383.45916228,0.0041426926,4.76,34.4552286678,0.494,3823
15.0,0.997763574123,0.000232842110563,1383.52046053,0.0041426926,4.76,34.4552286678,0.494,3823
15.0,0.997532486916,0.000232851598412,1383.58175878,0.0041426926,4.76,34.4552286678,0.494,3823
15.0,0.997873604298,0.000232867358136,1383.64305713,0.0041426926,4.76,34.4552286678,0.494,3823
15.0,0.998353838921,0.000232855207287,1383.70435537,0.0041426926,4.76,34.4552286678,0.494,3823
15.0,0.998148143291,0.000232838297961,1383.76565362,0.0041426926,4.76,34.4552286678,0.494,3823
15.0,0.997953355312,0.000232836755458,1383.82695186,0.0041426926,4.76,34.4552286678,0.494,3823
15.0,0.998159468174,0.000232868143939,1383.8882501,0.0041426926,4.76,34.4552286678,0.494,3823
15.0,0.997636854649,0.000232851118199,1383.94954834,0.0041426926,4.76,34.4552286678,0.494,3823
15.0,0.997672319412,0.000232868798776,1384.01084658,0.0041426926,4.76,34.4552286678,0.494,3823
15.0,0.997334420681,0.000232822421822,1384.07214482,0.0041426926,4.76,34.4552286678,0.494,3823
15.0,0.99737238884,0.000232848484302,1384.13344306,0.0041426926,4.76,34.4552286678,0.494,3823
15.0,0.997954428196,0.000232912221691,1384.19474129,0.0041426926,4.76,34.4552286678,0.494,3823
15.0,0.998878598213,0.000232930251514,1384.25603953,0.0041426926,4.76,34.4552286678,0.494,3823
15.0,0.998413205147,0.000232885635342,1384.31733776,0.0041426926,4.76,34.4552286678,0.494,3823
15.0,0.998300909996,0.000232906619203,1384.37863619,0.0041426926,4.76,34.4552286678,0.494,3823
15.0,0.998668432236,0.000232914739172,1384.43993442,0.0041426926,4.76,34.4552286678,0.494,3823
15.0,0.998848974705,0.000232933409279,1384.50123255,0.0041426926,4.76,34.4552286678,0.494,3823
15.0,0.998796164989,0.000232936741668,1384.56253078,0.0041426926,4.76,34.4552286678,0.494,3823
15.0,0.999196231365,0.000232931459323,1384.6238291,0.0041426926,4.76,34.4552286678,0.494,3823
15.0,0.999132633209,0.000232976628467,1384.68512733,0.0041426926,4.76,34.4552286678,0.494,3823
15.0,0.998550772667,0.000232953403611,1384.74642555,0.0041426926,4.76,34.4552286678,0.494,3823
15.0,0.998804628849,0.000232960679568,1384.80772377,0.0041426926,4.76,34.4552286678,0.494,3823
15.0,0.998923659325,0.000232968392083,1384.86902199,0.0041426926,4.76,34.4552286678,0.494,3823
15.0,0.999664723873,0.000232999926084,1384.93032021,0.0041426926,4.76,34.4552286678,0.494,3823
15.0,0.998884677887,0.000232956852415,1384.99161843,0.0041426926,4.76,34.4552286678,0.494,3823
15.0,0.999067544937,0.000232977428823,1385.05291665,0.0041426926,4.76,34.4552286678,0.494,3823
15.0,0.999702394009,0.000232979567954,1385.11421486,0.0041426926,4.76,34.4552286678,0.494,3823
15.0,0.999592661858,0.000232998179854,1385.17551318,0.0041426926,4.76,34.4552286678,0.494,3823
15.0,0.998698651791,0.000232981692534,1385.23681139,0.0041426926,4.76,34.4552286678,0.494,3823
15.0,0.998773992062,0.000232996681007,1385.2981096,0.0041426926,4.76,34.4552286678,0.494,3823
15.0,0.999252259731,0.000233006852795,1385.35940781,0.0041426926,4.76,34.4552286678,0.494,3823
15.0,0.999003410339,0.000232978680287,1385.42070602,0.0041426926,4.76,34.4552286678,0.494,3823
15.0,0.998737871647,0.000233003491303,1385.48200423,0.0041426926,4.76,34.4552286678,0.494,3823
15.0,0.998524367809,0.000232966282056,1385.54330243,0.0041426926,4.76,34.4552286678,0.494,3823
15.0,0.999283194542,0.000233033206314,1385.60460074,0.0041426926,4.76,34.4552286678,0.494,3823
15.0,0.999039649963,0.000233037979342,1385.66589894,0.0041426926,4.76,34.4552286678,0.494,3823
15.0,0.998890280724,0.000233032827964,1385.72719714,0.0041426926,4.76,34.4552286678,0.494,3823
15.0,0.998963475227,0.000233032929827,1385.78849534,0.0041426926,4.76,34.4552286678,0.494,3823
15.0,0.999179542065,0.000233030325035,1385.84979354,0.0041426926,4.76,34.4552286678,0.494,3823
15.0,0.999183177948,0.00023303758644,1385.91109164,0.0041426926,4.76,34.4552286678,0.494,3823
15.0,0.998816490173,0.000233023136389,1385.97239004,0.0041426926,4.76,34.4552286678,0.494,3823
15.0,0.998356342316,0.000233001599554,1386.03368824,0.0041426926,4.76,34.4552286678,0.494,3823
15.0,0.998477041721,0.000233025595662,1386.09498643,0.0041426926,4.76,34.4552286678,0.494,3823
15.0,0.998611211777,0.000233015569393,1386.15628462,0.0041426926,4.76,34.4552286678,0.494,3823
15.0,0.998291492462,0.000233054786804,1386.21758282,0.0041426926,4.76,34.4552286678,0.494,3823
15.0,0.998450279236,0.000233074111748,1386.29931374,0.0041426926,4.76,34.4552286678,0.494,3823
15.0,0.998634338379,0.000233112717979,1386.36061193,0.0041426926,4.76,34.4552286678,0.494,3823
15.0,0.998482108116,0.000233073398704,1386.42191011,0.0041426926,4.76,34.4552286678,0.494,3823
15.0,0.999255716801,0.000233089434914,1386.4832084,0.0041426926,4.76,34.4552286678,0.494,3823
15.0,0.998453319073,0.000233068378293,1386.54450659,0.0041426926,4.76,34.4552286678,0.494,3823
15.0,0.998675465584,0.000233088561799,1386.60580477,0.0041426926,4.76,34.4552286678,0.494,3823
15.0,0.998595535755,0.000233062601183,1386.66710295,0.0041426926,4.76,34.4552286678,0.494,3823
15.0,0.998142719269,0.000233079379541,1386.72840114,0.0041426926,4.76,34.4552286678,0.494,3823
15.0,0.998070597649,0.000233087557717,1386.78969932,0.0041426926,4.76,34.4552286678,0.494,3823
15.0,0.998608648777,0.000233080529142,1386.8509975,0.0041426926,4.76,34.4552286678,0.494,3823
15.0,0.998515665531,0.000233069731621,1386.91229567,0.0041426926,4.76,34.4552286678,0.494,3823
15.0,0.998350918293,0.0002330946445,1386.97359385,0.0041426926,4.76,34.4552286678,0.494,3823
15.0,0.998363912106,0.000233111233683,1387.03489203,0.0041426926,4.76,34.4552286678,0.494,3823
15.0,0.9983035326,0.000233095794101,1387.11662302,0.0041426926,4.76,34.4552286678,0.494,3823
15.0,0.998616755009,0.000233164959354,1387.1779212,0.0041426926,4.76,34.4552286678,0.494,3823
15.0,0.998882591724,0.000233134545851,1387.28008492,0.0041426926,4.76,34.4552286678,0.494,3823
15.0,0.999571144581,0.000233163969824,1387.34138309,0.0041426926,4.76,34.4552286678,0.494,3823
15.0,0.998926758766,0.000233169615967,1387.40268125,0.0041426926,4.76,34.4552286678,0.494,3823
15.0,0.998432993889,0.000233138474869,1387.46397942,0.0041426926,4.76,34.4552286678,0.494,3823
15.0,0.999148845673,0.000233207290876,1387.52527759,0.0041426926,4.76,34.4552286678,0.494,3823
15.0,0.999980926514,0.000233186205151,1387.58657575,0.0041426926,4.76,34.4552286678,0.494,3823
15.0,0.999361515045,0.000233163358644,1387.64787391,0.0041426926,4.76,34.4552286678,0.494,3823
15.0,0.998522639275,0.000233150494751,1387.70917208,0.0041426926,4.76,34.4552286678,0.494,3823
15.0,0.998912155628,0.000233166574617,1387.77047024,0.0041426926,4.76,34.4552286678,0.494,3823
15.0,0.999594390392,0.000233243044931,1387.8317684,0.0041426926,4.76,34.4552286678,0.494,3823
15.0,0.999586522579,0.000233216997003,1387.89306656,0.0041426926,4.76,34.4552286678,0.494,3823
15.0,0.99947977066,0.000233199069044,1387.95436471,0.0041426926,4.76,34.4552286678,0.494,3823
15.0,0.999637722969,0.000233246901189,1388.01566287,0.0041426926,4.76,34.4552286678,0.494,3823
15.0,0.999215960503,0.000233215920161,1388.07696113,0.0041426926,4.76,34.4552286678,0.494,3823
15.0,1.00009143353,0.00023323779169,1388.13825928,0.0041426926,4.76,34.4552286678,0.494,3823
15.0,1.0002655983,0.000233220052905,1388.19955743,0.0041426926,4.76,34.4552286678,0.494,3823
15.0,0.999406993389,0.000233255253988,1388.26085558,0.0041426926,4.76,34.4552286678,0.494,3823
15.0,0.999564647675,0.00023323262576,1388.32215383,0.0041426926,4.76,34.4552286678,0.494,3823
15.0,1.00088655949,0.000233295606449,1388.38345198,0.0041426926,4.76,34.4552286678,0.494,3823
15.0,1.00023245811,0.000233282742556,1388.44475013,0.0041426926,4.76,34.4552286678,0.494,3823
15.0,0.999672949314,0.000233272163314,1388.50604828,0.0041426926,4.76,34.4552286678,0.494,3823
15.0,1.00000917912,0.000233306927839,1388.56734643,0.0041426926,4.76,34.4552286678,0.494,3823
15.0,1.00039291382,0.000233345053857,1388.62864457,0.0041426926,4.76,34.4552286678,0.494,3823
15.0,1.00041282177,0.000233353770454,1388.68994271,0.0041426926,4.76,34.4552286678,0.494,3823
15.0,0.998986423016,0.000233260594541,1388.75124086,0.0041426926,4.76,34.4552286678,0.494,3823
15.0,0.999611079693,0.000233306273003,1388.8125391,0.0041426926,4.76,34.4552286678,0.494,3823
15.0,0.999748826027,0.000233339553233,1388.87383724,0.0041426926,4.76,34.4552286678,0.494,3823
15.0,0.99979609251,0.000233319966355,1388.93513538,0.0041426926,4.76,34.4552286678,0.494,3823
15.0,0.999580264091,0.00023330237309,1388.99643351,0.0041426926,4.76,34.4552286678,0.494,3823
15.0,1.00006890297,0.000233307029703,1389.05773165,0.0041426926,4.76,34.4552286678,0.494,3823
15.0,0.999855399132,0.000233291910263,1389.11902979,0.0041426926,4.76,34.4552286678,0.494,3823
15.0,1.00040662289,0.00023335358128,1389.18032792,0.0041426926,4.76,34.4552286678,0.494,3823
15.0,0.999659836292,0.000233290134929,1389.24162605,0.0041426926,4.76,34.4552286678,0.494,3823
15.0,1.00063180923,0.000233374157688,1389.3233569,0.0041426926,4.76,34.4552286678,0.494,3823
15.0,1.00040709972,0.000233404862229,1389.38465513,0.0041426926,4.76,34.4552286678,0.494,3823
15.0,1.00018668175,0.000233419050346,1389.44595326,0.0041426926,4.76,34.4552286678,0.494,3823
15.0,0.999957025051,0.000233398910495,1389.50725138,0.0041426926,4.76,34.4552286678,0.494,3823
15.0,1.00041306019,0.000233340571867,1389.56854951,0.0041426926,4.76,34.4552286678,0.494,3823
15.0,1.00007140636,0.000233351514908,1389.62984764,0.0041426926,4.76,34.4552286678,0.494,3823
15.0,0.999795794487,0.000233369908528,1389.69114576,0.0041426926,4.76,34.4552286678,0.494,3823
15.0,1.00032091141,0.000233393191593,1389.75244389,0.0041426926,4.76,34.4552286678,0.494,3823
15.0,1.00049757957,0.0002333438606,1389.81374211,0.0041426926,4.76,34.4552286678,0.494,3823
15.0,1.0001642704,0.000233458093135,1389.87504023,0.0041426926,4.76,34.4552286678,0.494,3823
15.0,1.00021004677,0.000233492057305,1389.93633835,0.0041426926,4.76,34.4552286678,0.494,3823
15.0,0.999963879585,0.000233469414525,1389.99763647,0.0041426926,4.76,34.4552286678,0.494,3823
15.0,1.00011837482,0.000233498270973,1390.05893449,0.0041426926,4.76,34.4552286678,0.494,3823
15.0,1.00013434887,0.000233480677707,1390.12023261,0.0041426926,4.76,34.4552286678,0.494,3823
15.0,0.999796867371,0.000233478524024,1390.18153092,0.0041426926,4.76,34.4552286678,0.494,3823
15.0,1.00091421604,0.000233579077758,1390.24282904,0.0041426926,4.76,34.4552286678,0.494,3823
15.0,1.00068724155,0.000233535000007,1390.30412715,0.0041426926,4.76,34.4552286678,0.494,3823
15.0,1.00092101097,0.000233576152823,1390.36542527,0.0041426926,4.76,34.4552286678,0.494,3823
15.0,1.00019228458,0.000233571336139,1390.42672338,0.0041426926,4.76,34.4552286678,0.494,3823
15.0,1.00019955635,0.000233577840845,1390.48802149,0.0041426926,4.76,34.4552286678,0.494,3823
15.0,1.00025427341,0.000233529484831,1390.5493196,0.0041426926,4.76,34.4552286678,0.494,3823
15.0,1.00088524818,0.000233577840845,1390.61061771,0.0041426926,4.76,34.4552286678,0.494,3823
15.0,1.00070440769,0.000233576152823,1390.67191582,0.0041426926,4.76,34.4552286678,0.494,3823
15.0,1.00066804886,0.000233579747146,1390.73321392,0.0041426926,4.76,34.4552286678,0.494,3823
15.0,1.00116765499,0.000233633283642,1390.79451203,0.0041426926,4.76,34.4552286678,0.494,3823
15.0,1.00107431412,0.000233595856116,1390.85581013,0.0041426926,4.76,34.4552286678,0.494,3823
15.0,1.00137126446,0.000233659869991,1390.91710824,0.0041426926,4.76,34.4552286678,0.494,3823
15.0,1.00081968307,0.000233574901358,1390.97840634,0.0041426926,4.76,34.4552286678,0.494,3823
15.0,1.00139522552,0.000233650047448,1391.03970464,0.0041426926,4.76,34.4552286678,0.494,3823
15.0,1.00211834908,0.000233676764765,1391.10100274,0.0041426926,4.76,34.4552286678,0.494,3823
15.0,1.00076675415,0.000233677536016,1391.16230084,0.0041426926,4.76,34.4552286678,0.494,3823
15.0,1.00135183334,0.000233680562815,1391.22359894,0.0041426926,4.76,34.4552286678,0.494,3823
15.0,1.0017529726,0.000233715967624,1391.28489704,0.0041426926,4.76,34.4552286678,0.494,3823
15.0,1.00098061562,0.000233688944718,1391.34619513,0.0041426926,4.76,34.4552286678,0.494,3823
15.0,1.00093376637,0.000233675527852,1391.40749323,0.0041426926,4.76,34.4552286678,0.494,3823
15.0,1.00184988976,0.000233731669141,1391.48922392,0.0041426926,4.76,34.4552286678,0.494,3823
15.0,1.00158214569,0.00023371813586,1391.55052221,0.0041426926,4.76,34.4552286678,0.494,3823
15.0,1.00180077553,0.000233745129663,1391.6118203,0.0041426926,4.76,34.4552286678,0.494,3823
15.0,1.00164496899,0.000233730796026,1391.67311839,0.0041426926,4.76,34.4552286678,0.494,3823
15.0,1.00093626976,0.000233713377384,1391.73441648,0.0041426926,4.76,34.4552286678,0.494,3823
15.0,1.00189721584,0.000233748345636,1391.79571457,0.0041426926,4.76,34.4552286678,0.494,3823
15.0,1.00257539749,0.000233832324739,1391.85701266,0.0041426926,4.76,34.4552286678,0.494,3823
15.0,1.00195765495,0.000233775470406,1391.91831075,0.0041426926,4.76,34.4552286678,0.494,3823
15.0,1.00229024887,0.000233813349041,1391.97960883,0.0041426926,4.76,34.4552286678,0.494,3823
15.0,1.00120472908,0.000233775237575,1392.04090692,0.0041426926,4.76,34.4552286678,0.494,3823
15.0,1.00149345398,0.000233792190556,1392.102205,0.0041426926,4.76,34.4552286678,0.494,3823
15.0,1.00128149986,0.000233765647863,1392.16350308,0.0041426926,4.76,34.4552286678,0.494,3823
15.0,1.00177717209,0.000233764643781,1392.22480117,0.0041426926,4.76,34.4552286678,0.494,3823
15.0,1.00118756294,0.000233764672885,1392.30653204,0.0041426926,4.76,34.4552286678,0.494,3823
15.0,1.00183022022,0.000233821643633,1392.36783012,0.0041426926,4.76,34.4552286678,0.494,3823
15.0,1.00215065479,0.000233846658375,1392.4291282,0.0041426926,4.76,34.4552286678,0.494,3823
15.0,1.00169599056,0.000233800732531,1392.49042628,0.0041426926,4.76,34.4552286678,0.494,3823
15.0,1.00168669224,0.000233823317103,1392.55172435,0.0041426926,4.76,34.4552286678,0.494,3823
15.0,1.0011934042,0.000233782848227,1392.61302243,0.0041426926,4.76,34.4552286678,0.494,3823
15.0,1.00165748596,0.000233817816479,1392.6743205,0.0041426926,4.76,34.4552286678,0.494,3823
15.0,1.0013679266,0.000233822589507,1392.73561858,0.0041426926,4.76,34.4552286678,0.494,3823
15.0,1.00145077705,0.00023380642233,1392.79691665,0.0041426926,4.76,34.4552286678,0.494,3823
15.0,1.00138771534,0.000233827289776,1392.85821472,0.0041426926,4.76,34.4552286678,0.494,3823
15.0,1.0017567873,0.000233831335208,1392.91951289,0.0041426926,4.76,34.4552286678,0.494,3823
15.0,1.00111198425,0.000233800252317,1392.98081096,0.0041426926,4.76,34.4552286678,0.494,3823
15.0,1.00191044807,0.00023386340763,1393.04210913,0.0041426926,4.76,34.4552286678,0.494,3823
15.0,1.00153660774,0.000233792015933,1393.1034072,0.0041426926,4.76,34.4552286678,0.494,3823
15.0,1.00205850601,0.000233892234974,1393.16470526,0.0041426926,4.76,34.4552286678,0.494,3823
15.0,1.00196373463,0.000233875558479,1393.22600333,0.0041426926,4.76,34.4552286678,0.494,3823
15.0,1.00186109543,0.000233846396441,1393.2873014,0.0041426926,4.76,34.4552286678,0.494,3823
15.0,1.00159084797,0.00023388149566,1393.34859946,0.0041426926,4.76,34.4552286678,0.494,3823
15.0,1.00115954876,0.000233878396102,1393.43033021,0.0041426926,4.76,34.4552286678,0.494,3823
15.0,1.00168693066,0.000233888276853,1393.49162827,0.0041426926,4.76,34.4552286678,0.494,3823
15.0,1.00181365013,0.000233907034271,1393.55292643,0.0041426926,4.76,34.4552286678,0.494,3823
15.0,1.0021725893,0.000233906292124,1393.61422449,0.0041426926,4.76,34.4552286678,0.494,3823
15.0,1.00203168392,0.000233896600548,1393.67552255,0.0041426926,4.76,34.4552286678,0.494,3823
15.0,1.00224125385,0.000233941231272,1393.73682061,0.0041426926,4.76,34.4552286678,0.494,3823
15.0,1.00157105923,0.000233949176618,1393.79811867,0.0041426926,4.76,34.4552286678,0.494,3823
15.0,1.00251126289,0.000233964645304,1393.85941672,0.0041426926,4.76,34.4552286678,0.494,3823
15.0,1.00267899036,0.000233976301388,1393.92071478,0.0041426926,4.76,34.4552286678,0.494,3823
15.0,1.00198614597,0.000233928076341,1393.98201283,0.0041426926,4.76,34.4552286678,0.494,3823
15.0,1.00139987469,0.000233919388847,1394.04331089,0.0041426926,4.76,34.4552286678,0.494,3823
15.0,1.00200212002,0.000233971441048,1394.10460894,0.0041426926,4.76,34.4552286678,0.494,3823
15.0,1.00233864784,0.000233976446907,1394.16590669,0.0041426926,4.76,34.4552286678,0.494,3823
15.0,1.00169217587,0.000233971964917,1394.22720474,0.0041426926,4.76,34.4552286678,0.494,3823
15.0,1.00216078758,0.000233966435189,1394.28850279,0.0041426926,4.76,34.4552286678,0.494,3823
15.0,1.00217533112,0.000233943021158,1394.34980084,0.0041426926,4.76,34.4552286678,0.494,3823
15.0,1.00284183025,0.000234004633967,1394.41109889,0.0041426926,4.76,34.4552286678,0.494,3823
15.0,1.00229740143,0.000233928891248,1394.47239694,0.0041426926,4.76,34.4552286678,0.494,3823
15.0,1.00183570385,0.000233964485233,1394.53369508,0.0041426926,4.76,34.4552286678,0.494,3823
15.0,1.0021739006,0.00023401711951,1394.59499313,0.0041426926,4.76,34.4552286678,0.494,3823
15.0,1.00198078156,0.000233959435718,1394.65629117,0.0041426926,4.76,34.4552286678,0.494,3823
15.0,1.00234925747,0.000233961909544,1394.71758922,0.0041426926,4.76,34.4552286678,0.494,3823
15.0,1.00207471848,0.000233977043536,1394.77888726,0.0041426926,4.76,34.4552286678,0.494,3823
15.0,1.00134468079,0.000233963481151,1394.8401852,0.0041426926,4.76,34.4552286678,0.494,3823
15.0,1.00126290321,0.0002339748753,1394.90148334,0.0041426926,4.76,34.4552286678,0.494,3823
15.0,1.00196969509,0.000234015737078,1394.96278138,0.0041426926,4.76,34.4552286678,0.494,3823
15.0,1.00138616562,0.00023396940378,1395.02407942,0.0041426926,4.76,34.4552286678,0.494,3823
15.0,1.00091791153,0.00023396362667,1395.08537756,0.0041426926,4.76,34.4552286678,0.494,3823
15.0,1.00065290928,0.000233949904214,1395.1466756,0.0041426926,4.76,34.4552286678,0.494,3823
15.0,0.999943614006,0.000233936749282,1395.20797364,0.0041426926,4.76,34.4552286678,0.494,3823
15.0,1.00126516819,0.000234004313825,1395.28970435,0.0041426926,4.76,34.4552286678,0.494,3823
15.0,1.00108242035,0.000233986662352,1395.35100239,0.0041426926,4.76,34.4552286678,0.494,3823
15.0,1.00103402138,0.000233991566347,1395.41230042,0.0041426926,4.76,34.4552286678,0.494,3823
15.0,1.00005173683,0.000233895494603,1395.47359845,0.0041426926,4.76,34.4552286678,0.494,3823
15.0,1.00030255318,0.000233978178585,1395.53489649,0.0041426926,4.76,34.4552286678,0.494,3823
15.0,1.00081312656,0.000233956845477,1395.59619462,0.0041426926,4.76,34.4552286678,0.494,3823
15.0,1.00089776516,0.000233978527831,1395.65749265,0.0041426926,4.76,34.4552286678,0.494,3823
15.0,1.00120830536,0.000233992919675,1395.71879068,0.0041426926,4.76,34.4552286678,0.494,3823
15.0,0.999911248684,0.000233937316807,1395.78008871,0.0041426926,4.76,34.4552286678,0.494,3823
15.0,1.00006568432,0.000233972707065,1395.84138674,0.0041426926,4.76,34.4552286678,0.494,3823
15.0,1.0001116991,0.00023396324832,1395.90268476,0.0041426926,4.76,34.4552286678,0.494,3823
15.0,0.999473690987,0.000233909522649,1395.96398279,0.0041426926,4.76,34.4552286678,0.494,3823
15.0,0.999674320221,0.000233934726566,1396.02528092,0.0041426926,4.76,34.4552286678,0.494,3823
15.0,0.999853014946,0.000233944214415,1396.10701162,0.0041426926,4.76,34.4552286678,0.494,3823
15.0,1.00070285797,0.000234022416407,1396.16830964,0.0041426926,4.76,34.4552286678,0.494,3823
15.0,0.999986410141,0.000233968065004,1396.25004034,0.0041426926,4.76,34.4552286678,0.494,3823
15.0,0.99914252758,0.000233960745391,1396.31133836,0.0041426926,4.76,34.4552286678,0.494,3823
15.0,0.998947560787,0.000233938379097,1396.37263638,0.0041426926,4.76,34.4552286678,0.494,3823
15.0,0.999515712261,0.000233974365983,1396.4339344,0.0041426926,4.76,34.4552286678,0.494,3823
15.0,0.999615311623,0.000233952014241,1396.49523242,0.0041426926,4.76,34.4552286678,0.494,3823
15.0,0.999707520008,0.000233980244957,1396.55653044,0.0041426926,4.76,34.4552286678,0.494,3823
15.0,0.998978435993,0.00023391173454,1396.61782846,0.0041426926,4.76,34.4552286678,0.494,3823
15.0,0.999069035053,0.000233921746258,1396.67912658,0.0041426926,4.76,34.4552286678,0.494,3823
15.0,0.999393582344,0.000233972561546,1396.74042459,0.0041426926,4.76,34.4552286678,0.494,3823
15.0,0.999014854431,0.00023396020697,1396.80172261,0.0041426926,4.76,34.4552286678,0.494,3823
15.0,0.999674737453,0.000233960105106,1396.86302062,0.0041426926,4.76,34.4552286678,0.494,3823
15.0,0.999680936337,0.00023396598408,1396.92431864,0.0041426926,4.76,34.4552286678,0.494,3823
15.0,0.998859465122,0.000233973565628,1396.98561665,0.0041426926,4.76,34.4552286678,0.494,3823
15.0,0.998732566833,0.000233924161876,1397.04691467,0.0041426926,4.76,34.4552286678,0.494,3823
15.0,0.99923735857,0.000233960119658,1397.10821278,0.0041426926,4.76,34.4552286678,0.494,3823
15.0,0.998646318913,0.000233940212638,1397.18994346,0.0041426926,4.76,34.4552286678,0.494,3823
15.0,0.998430609703,0.000233961851336,1397.25124157,0.0041426926,4.76,34.4552286678,0.494,3823
15.0,0.99877178669,0.000233989412664,1397.31253958,0.0041426926,4.76,34.4552286678,0.494,3823
15.0,0.998273253441,0.000233931394177,1397.37383759,0.0041426926,4.76,34.4552286678,0.494,3823
15.0,0.998244285583,0.000233969272813,1397.4351356,0.0041426926,4.76,34.4552286678,0.494,3823
15.0,0.998426020145,0.000233937898884,1397.4964335,0.0041426926,4.76,34.4552286678,0.494,3823
15.0,0.99883300066,0.000233968356042,1397.55773151,0.0041426926,4.76,34.4552286678,0.494,3823
15.0,0.997874855995,0.000233964441577,1397.61902962,0.0041426926,4.76,34.4552286678,0.494,3823
15.0,0.998264014721,0.000234006278333,1397.68032762,0.0041426926,4.76,34.4552286678,0.494,3823
15.0,0.997844398022,0.00023393437732,1397.74162562,0.0041426926,4.76,34.4552286678,0.494,3823
15.0,0.997496902943,0.000233978149481,1397.80292363,0.0041426926,4.76,34.4552286678,0.494,3823
15.0,0.997547984123,0.00023396355391,1397.86422163,0.0041426926,4.76,34.4552286678,0.494,3823
15.0,0.998453557491,0.000234003979131,1397.92551963,0.0041426926,4.76,34.4552286678,0.494,3823
15.0,0.99782705307,0.000233997998293,1397.98681773,0.0041426926,4.76,34.4552286678,0.494,3823
15.0,0.997072398663,0.000233984537772,1398.04811574,0.0041426926,4.76,34.4552286678,0.494,3823
15.0,0.997351586819,0.000233945436776,1398.10941374,0.0041426926,4.76,34.4552286678,0.494,3823
15.0,0.997865617275,0.000233954080613,1398.17071173,0.0041426926,4.76,34.4552286678,0.494,3823
15.0,0.997845232487,0.000234011153225,1398.2524424,0.0041426926,4.76,34.4552286678,0.494,3823
15.0,0.997508525848,0.000233987593674,1398.3137404,0.0041426926,4.76,34.4552286678,0.494,3823
15.0,0.99776828289,0.000233981641941,1398.37503839,0.0041426926,4.76,34.4552286678,0.494,3823
15.0,0.997684657574,0.000233954575378,1398.43633639,0.0041426926,4.76,34.4552286678,0.494,3823
15.0,0.997698545456,0.00023397586483,1398.49763449,0.0041426926,4.76,34.4552286678,0.494,3823
15.0,0.997591614723,0.000233975573792,1398.55893248,0.0041426926,4.76,34.4552286678,0.494,3823
15.0,0.997159004211,0.000234001112403,1398.62023048,0.0041426926,4.76,34.4552286678,0.494,3823
15.0,0.997150301933,0.000234016348259,1398.68152847,0.0041426926,4.76,34.4552286678,0.494,3823
15.0,0.997638344765,0.000234018807532,1398.74282656,0.0041426926,4.76,34.4552286678,0.494,3823
15.0,0.997160077095,0.000234001257923,1398.80412445,0.0041426926,4.76,34.4552286678,0.494,3823
15.0,0.996536970139,0.000233993690927,1398.86542245,0.0041426926,4.76,34.4552286678,0.494,3823
15.0,0.997243285179,0.00023401985527,1398.92672044,0.0041426926,4.76,34.4552286678,0.494,3823
15.0,0.997129619122,0.000234005739912,1398.98801843,0.0041426926,4.76,34.4552286678,0.494,3823
15.0,0.997090935707,0.000234050661675,1399.04931642,0.0041426926,4.76,34.4552286678,0.494,3823
15.0,0.997469902039,0.000234029648709,1399.1106145,0.0041426926,4.76,34.4552286678,0.494,3823
15.0,0.997834444046,0.000234078746871,1399.17191249,0.0041426926,4.76,34.4552286678,0.494,3823
15.0,0.997231125832,0.0002340257779,1399.23321048,0.0041426926,4.76,34.4552286678,0.494,3823
15.0,0.997824668884,0.000234060687944,1399.29450857,0.0041426926,4.76,34.4552286678,0.494,3823
15.0,0.998156249523,0.00023406931723,1399.35580655,0.0041426926,4.76,34.4552286678,0.494,3823
15.0,0.998158872128,0.000234096471104,1399.41710454,0.0041426926,4.76,34.4552286678,0.494,3823
15.0,0.998524308205,0.000234089791775,1399.47840252,0.0041426926,4.76,34.4552286678,0.494,3823
15.0,0.998417198658,0.000234095597989,1399.53970051,0.0041426926,4.76,34.4552286678,0.494,3823
15.0,0.996981799603,0.00023401924409,1399.60099849,0.0041426926,4.76,34.4552286678,0.494,3823
15.0,0.997918486595,0.000234083359828,1399.66229648,0.0041426926,4.76,34.4552286678,0.494,3823
15.0,0.998020112514,0.000234097984503,1399.72359446,0.0041426926,4.76,34.4552286678,0.494,3823
15.0,0.998138844967,0.000234095597989,1399.78489244,0.0041426926,4.76,34.4552286678,0.494,3823
15.0,0.997925579548,0.000234101142269,1399.84619042,0.0041426926,4.76,34.4552286678,0.494,3823
15.0,0.997912108898,0.00023412691371,1399.9074884,0.0041426926,4.76,34.4552286678,0.494,3823
15.0,0.998043417931,0.00023413245799,1399.96878638,0.0041426926,4.76,34.4552286678,0.494,3823
15.0,0.998275339603,0.000234142891713,1400.03008436,0.0041426926,4.76,34.4552286678,0.494,3823
15.0,0.998425126076,0.00023410814174,1400.09138244,0.0041426926,4.76,34.4552286678,0.494,3823
15.0,0.999323070049,0.000234169507166,1400.15268042,0.0041426926,4.76,34.4552286678,0.494,3823
15.0,0.998696029186,0.000234138540691,1400.21397839,0.0041426926,4.76,34.4552286678,0.494,3823
15.0,0.999176859856,0.000234165665461,1400.27527637,0.0041426926,4.76,34.4552286678,0.494,3823
15.0,0.998508632183,0.00023413496092,1400.33657445,0.0041426926,4.76,34.4552286678,0.494,3823
15.0,0.998002529144,0.000234147068113,1400.39787242,0.0041426926,4.76,34.4552286678,0.494,3823
15.0,0.998401045799,0.000234179751715,1400.4591704,0.0041426926,4.76,34.4552286678,0.494,3823
15.0,0.998404026031,0.000234177947277,1400.52046837,0.0041426926,4.76,34.4552286678,0.494,3823
15.0,0.998689949512,0.00023420531943,1400.58176635,0.0041426926,4.76,34.4552286678,0.494,3823
15.0,0.998568177223,0.00023420425714,1400.64306432,0.0041426926,4.76,34.4552286678,0.494,3823
15.0,0.998452484608,0.000234198247199,1400.70436229,0.0041426926,4.76,34.4552286678,0.494,3823
15.0,0.998781502247,0.000234228224144,1400.76566026,0.0041426926,4.76,34.4552286678,0.494,3823
15.0,0.999445080757,0.000234248000197,1400.82695824,0.0041426926,4.76,34.4552286678,0.494,3823
15.0,0.998508572578,0.000234162478591,1400.88825631,0.0041426926,4.76,34.4552286678,0.494,3823
15.0,0.999300181866,0.000234185281442,1400.94955428,0.0041426926,4.76,34.4552286678,0.494,3823
15.0,0.999270379543,0.000234268110944,1401.01085225,0.0041426926,4.76,34.4552286678,0.494,3823
15.0,0.998749136925,0.000234259001445,1401.07215022,0.0041426926,4.76,34.4552286678,0.494,3823
15.0,0.998557090759,0.000234230232309,1401.13344819,0.0041426926,4.76,34.4552286678,0.494,3823
15.0,0.999584794044,0.000234272767557,1401.21517881,0.0041426926,4.76,34.4552286678,0.494,3823
15.0,0.998755335808,0.000234278864809,1401.27647678,0.0041426926,4.76,34.4552286678,0.494,3823
15.0,0.999590873718,0.000234322593315,1401.33777474,0.0041426926,4.76,34.4552286678,0.494,3823
15.0,0.999980211258,0.000234303079196,1401.39907281,0.0041426926,4.76,34.4552286678,0.494,3823
15.0,0.99979019165,0.000234302089666,1401.46037078,0.0041426926,4.76,34.4552286678,0.494,3823
15.0,1.00010597706,0.00023435318144,1401.52166874,0.0041426926,4.76,34.4552286678,0.494,3823
15.0,0.999031960964,0.000234336781432,1401.58296671,0.0041426926,4.76,34.4552286678,0.494,3823
15.0,0.998879253864,0.00023431039881,1401.64426467,0.0041426926,4.76,34.4552286678,0.494,3823
15.0,0.998761415482,0.000234334889683,1401.70556263,0.0041426926,4.76,34.4552286678,0.494,3823
15.0,0.998042821884,0.000234311868553,1401.7668606,0.0041426926,4.76,34.4552286678,0.494,3823
15.0,0.999202251434,0.000234387553064,1401.82815866,0.0041426926,4.76,34.4552286678,0.494,3823
15.0,0.999020159245,0.000234333871049,1401.88945662,0.0041426926,4.76,34.4552286678,0.494,3823
15.0,0.99868619442,0.000234343271586,1401.95075458,0.0041426926,4.76,34.4552286678,0.494,3823
15.0,0.999290883541,0.000234389633988,1402.01205254,0.0041426926,4.76,34.4552286678,0.494,3823
15.0,0.999315440655,0.000234442049987,1402.0733505,0.0041426926,4.76,34.4552286678,0.494,3823
15.0,0.999860525131,0.000234399456531,1402.13464847,0.0041426926,4.76,34.4552286678,0.494,3823
15.0,1.00038170815,0.000234429899137,1402.19594652,0.0041426926,4.76,34.4552286678,0.494,3823
15.0,1.0001231432,0.000234424398514,1402.25724448,0.0041426926,4.76,34.4552286678,0.494,3823
15.0,1.0003567934,0.000234441802604,1402.31854244,0.0041426926,4.76,34.4552286678,0.494,3823
15.0,1.00045633316,0.000234458580962,1402.3798404,0.0041426926,4.76,34.4552286678,0.494,3823
15.0,0.999585330486,0.000234438441112,1402.44113836,0.0041426926,4.76,34.4552286678,0.494,3823
15.0,0.999877810478,0.00023448637512,1402.50243631,0.0041426926,4.76,34.4552286678,0.494,3823
15.0,1.0007392168,0.000234523657127,1402.56373427,0.0041426926,4.76,34.4552286678,0.494,3823
15.0,1.00029206276,0.000234490507864,1402.62503223,0.0041426926,4.76,34.4552286678,0.494,3823
15.0,1.00093650818,0.000234544626437,1402.68633018,0.0041426926,4.76,34.4552286678,0.494,3823
15.0,1.00087511539,0.000234544000705,1402.74762814,0.0041426926,4.76,34.4552286678,0.494,3823
15.0,1.00074839592,0.000234539475059,1402.80892619,0.0041426926,4.76,34.4552286678,0.494,3823
15.0,1.00010919571,0.000234522944083,1402.87022405,0.0041426926,4.76,34.4552286678,0.494,3823
15.0,1.0011998415,0.00023459624208,1402.9315221,0.0041426926,4.76,34.4552286678,0.494,3823
15.0,1.00155353546,0.000234581908444,1402.99282005,0.0041426926,4.76,34.4552286678,0.494,3823
15.0,1.00115633011,0.000234580467804,1403.05411811,0.0041426926,4.76,34.4552286678,0.494,3823
15.0,1.00160944462,0.000234593841014,1403.11541606,0.0041426926,4.76,34.4552286678,0.494,3823
15.0,1.00221920013,0.000234675651882,1403.17671401,0.0041426926,4.76,34.4552286678,0.494,3823
15.0,1.00198471546,0.000234625156736,1403.23801196,0.0041426926,4.76,34.4552286678,0.494,3823
15.0,1.00222468376,0.000234633524087,1403.29930991,0.0041426926,4.76,34.4552286678,0.494,3823
15.0,1.00192785263,0.000234610270127,1403.36060786,0.0041426926,4.76,34.4552286678,0.494,3823
15.0,1.0018184185,0.000234646737226,1403.42190581,0.0041426926,4.76,34.4552286678,0.494,3823
15.0,1.00179195404,0.000234661711147,1403.48320376,0.0041426926,4.76,34.4552286678,0.494,3823
15.0,1.00209522247,0.000234620369156,1403.54450171,0.0041426926,4.76,34.4552286678,0.494,3823
15.0,1.00235438347,0.000234673847444,1403.60579966,0.0041426926,4.76,34.4552286678,0.494,3823
15.0,1.00220990181,0.000234669074416,1403.66709761,0.0041426926,4.76,34.4552286678,0.494,3823
15.0,1.00231206417,0.000234678343986,1403.72839566,0.0041426926,4.76,34.4552286678,0.494,3823
15.0,1.00225055218,0.00023467245046,1403.7896936,0.0041426926,4.76,34.4552286678,0.494,3823
15.0,1.00263941288,0.000234723862377,1403.85099155,0.0041426926,4.76,34.4552286678,0.494,3823
15.0,1.00328314304,0.00023474569025,1403.9122895,0.0041426926,4.76,34.4552286678,0.494,3823
15.0,1.00240266323,0.000234695340623,1403.97358754,0.0041426926,4.76,34.4552286678,0.494,3823
15.0,1.00287497044,0.000234745355556,1404.03488549,0.0041426926,4.76,34.4552286678,0.494,3823
15.0,1.00274944305,0.000234730090597,1404.09618343,0.0041426926,4.76,34.4552286678,0.494,3823
15.0,1.00366079807,0.000234803330386,1404.15748128,0.0041426926,4.76,34.4552286678,0.494,3823
15.0,1.00345551968,0.000234794220887,1404.23921197,0.0041426926,4.76,34.4552286678,0.494,3823
15.0,1.00307631493,0.000234783045016,1404.30050992,0.0041426926,4.76,34.4552286678,0.494,3823
15.0,1.00816071033,0.000235126542975,1405.75122811,0.0041426926,4.76,34.4552286678,0.494,3823
15.0,1.0078650713,0.000235059196712,1405.87382398,0.0041426926,4.76,34.4552286678,0.494,3823
15.0,1.00823032856,0.000235123356106,1405.95555466,0.0041426926,4.76,34.4552286678,0.494,3823
15.0,1.00747334957,0.00023507802689,1406.0168526,0.0041426926,4.76,34.4552286678,0.494,3823
15.0,1.0077329874,0.000235117287957,1406.07815053,0.0041426926,4.76,34.4552286678,0.494,3823
15.0,1.00777184963,0.000235119761783,1406.13944846,0.0041426926,4.76,34.4552286678,0.494,3823
15.0,1.00774717331,0.000235149083892,1406.2007464,0.0041426926,4.76,34.4552286678,0.494,3823
15.0,1.00738692284,0.000235084298765,1406.28247707,0.0041426926,4.76,34.4552286678,0.494,3823
15.0,1.00741171837,0.000235113766394,1406.34377501,0.0041426926,4.76,34.4552286678,0.494,3823
15.0,1.00752437115,0.000235109502682,1406.40507294,0.0041426926,4.76,34.4552286678,0.494,3823
15.0,1.00749242306,0.000235150539083,1406.46637087,0.0041426926,4.76,34.4552286678,0.494,3823
15.0,1.00681209564,0.000235111496295,1406.5276688,0.0041426926,4.76,34.4552286678,0.494,3823
15.0,1.00633955002,0.000235079554841,1406.58896673,0.0041426926,4.76,34.4552286678,0.494,3823
15.0,1.00749719143,0.00023514321947,1406.65026466,0.0041426926,4.76,34.4552286678,0.494,3823
15.0,1.00648188591,0.000235086103203,1406.71156259,0.0041426926,4.76,34.4552286678,0.494,3823
15.0,1.00650703907,0.000235087936744,1406.77286052,0.0041426926,4.76,34.4552286678,0.494,3823
15.0,1.00655674934,0.000235148749198,1406.83415845,0.0041426926,4.76,34.4552286678,0.494,3823
15.0,1.00639498234,0.000235098632402,1406.91588913,0.0041426926,4.76,34.4552286678,0.494,3823
15.0,1.00686848164,0.000235130544752,1406.97718706,0.0041426926,4.76,34.4552286678,0.494,3823
15.0,1.00651705265,0.000235154569964,1407.03848499,0.0041426926,4.76,34.4552286678,0.494,3823
15.0,1.00663149357,0.000235079554841,1407.09978292,0.0041426926,4.76,34.4552286678,0.494,3823
15.0,1.00653600693,0.000235140571021,1407.16108084,0.0041426926,4.76,34.4552286678,0.494,3823
15.0,1.00607216358,0.000235098559642,1407.22237877,0.0041426926,4.76,34.4552286678,0.494,3823
15.0,1.00666737556,0.000235112049268,1407.2836767,0.0041426926,4.76,34.4552286678,0.494,3823
15.0,1.0064842701,0.000235115207033,1407.34497463,0.0041426926,4.76,34.4552286678,0.494,3823
15.0,1.00624465942,0.000235134066315,1407.40627256,0.0041426926,4.76,34.4552286678,0.494,3823
15.0,1.00537741184,0.00023512460757,1407.46757058,0.0041426926,4.76,34.4552286678,0.494,3823
15.0,1.0057207346,0.000235056140809,1407.52886852,0.0041426926,4.76,34.4552286678,0.494,3823
15.0,1.00661420822,0.000235177270952,1407.59016645,0.0041426926,4.76,34.4552286678,0.494,3823
15.0,1.00668442249,0.000235143990722,1407.65146437,0.0041426926,4.76,34.4552286678,0.494,3823
15.0,1.00558876991,0.000235142884776,1407.7127623,0.0041426926,4.76,34.4552286678,0.494,3823
15.0,1.00542545319,0.000235186817008,1407.77406033,0.0041426926,4.76,34.4552286678,0.494,3823
15.0,1.00532460213,0.000235118204728,1407.83535825,0.0041426926,4.76,34.4552286678,0.494,3823
15.0,1.00591719151,0.0002351236908,1407.89665618,0.0041426926,4.76,34.4552286678,0.494,3823
15.0,1.00600767136,0.000235147599597,1407.95795411,0.0041426926,4.76,34.4552286678,0.494,3823
15.0,1.00624918938,0.000235162398894,1408.01925203,0.0041426926,4.76,34.4552286678,0.494,3823
15.0,1.00547707081,0.000235122002778,1408.08054996,0.0041426926,4.76,34.4552286678,0.494,3823
15.0,1.00632572174,0.000235179788433,1408.14184798,0.0041426926,4.76,34.4552286678,0.494,3823
15.0,1.00559556484,0.000235165192862,1408.20314591,0.0041426926,4.76,34.4552286678,0.494,3823
15.0,1.00533902645,0.000235165804042,1408.26444383,0.0041426926,4.76,34.4552286678,0.494,3823
15.0,1.00518381596,0.000235177431023,1408.32574176,0.0041426926,4.76,34.4552286678,0.494,3823
15.0,1.00525248051,0.000235163795878,1408.38703968,0.0041426926,4.76,34.4552286678,0.494,3823
15.0,1.00535643101,0.000235152212554,1408.4483376,0.0041426926,4.76,34.4552286678,0.494,3823
15.0,1.00482964516,0.000235110579524,1408.50963553,0.0041426926,4.76,34.4552286678,0.494,3823
15.0,1.00475096703,0.000235134968534,1408.57093345,0.0041426926,4.76,34.4552286678,0.494,3823
15.0,1.00497579575,0.000235137093114,1408.63223138,0.0041426926,4.76,34.4552286678,0.494,3823
15.0,1.00466370583,0.000235150873777,1408.6935293,0.0041426926,4.76,34.4552286678,0.494,3823
15.0,1.00441372395,0.000235105690081,1408.75482732,0.0041426926,4.76,34.4552286678,0.494,3823
15.0,1.0053589344,0.000235085695749,1408.81612515,0.0041426926,4.76,34.4552286678,0.494,3823
15.0,1.00494527817,0.000235086394241,1408.87742317,0.0041426926,4.76,34.4552286678,0.494,3823
15.0,1.00431156158,0.000235049257753,1408.93872119,0.0041426926,4.76,34.4552286678,0.494,3823
15.0,1.00411009789,0.000235095329117,1409.00001911,0.0041426926,4.76,34.4552286678,0.494,3823
15.0,1.00322592258,0.000235054598306,1409.06131704,0.0041426926,4.76,34.4552286678,0.494,3823
15.0,1.0032428503,0.00023501823307,1409.12261496,0.0041426926,4.76,34.4552286678,0.494,3823
15.0,1.00304245949,0.00023506830621,1409.18391288,0.0041426926,4.76,34.4552286678,0.494,3823
15.0,1.00237882137,0.000235026120208,1409.26564344,0.0041426926,4.76,34.4552286678,0.494,3823
15.0,1.00312936306,0.000235040337429,1409.32694137,0.0041426926,4.76,34.4552286678,0.494,3823
15.0,1.00352489948,0.000235026527662,1409.38823939,0.0041426926,4.76,34.4552286678,0.494,3823
15.0,1.00320255756,0.000235045983572,1409.44953731,0.0041426926,4.76,34.4552286678,0.494,3823
15.0,1.00202476978,0.000235027677263,1409.51083523,0.0041426926,4.76,34.4552286678,0.494,3823
15.0,1.00186491013,0.000235011830227,1409.57213315,0.0041426926,4.76,34.4552286678,0.494,3823
15.0,1.00213372707,0.000234980339883,1409.65386361,0.0041426926,4.76,34.4552286678,0.494,3823
15.0,1.00224590302,0.000235005791183,1409.71516153,0.0041426926,4.76,34.4552286678,0.494,3823
15.0,1.00139439106,0.000234894599998,1409.77645955,0.0041426926,4.76,34.4552286678,0.494,3823
15.0,1.00200223923,0.000234954495681,1409.85819012,0.0041426926,4.76,34.4552286678,0.494,3823
15.0,1.00126361847,0.0002349553979,1409.91948814,0.0041426926,4.76,34.4552286678,0.494,3823
15.0,1.00017166138,0.000234844628721,1409.98078606,0.0041426926,4.76,34.4552286678,0.494,3823
15.0,1.00129377842,0.000234946273849,1410.04208398,0.0041426926,4.76,34.4552286678,0.494,3823
15.0,1.00029325485,0.00023485715792,1410.1033818,0.0041426926,4.76,34.4552286678,0.494,3823
15.0,1.00020563602,0.000234874532907,1410.16467972,0.0041426926,4.76,34.4552286678,0.494,3823
15.0,1.00019657612,0.000234901468502,1410.22597764,0.0041426926,4.76,34.4552286678,0.494,3823
15.0,1.00011837482,0.000234895560425,1410.28727566,0.0041426926,4.76,34.4552286678,0.494,3823
15.0,0.999773681164,0.000234849911067,1410.34857368,0.0041426926,4.76,34.4552286678,0.494,3823
15.0,1.00025475025,0.000234858162003,1410.4098716,0.0041426926,4.76,34.4552286678,0.494,3823
15.0,0.999633729458,0.000234866995015,1410.47116952,0.0041426926,4.76,34.4552286678,0.494,3823
15.0,0.999007940292,0.000234836174059,1410.53246744,0.0041426926,4.76,34.4552286678,0.494,3823
15.0,0.999594867229,0.000234786260989,1410.59376536,0.0041426926,4.76,34.4552286678,0.494,3823
15.0,0.9992415905,0.000234772669501,1410.65506328,0.0041426926,4.76,34.4552286678,0.494,3823
15.0,0.998934090137,0.000234787963564,1410.7163612,0.0041426926,4.76,34.4552286678,0.494,3823
15.0,0.998299777508,0.000234767619986,1410.77765912,0.0041426926,4.76,34.4552286678,0.494,3823
15.0,0.99853760004,0.000234776001889,1410.83895704,0.0041426926,4.76,34.4552286678,0.494,3823
15.0,0.99874150753,0.000234804771026,1410.90025495,0.0041426926,4.76,34.4552286678,0.494,3823
15.0,0.998339176178,0.000234768362134,1410.96155287,0.0041426926,4.76,34.4552286678,0.494,3823
15.0,0.99785900116,0.000234776394791,1411.02285089,0.0041426926,4.76,34.4552286678,0.494,3823
15.0,0.998499453068,0.000234761013417,1411.08414881,0.0041426926,4.76,34.4552286678,0.494,3823
15.0,0.998444259167,0.000234775972785,1411.14544683,0.0041426926,4.76,34.4552286678,0.494,3823
15.0,0.997935593128,0.000234806750086,1411.20674475,0.0041426926,4.76,34.4552286678,0.494,3823
15.0,0.998073399067,0.000234794235439,1411.26804267,0.0041426926,4.76,34.4552286678,0.494,3823
15.0,0.99832713604,0.00023479302763,1411.32934059,0.0041426926,4.76,34.4552286678,0.494,3823
15.0,0.997556507587,0.000234801773331,1411.39063851,0.0041426926,4.76,34.4552286678,0.494,3823
15.0,0.997401833534,0.000234773659031,1411.45193643,0.0041426926,4.76,34.4552286678,0.494,3823
15.0,0.997576057911,0.000234748629737,1411.51323435,0.0041426926,4.76,34.4552286678,0.494,3823
15.0,0.996534585953,0.000234764287597,1411.57453226,0.0041426926,4.76,34.4552286678,0.494,3823
15.0,0.996281206608,0.000234731385717,1411.63583018,0.0041426926,4.76,34.4552286678,0.494,3823
15.0,0.996424674988,0.000234745661146,1411.6971281,0.0041426926,4.76,34.4552286678,0.494,3823
15.0,0.996425271034,0.000234746563365,1411.75842612,0.0041426926,4.76,34.4552286678,0.494,3823
15.0,0.996540248394,0.000234698978602,1411.81972404,0.0041426926,4.76,34.4552286678,0.494,3823
15.0,0.99581438303,0.000234724255279,1411.88102196,0.0041426926,4.76,34.4552286678,0.494,3823
15.0,0.995459496975,0.000234739592997,1411.94231988,0.0041426926,4.76,34.4552286678,0.494,3823
15.0,0.995791077614,0.000234707971686,1412.0036178,0.0041426926,4.76,34.4552286678,0.494,3823
15.0,0.996332883835,0.000234716295381,1412.06491572,0.0041426926,4.76,34.4552286678,0.494,3823
15.0,0.996404051781,0.000234704843024,1412.12621363,0.0041426926,4.76,34.4552286678,0.494,3823
15.0,0.996110796928,0.000234674866078,1412.18751155,0.0041426926,4.76,34.4552286678,0.494,3823
15.0,0.995213627815,0.000234664650634,1412.24880947,0.0041426926,4.76,34.4552286678,0.494,3823
15.0,0.995857656002,0.000234706778429,1412.31010739,0.0041426926,4.76,34.4552286678,0.494,3823
15.0,0.99521368742,0.000234723833273,1412.37140531,0.0041426926,4.76,34.4552286678,0.494,3823
15.0,0.994234681129,0.000234659775742,1412.45313597,0.0041426926,4.76,34.4552286678,0.494,3823
15.0,0.994402647018,0.000234703868045,1412.51443389,0.0041426926,4.76,34.4552286678,0.494,3823
15.0,0.994383335114,0.000234592327615,1412.59616445,0.0041426926,4.76,34.4552286678,0.494,3823
15.0,0.995090067387,0.000234631472267,1412.67789511,0.0041426926,4.76,34.4552286678,0.494,3823
15.0,0.994657516479,0.000234668666963,1412.73919302,0.0041426926,4.76,34.4552286678,0.494,3823
15.0,0.993644058704,0.000234565741266,1412.80049094,0.0041426926,4.76,34.4552286678,0.494,3823
15.0,1.00164592266,0.000235332350712,1418.50118487,0.0041426926,4.76,34.4552286678,0.494,3823
15.0,1.00165235996,0.000235307466937,1418.5624829,0.0041426926,4.76,34.4552286678,0.494,3823
15.0,1.00093710423,0.000235281084315,1418.62378084,0.0041426926,4.76,34.4552286678,0.494,3823
15.0,1.00107777119,0.000235301296925,1418.68507878,0.0041426926,4.76,34.4552286678,0.494,3823
15.0,1.00180757046,0.000235372266616,1418.74637672,0.0041426926,4.76,34.4552286678,0.494,3823
15.0,1.00134658813,0.000235362225794,1418.80767466,0.0041426926,4.76,34.4552286678,0.494,3823
15.0,1.0007750988,0.000235455008806,1418.8689727,0.0041426926,4.76,34.4552286678,0.494,3823
15.0,1.00075018406,0.000235424929997,1418.93027064,0.0041426926,4.76,34.4552286678,0.494,3823
15.0,1.0016053915,0.00023548695026,1418.99156868,0.0041426926,4.76,34.4552286678,0.494,3823
15.0,1.00123941898,0.000235460887779,1419.05286662,0.0041426926,4.76,34.4552286678,0.494,3823
15.0,1.00123882294,0.000235446568695,1419.11416456,0.0041426926,4.76,34.4552286678,0.494,3823
15.0,1.00073385239,0.000235433195485,1419.1754625,0.0041426926,4.76,34.4552286678,0.494,3823
15.0,1.0006005764,0.000235363811953,1419.25719299,0.0041426926,4.76,34.4552286678,0.494,3823
15.0,1.00066184998,0.000235427942243,1419.31849093,0.0041426926,4.76,34.4552286678,0.494,3823
15.0,0.999918520451,0.000235378596699,1419.37978908,0.0041426926,4.76,34.4552286678,0.494,3823
15.0,1.00058591366,0.00023542845156,1419.44108702,0.0041426926,4.76,34.4552286678,0.494,3823
15.0,0.999974608421,0.000235402432736,1419.50238496,0.0041426926,4.76,34.4552286678,0.494,3823
15.0,0.999855577946,0.000235436571529,1419.56368291,0.0041426926,4.76,34.4552286678,0.494,3823
15.0,1.00050258636,0.000235443309066,1419.62498085,0.0041426926,4.76,34.4552286678,0.494,3823
15.0,0.999933302402,0.000235437575611,1419.6862788,0.0041426926,4.76,34.4552286678,0.494,3823
15.0,0.999580860138,0.000235400118981,1419.74757674,0.0041426926,4.76,34.4552286678,0.494,3823
15.0,0.99970382452,0.00023542123381,1419.80887469,0.0041426926,4.76,34.4552286678,0.494,3823
15.0,1.000420928,0.0002354051976,1419.87017263,0.0041426926,4.76,34.4552286678,0.494,3823
15.0,0.999813079834,0.000235387327848,1419.93147068,0.0041426926,4.76,34.4552286678,0.494,3823
15.0,0.999579489231,0.000235385959968,1419.99276863,0.0041426926,4.76,34.4552286678,0.494,3823
15.0,1.00023758411,0.000235422427068,1420.05406658,0.0041426926,4.76,34.4552286678,0.494,3823
15.0,0.999893903732,0.000235377738136,1420.11536452,0.0041426926,4.76,34.4552286678,0.494,3823
15.0,1.00012791157,0.000235398096265,1420.17666247,0.0041426926,4.76,34.4552286678,0.494,3823
15.0,0.999202132225,0.000235363448155,1420.23796052,0.0041426926,4.76,34.4552286678,0.494,3823
15.0,0.999150335789,0.000235360610532,1420.29925837,0.0041426926,4.76,34.4552286678,0.494,3823
15.0,0.99862241745,0.000235352708842,1420.36055642,0.0041426926,4.76,34.4552286678,0.494,3823
15.0,0.998186469078,0.000235318744672,1420.42185427,0.0041426926,4.76,34.4552286678,0.494,3823
15.0,0.998732924461,0.000235388230067,1420.48315222,0.0041426926,4.76,34.4552286678,0.494,3823
15.0,0.999101877213,0.000235339306528,1420.54445017,0.0041426926,4.76,34.4552286678,0.494,3823
15.0,0.999293088913,0.000235396219068,1420.60574832,0.0041426926,4.76,34.4552286678,0.494,3823
15.0,0.998356819153,0.000235363186221,1420.66704627,0.0041426926,4.76,34.4552286678,0.494,3823
15.0,0.998414814472,0.000235347790294,1420.72834423,0.0041426926,4.76,34.4552286678,0.494,3823
15.0,0.999049544334,0.000235360188526,1420.78964218,0.0041426926,4.76,34.4552286678,0.494,3823
15.0,0.999788880348,0.000235384621192,1420.85094013,0.0041426926,4.76,34.4552286678,0.494,3823
15.0,0.999058663845,0.0002353296004,1420.91223809,0.0041426926,4.76,34.4552286678,0.494,3823
15.0,0.99950581789,0.000235356055782,1420.97353604,0.0041426926,4.76,34.4552286678,0.494,3823
15.0,0.999456107616,0.000235323503148,1421.034834,0.0041426926,4.76,34.4552286678,0.494,3823
15.0,1.00013947487,0.000235345505644,1421.09613195,0.0041426926,4.76,34.4552286678,0.494,3823
15.0,0.999885678291,0.000235373488977,1421.15742991,0.0041426926,4.76,34.4552286678,0.494,3823
15.0,0.999214708805,0.000235315528698,1421.21872796,0.0041426926,4.76,34.4552286678,0.494,3823
15.0,0.99878937006,0.000235350889852,1421.28002592,0.0041426926,4.76,34.4552286678,0.494,3823
15.0,0.999133586884,0.000235398241784,1421.34132388,0.0041426926,4.76,34.4552286678,0.494,3823
15.0,0.998988330364,0.000235212923144,1421.40262193,0.0041426926,4.76,34.4552286678,0.494,3823
15.0,0.999191105366,0.000235342318774,1421.46391989,0.0041426926,4.76,34.4552286678,0.494,3823
15.0,0.998430848122,0.000235251907725,1421.52521785,0.0041426926,4.76,34.4552286678,0.494,3823
15.0,0.998464524746,0.00023522695119,1421.58651581,0.0041426926,4.76,34.4552286678,0.494,3823
15.0,0.999193549156,0.000235371699091,1421.64781377,0.0041426926,4.76,34.4552286678,0.494,3823
15.0,0.998656451702,0.000235266808886,1421.70911163,0.0041426926,4.76,34.4552286678,0.494,3823
15.0,0.999032795429,0.000235269122641,1421.77040969,0.0041426926,4.76,34.4552286678,0.494,3823
15.0,0.999536156654,0.000235297964537,1421.83170765,0.0041426926,4.76,34.4552286678,0.494,3823
15.0,0.999324321747,0.000235265499214,1421.89300571,0.0041426926,4.76,34.4552286678,0.494,3823
15.0,0.999435007572,0.000235303319641,1421.95430368,0.0041426926,4.76,34.4552286678,0.494,3823
15.0,0.999622225761,0.000235283674556,1422.01560164,0.0041426926,4.76,34.4552286678,0.494,3823
15.0,0.999318778515,0.000235275321756,1422.0768996,0.0041426926,4.76,34.4552286678,0.494,3823
15.0,0.999799132347,0.000235302999499,1422.13819757,0.0041426926,4.76,34.4552286678,0.494,3823
15.0,0.999762177467,0.000235302024521,1422.19949553,0.0041426926,4.76,34.4552286678,0.494,3823
15.0,0.999108731747,0.000235275147134,1422.28122615,0.0041426926,4.76,34.4552286678,0.494,3823
15.0,0.999017596245,0.000235315528698,1422.34252422,0.0041426926,4.76,34.4552286678,0.494,3823
15.0,0.998841881752,0.000235279861954,1422.40382218,0.0041426926,4.76,34.4552286678,0.494,3823
15.0,0.999041080475,0.000235295286984,1422.46512015,0.0041426926,4.76,34.4552286678,0.494,3823
15.0,0.999068081379,0.000235258674365,1422.52641812,0.0041426926,4.76,34.4552286678,0.494,3823
15.0,0.999094188213,0.000235341591178,1422.58771609,0.0041426926,4.76,34.4552286678,0.494,3823
15.0,0.998457670212,0.000235281389905,1422.64901405,0.0041426926,4.76,34.4552286678,0.494,3823
15.0,0.998974680901,0.000235310042626,1422.71031202,0.0041426926,4.76,34.4552286678,0.494,3823
15.0,0.999230325222,0.000235283572692,1422.77160999,0.0041426926,4.76,34.4552286678,0.494,3823
15.0,0.99929857254,0.000235340077779,1422.83290796,0.0041426926,4.76,34.4552286678,0.494,3823
15.0,0.999061107635,0.00023532731575,1422.89420604,0.0041426926,4.76,34.4552286678,0.494,3823
15.0,0.999120593071,0.00023531417537,1422.95550401,0.0041426926,4.76,34.4552286678,0.494,3823
15.0,0.999139368534,0.000235345767578,1423.01680188,0.0041426926,4.76,34.4552286678,0.494,3823
15.0,0.999314188957,0.000235372892348,1423.07810005,0.0041426926,4.76,34.4552286678,0.494,3823
15.0,0.998607993126,0.000235303072259,1423.13939803,0.0041426926,4.76,34.4552286678,0.494,3823
15.0,0.999029755592,0.000235336774494,1423.200696,0.0041426926,4.76,34.4552286678,0.494,3823
15.0,0.999492764473,0.000235373823671,1423.26199397,0.0041426926,4.76,34.4552286678,0.494,3823
15.0,0.99959564209,0.00023541583505,1423.32329195,0.0041426926,4.76,34.4552286678,0.494,3823
15.0,0.999940037727,0.000235395636992,1423.38458992,0.0041426926,4.76,34.4552286678,0.494,3823
15.0,0.99996483326,0.000235403509578,1423.4458879,0.0041426926,4.76,34.4552286678,0.494,3823
15.0,0.999746263027,0.000235400089878,1423.50718588,0.0041426926,4.76,34.4552286678,0.494,3823
15.0,1.00045144558,0.000235448664171,1423.56848386,0.0041426926,4.76,34.4552286678,0.494,3823
15.0,1.00083327293,0.000235548883211,1423.62978183,0.0041426926,4.76,34.4552286678,0.494,3823
15.0,1.00065493584,0.000235445870203,1423.69107981,0.0041426926,4.76,34.4552286678,0.494,3823
15.0,1.00008809566,0.000235473547946,1423.75237789,0.0041426926,4.76,34.4552286678,0.494,3823
15.0,1.00088715553,0.000235567335039,1423.81367587,0.0041426926,4.76,34.4552286678,0.494,3823
15.0,1.0007853508,0.000235563435126,1423.87497385,0.0041426926,4.76,34.4552286678,0.494,3823
15.0,0.999940276146,0.000235465937294,1423.93627183,0.0041426926,4.76,34.4552286678,0.494,3823
15.0,1.00093221664,0.000235534433159,1423.99756982,0.0041426926,4.76,34.4552286678,0.494,3823
15.0,1.00066292286,0.00023553223582,1424.0588678,0.0041426926,4.76,34.4552286678,0.494,3823
15.0,1.00007271767,0.000235456231167,1424.12016588,0.0041426926,4.76,34.4552286678,0.494,3823
15.0,1.0005582571,0.000235515821259,1424.18146387,0.0041426926,4.76,34.4552286678,0.494,3823
15.0,1.00059497356,0.00023548406898,1424.24276185,0.0041426926,4.76,34.4552286678,0.494,3823
15.0,1.00055360794,0.000235514220549,1424.30405974,0.0041426926,4.76,34.4552286678,0.494,3823
15.0,1.00144851208,0.000235640603933,1424.36535772,0.0041426926,4.76,34.4552286678,0.494,3823
15.0,1.0010933876,0.000235609695665,1424.42665591,0.0041426926,4.76,34.4552286678,0.494,3823
15.0,1.00104260445,0.000235615851125,1424.4879539,0.0041426926,4.76,34.4552286678,0.494,3823
15.0,1.00175905228,0.000235666972003,1424.54925188,0.0041426926,4.76,34.4552286678,0.494,3823
15.0,1.00093746185,0.000235642015468,1424.61054987,0.0041426926,4.76,34.4552286678,0.494,3823
15.0,1.00105845928,0.000235645347857,1424.67184786,0.0041426926,4.76,34.4552286678,0.494,3823
15.0,1.00148916245,0.000235692510614,1424.73314585,0.0041426926,4.76,34.4552286678,0.494,3823
15.0,1.00097060204,0.000235636791331,1424.79444384,0.0041426926,4.76,34.4552286678,0.494,3823
15.0,1.00249302387,0.000235680417973,1424.85574183,0.0041426926,4.76,34.4552286678,0.494,3823
15.0,1.00187671185,0.00023566398886,1424.91703983,0.0041426926,4.76,34.4552286678,0.494,3823
15.0,1.00244283676,0.000235714833252,1424.97833782,0.0041426926,4.76,34.4552286678,0.494,3823
15.0,1.00267720222,0.000235678526224,1425.03963581,0.0041426926,4.76,34.4552286678,0.494,3823
15.0,1.00241172314,0.000235697705648,1425.10093391,0.0041426926,4.76,34.4552286678,0.494,3823
15.0,1.00173783302,0.000235664716456,1425.1622319,0.0041426926,4.76,34.4552286678,0.494,3823
15.0,1.00267708302,0.000235711151618,1425.24396256,0.0041426926,4.76,34.4552286678,0.494,3823
15.0,1.00191152096,0.000235696454183,1425.30526056,0.0041426926,4.76,34.4552286678,0.494,3823
15.0,1.0017721653,0.000235668499954,1425.36655856,0.0041426926,4.76,34.4552286678,0.494,3823
15.0,1.00282609463,0.000235697167227,1425.42785655,0.0041426926,4.76,34.4552286678,0.494,3823
15.0,1.00307941437,0.000235726387473,1425.48915455,0.0041426926,4.76,34.4552286678,0.494,3823
15.0,1.00212860107,0.000235690036789,1425.55045275,0.0041426926,4.76,34.4552286678,0.494,3823
15.0,1.00272655487,0.000235733459704,1425.61175065,0.0041426926,4.76,34.4552286678,0.494,3823
15.0,1.00306975842,0.000235731538851,1425.67304865,0.0041426926,4.76,34.4552286678,0.494,3823
15.0,1.0024985075,0.000235722676734,1425.73434666,0.0041426926,4.76,34.4552286678,0.494,3823
15.0,1.00209915638,0.000235720115597,1425.79564476,0.0041426926,4.76,34.4552286678,0.494,3823
15.0,1.00309860706,0.000235756553593,1425.85694276,0.0041426926,4.76,34.4552286678,0.494,3823
15.0,1.00287699699,0.00023574338411,1425.91824077,0.0041426926,4.76,34.4552286678,0.494,3823
15.0,1.00327074528,0.00023579315166,1425.97953877,0.0041426926,4.76,34.4552286678,0.494,3823
15.0,1.00235772133,0.0002357581252,1426.06126954,0.0041426926,4.76,34.4552286678,0.494,3823
15.0,1.00344371796,0.000235759638599,1426.12256755,0.0041426926,4.76,34.4552286678,0.494,3823
15.0,1.00200724602,0.000235707775573,1426.18386556,0.0041426926,4.76,34.4552286678,0.494,3823
15.0,1.00273036957,0.000235749801504,1426.24516347,0.0041426926,4.76,34.4552286678,0.494,3823
15.0,1.00326752663,0.000235792060266,1426.30646147,0.0041426926,4.76,34.4552286678,0.494,3823
15.0,1.00367832184,0.000235832994804,1426.36775958,0.0041426926,4.76,34.4552286678,0.494,3823
15.0,1.00301158428,0.000235786559642,1426.42905759,0.0041426926,4.76,34.4552286678,0.494,3823
15.0,1.00267410278,0.000235793064348,1426.4903556,0.0041426926,4.76,34.4552286678,0.494,3823
15.0,1.00359928608,0.000235828687437,1426.55165362,0.0041426926,4.76,34.4552286678,0.494,3823
15.0,1.00356018543,0.000235845887801,1426.61295173,0.0041426926,4.76,34.4552286678,0.494,3823
15.0,1.00436246395,0.000235921732383,1426.67424974,0.0041426926,4.76,34.4552286678,0.494,3823
15.0,1.00280356407,0.00023586997122,1426.73554776,0.0041426926,4.76,34.4552286678,0.494,3823
15.0,1.00258350372,0.000235844679992,1426.79684577,0.0041426926,4.76,34.4552286678,0.494,3823
15.0,1.00287032127,0.000235874496866,1426.85814379,0.0041426926,4.76,34.4552286678,0.494,3823
15.0,1.00246989727,0.000235849001911,1426.9194418,0.0041426926,4.76,34.4552286678,0.494,3823
15.0,1.00308811665,0.000235871688346,1426.98073982,0.0041426926,4.76,34.4552286678,0.494,3823
15.0,1.00293123722,0.000235863466514,1427.04203784,0.0041426926,4.76,34.4552286678,0.494,3823
15.0,1.00271129608,0.000235890140175,1427.10333586,0.0041426926,4.76,34.4552286678,0.494,3823
15.0,1.00304746628,0.000235908853938,1427.16463388,0.0041426926,4.76,34.4552286678,0.494,3823
15.0,1.00282526016,0.000235889659962,1427.2259319,0.0041426926,4.76,34.4552286678,0.494,3823
15.0,1.00259280205,0.000235888364841,1427.28723012,0.0041426926,4.76,34.4552286678,0.494,3823
15.0,1.00284397602,0.000235923551372,1427.34852814,0.0041426926,4.76,34.4552286678,0.494,3823
15.0,1.00247645378,0.000235898347455,1427.40982617,0.0041426926,4.76,34.4552286678,0.494,3823
15.0,1.00224483013,0.00023595408129,1427.47112419,0.0041426926,4.76,34.4552286678,0.494,3823
15.0,1.00280785561,0.000235941377468,1427.53242221,0.0041426926,4.76,34.4552286678,0.494,3823
15.0,1.00265395641,0.000235926840105,1427.59372024,0.0041426926,4.76,34.4552286678,0.494,3823
15.0,1.00259947777,0.000235900748521,1427.65501827,0.0041426926,4.76,34.4552286678,0.494,3823
15.0,1.00298905373,0.000235915504163,1427.71631629,0.0041426926,4.76,34.4552286678,0.494,3823
15.0,1.002866745,0.000235926476307,1427.77761432,0.0041426926,4.76,34.4552286678,0.494,3823
15.0,1.00286448002,0.000235922911088,1427.83891235,0.0041426926,4.76,34.4552286678,0.494,3823
15.0,1.00272965431,0.000235907180468,1427.90021048,0.0041426926,4.76,34.4552286678,0.494,3823
15.0,1.00398659706,0.000235992498347,1427.96150851,0.0041426926,4.76,34.4552286678,0.494,3823
15.0,1.00262832642,0.000235921659623,1428.02280654,0.0041426926,4.76,34.4552286678,0.494,3823
15.0,1.00330221653,0.000235942585277,1428.08410457,0.0041426926,4.76,34.4552286678,0.494,3823
15.0,1.00372433662,0.000235942730797,1428.14540261,0.0041426926,4.76,34.4552286678,0.494,3823
15.0,1.00346148014,0.000236003645114,1428.22713332,0.0041426926,4.76,34.4552286678,0.494,3823
15.0,1.00319552422,0.000235921135754,1428.28843136,0.0041426926,4.76,34.4552286678,0.494,3823
15.0,1.00298154354,0.000235924278968,1428.34972949,0.0041426926,4.76,34.4552286678,0.494,3823
15.0,1.00256490707,0.000235949963098,1428.41102753,0.0041426926,4.76,34.4552286678,0.494,3823
15.0,1.00284898281,0.000235937812249,1428.47232557,0.0041426926,4.76,34.4552286678,0.494,3823
15.0,1.00336098671,0.000235903411522,1428.5336236,0.0041426926,4.76,34.4552286678,0.494,3823
15.0,1.00352323055,0.000235942046857,1428.59492164,0.0041426926,4.76,34.4552286678,0.494,3823
15.0,1.00285863876,0.000235904808505,1428.65621979,0.0041426926,4.76,34.4552286678,0.494,3823
15.0,1.00250923634,0.000235937084653,1428.71751783,0.0041426926,4.76,34.4552286678,0.494,3823
15.0,1.00181603432,0.000235892905039,1428.77881587,0.0041426926,4.76,34.4552286678,0.494,3823
15.0,1.00221848488,0.000235924497247,1428.84011391,0.0041426926,4.76,34.4552286678,0.494,3823
15.0,1.00306475163,0.000235921921558,1428.90141196,0.0041426926,4.76,34.4552286678,0.494,3823
15.0,1.00248754025,0.00023591714853,1428.9627101,0.0041426926,4.76,34.4552286678,0.494,3823
15.0,1.00276565552,0.00023594860977,1429.02400815,0.0041426926,4.76,34.4552286678,0.494,3823
15.0,1.00295877457,0.000235969142523,1429.08530619,0.0041426926,4.76,34.4552286678,0.494,3823
15.0,1.00214850903,0.000235976942349,1429.14660424,0.0041426926,4.76,34.4552286678,0.494,3823
15.0,1.00191247463,0.000235909436014,1429.20790229,0.0041426926,4.76,34.4552286678,0.494,3823
15.0,1.0021995306,0.000235942468862,1429.26920034,0.0041426926,4.76,34.4552286678,0.494,3823
15.0,1.00196051598,0.0002359222417,1429.33049839,0.0041426926,4.76,34.4552286678,0.494,3823
15.0,1.00245213509,0.000235961182625,1429.39179644,0.0041426926,4.76,34.4552286678,0.494,3823
15.0,1.00228667259,0.00023596441315,1429.4530945,0.0041426926,4.76,34.4552286678,0.494,3823
15.0,1.00255167484,0.000235956686083,1429.51439255,0.0041426926,4.76,34.4552286678,0.494,3823
15.0,1.00214552879,0.000235924322624,1429.5756906,0.0041426926,4.76,34.4552286678,0.494,3823
15.0,1.00264906883,0.000235966319451,1429.63698876,0.0041426926,4.76,34.4552286678,0.494,3823
15.0,1.00203979015,0.000235938205151,1429.69828681,0.0041426926,4.76,34.4552286678,0.494,3823
15.0,1.00167644024,0.000235910818446,1429.75958487,0.0041426926,4.76,34.4552286678,0.494,3823
15.0,1.00097179413,0.000235881860135,1429.82088303,0.0041426926,4.76,34.4552286678,0.494,3823
15.0,1.00147509575,0.000235883548157,1429.88218109,0.0041426926,4.76,34.4552286678,0.494,3823
15.0,1.00133681297,0.000235884363065,1429.94347915,0.0041426926,4.76,34.4552286678,0.494,3823
15.0,1.00168287754,0.000235926490859,1430.00477721,0.0041426926,4.76,34.4552286678,0.494,3823
15.0,1.00067305565,0.000235887811868,1430.06607527,0.0041426926,4.76,34.4552286678,0.494,3823
15.0,1.00091302395,0.000235934392549,1430.12737333,0.0041426926,4.76,34.4552286678,0.494,3823
15.0,1.00122332573,0.000235900530242,1430.1886714,0.0041426926,4.76,34.4552286678,0.494,3823
15.0,1.00093078613,0.000235841871472,1430.24996956,0.0041426926,4.76,34.4552286678,0.494,3823
15.0,1.00084686279,0.000235885483562,1430.31126763,0.0041426926,4.76,34.4552286678,0.494,3823
15.0,1.00076818466,0.000235865358263,1430.3725657,0.0041426926,4.76,34.4552286678,0.494,3823
15.0,1.00068986416,0.000235892366618,1430.43386376,0.0041426926,4.76,34.4552286678,0.494,3823
15.0,1.0012447834,0.000235915125813,1430.49516183,0.0041426926,4.76,34.4552286678,0.494,3823
15.0,1.00052201748,0.000235849249293,1430.5564599,0.0041426926,4.76,34.4552286678,0.494,3823
15.0,1.00026857853,0.000235862244153,1430.61775797,0.0041426926,4.76,34.4552286678,0.494,3823
15.0,0.999250113964,0.00023582339054,1430.67905605,0.0041426926,4.76,34.4552286678,0.494,3823
15.0,0.999836564064,0.000235765546677,1430.74035412,0.0041426926,4.76,34.4552286678,0.494,3823
15.0,0.999372541904,0.000235717423493,1430.80165219,0.0041426926,4.76,34.4552286678,0.494,3823
15.0,1.00000333786,0.000235760497162,1430.86295037,0.0041426926,4.76,34.4552286678,0.494,3823
15.0,0.999913334846,0.000235817336943,1430.92424844,0.0041426926,4.76,34.4552286678,0.494,3823
15.0,0.999916374683,0.000235756597249,1430.98554652,0.0041426926,4.76,34.4552286678,0.494,3823
15.0,0.999509215355,0.000235709434492,1431.0468447,0.0041426926,4.76,34.4552286678,0.494,3823
15.0,0.999582767487,0.000235725179664,1431.10814278,0.0041426926,4.76,34.4552286678,0.494,3823
15.0,0.999364495277,0.000235714091104,1431.18987345,0.0041426926,4.76,34.4552286678,0.494,3823
15.0,0.999560952187,0.000235721367062,1431.25117153,0.0041426926,4.76,34.4552286678,0.494,3823
15.0,0.998456060886,0.00023568731558,1431.31246981,0.0041426926,4.76,34.4552286678,0.494,3823
15.0,0.998535215855,0.000235688901739,1431.3737679,0.0041426926,4.76,34.4552286678,0.494,3823
15.0,0.999023735523,0.000235697661992,1431.43506588,0.0041426926,4.76,34.4552286678,0.494,3823
15.0,0.998873531818,0.00023571010388,1431.49636397,0.0041426926,4.76,34.4552286678,0.494,3823
15.0,0.998809754848,0.00023568540928,1431.55766215,0.0041426926,4.76,34.4552286678,0.494,3823
15.0,0.999009847641,0.000235693893046,1431.61896024,0.0041426926,4.76,34.4552286678,0.494,3823
15.0,0.999217033386,0.000235687301029,1431.68025833,0.0041426926,4.76,34.4552286678,0.494,3823
15.0,0.99845802784,0.000235630795942,1431.74155642,0.0041426926,4.76,34.4552286678,0.494,3823
15.0,0.998787820339,0.000235682760831,1431.80285451,0.0041426926,4.76,34.4552286678,0.494,3823
15.0,0.99862498045,0.000235680810874,1431.8641526,0.0041426926,4.76,34.4552286678,0.494,3823
15.0,0.998579382896,0.000235674873693,1431.9254508,0.0041426926,4.76,34.4552286678,0.494,3823
15.0,0.998077571392,0.000235635074205,1431.98674889,0.0041426926,4.76,34.4552286678,0.494,3823
15.0,0.997809648514,0.000235625295318,1432.04804698,0.0041426926,4.76,34.4552286678,0.494,3823
15.0,0.998060107231,0.000235634492128,1432.10934508,0.0041426926,4.76,34.4552286678,0.494,3823
15.0,0.997377753258,0.000235603409237,1432.17064318,0.0041426926,4.76,34.4552286678,0.494,3823
15.0,0.997776150703,0.000235602346947,1432.23194128,0.0041426926,4.76,34.4552286678,0.494,3823
15.0,0.997980237007,0.000235659492319,1432.29323938,0.0041426926,4.76,34.4552286678,0.494,3823
15.0,0.997327983379,0.000235619270825,1432.35453748,0.0041426926,4.76,34.4552286678,0.494,3823
15.0,0.996884047985,0.000235617422732,1432.41583558,0.0041426926,4.76,34.4552286678,0.494,3823
15.0,0.997185707092,0.000235625091591,1432.47713368,0.0041426926,4.76,34.4552286678,0.494,3823
15.0,0.996897339821,0.000235639410676,1432.53843198,0.0041426926,4.76,34.4552286678,0.494,3823
15.0,0.996480643749,0.000235613406403,1432.59973009,0.0041426926,4.76,34.4552286678,0.494,3823
15.0,0.99625647068,0.00023562424758,1432.66102819,0.0041426926,4.76,34.4552286678,0.494,3823
15.0,0.99619358778,0.000235585015616,1432.7223262,0.0041426926,4.76,34.4552286678,0.494,3823
15.0,0.996738195419,0.000235634448472,1432.78362441,0.0041426926,4.76,34.4552286678,0.494,3823
15.0,0.996538758278,0.00023562455317,1432.84492252,0.0041426926,4.76,34.4552286678,0.494,3823
15.0,0.996930837631,0.00023564035655,1432.90622063,0.0041426926,4.76,34.4552286678,0.494,3823
15.0,0.997102320194,0.00023565790616,1432.96751874,0.0041426926,4.76,34.4552286678,0.494,3823
15.0,0.995816171169,0.000235640516621,1433.02881685,0.0041426926,4.76,34.4552286678,0.494,3823
15.0,0.996220767498,0.000235638435697,1433.09011497,0.0041426926,4.76,34.4552286678,0.494,3823
15.0,0.995651364326,0.000235597166466,1433.15141318,0.0041426926,4.76,34.4552286678,0.494,3823
15.0,0.996066093445,0.000235667495872,1433.2127113,0.0041426926,4.76,34.4552286678,0.494,3823
15.0,0.995879352093,0.000235629064264,1433.27400942,0.0041426926,4.76,34.4552286678,0.494,3823
15.0,0.996222198009,0.000235636078287,1433.33530753,0.0041426926,4.76,34.4552286678,0.494,3823
15.0,0.99649900198,0.000235658022575,1433.39660565,0.0041426926,4.76,34.4552286678,0.494,3823
15.0,0.995593190193,0.000235585379414,1433.45790377,0.0041426926,4.76,34.4552286678,0.494,3823
15.0,0.996244907379,0.000235622821492,1433.5192019,0.0041426926,4.76,34.4552286678,0.494,3823
15.0,0.996145129204,0.000235658022575,1433.58050002,0.0041426926,4.76,34.4552286678,0.494,3823
15.0,0.995377898216,0.000235609579249,1433.64179814,0.0041426926,4.76,34.4552286678,0.494,3823
15.0,0.996146500111,0.00023573100043,1433.70309627,0.0041426926,4.76,34.4552286678,0.494,3823
15.0,0.995937108994,0.000235638624872,1433.76439459,0.0041426926,4.76,34.4552286678,0.494,3823
15.0,0.995291352272,0.000235632003751,1433.82569272,0.0041426926,4.76,34.4552286678,0.494,3823
15.0,0.995053589344,0.000235589672229,1433.88699085,0.0041426926,4.76,34.4552286678,0.494,3823
15.0,0.995072484016,0.000235621759202,1433.94828898,0.0041426926,4.76,34.4552286678,0.494,3823
15.0,0.995251297951,0.000235626721405,1434.00958711,0.0041426926,4.76,34.4552286678,0.494,3823
15.0,0.996147215366,0.00023563959985,1434.07088524,0.0041426926,4.76,34.4552286678,0.494,3823
15.0,0.996038258076,0.000235643688939,1434.13218338,0.0041426926,4.76,34.4552286678,0.494,3823
15.0,0.996003091335,0.000235618193983,1434.21391432,0.0041426926,4.76,34.4552286678,0.494,3823
15.0,0.995700478554,0.00023562424758,1434.27521246,0.0041426926,4.76,34.4552286678,0.494,3823
15.0,0.996250629425,0.000235693049035,1434.3365106,0.0041426926,4.76,34.4552286678,0.494,3823
15.0,0.996232032776,0.000235642160987,1434.39780874,0.0041426926,4.76,34.4552286678,0.494,3823
15.0,0.995467603207,0.0002356289624,1434.45910688,0.0041426926,4.76,34.4552286678,0.494,3823
15.0,0.995850980282,0.000235652027186,1434.52040502,0.0041426926,4.76,34.4552286678,0.494,3823
15.0,0.997125923634,0.000235655272263,1434.58170316,0.0041426926,4.76,34.4552286678,0.494,3823
15.0,0.996399044991,0.000235637577134,1434.6430013,0.0041426926,4.76,34.4552286678,0.494,3823
15.0,0.996530473232,0.000235699335462,1434.70429945,0.0041426926,4.76,34.4552286678,0.494,3823
15.0,0.995856404305,0.000235655839788,1434.76559769,0.0041426926,4.76,34.4552286678,0.494,3823
15.0,0.99590164423,0.000235690386035,1434.82689584,0.0041426926,4.76,34.4552286678,0.494,3823
15.0,0.99572622776,0.000235664236243,1434.88819399,0.0041426926,4.76,34.4552286678,0.494,3823
15.0,0.995985269547,0.000235675353906,1434.94949214,0.0041426926,4.76,34.4552286678,0.494,3823
15.0,0.995842278004,0.00023567401513,1435.01079029,0.0041426926,4.76,34.4552286678,0.494,3823
15.0,0.996225714684,0.000235726009123,1435.07208844,0.0041426926,4.76,34.4552286678,0.494,3823
15.0,0.995631039143,0.000235693034483,1435.13338669,0.0041426926,4.76,34.4552286678,0.494,3823
15.0,0.995599746704,0.000235703526414,1435.19468485,0.0041426926,4.76,34.4552286678,0.494,3823
15.0,0.995652377605,0.000235680839978,1435.255983,0.0041426926,4.76,34.4552286678,0.494,3823
15.0,0.9957447052,0.000235692452407,1435.31728116,0.0041426926,4.76,34.4552286678,0.494,3823
15.0,0.99500054121,0.000235719067859,1435.37857942,0.0041426926,4.76,34.4552286678,0.494,3823
15.0,0.99825412035,0.000235677289311,1436.29805214,0.0041426926,4.76,34.4552286678,0.494,3823
15.0,0.997953653336,0.000235661005718,1436.35935032,0.0041426926,4.76,34.4552286678,0.494,3823
15.0,0.998515248299,0.000235657513258,1436.4206485,0.0041426926,4.76,34.4552286678,0.494,3823
15.0,0.997866511345,0.000235607090872,1436.48194668,0.0041426926,4.76,34.4552286678,0.494,3823
15.0,0.997973978519,0.000235631741816,1436.54324486,0.0041426926,4.76,34.4552286678,0.494,3823
15.0,0.998504400253,0.000235658197198,1436.60454315,0.0041426926,4.76,34.4552286678,0.494,3823
15.0,0.998599171638,0.000235683837673,1436.66584133,0.0041426926,4.76,34.4552286678,0.494,3823
15.0,0.998620808125,0.000235669242102,1436.72713952,0.0041426926,4.76,34.4552286678,0.494,3823
15.0,0.998666286469,0.000235686951783,1436.78843771,0.0041426926,4.76,34.4552286678,0.494,3823
15.0,0.997965276241,0.000235720130149,1436.8497359,0.0041426926,4.76,34.4552286678,0.494,3823
15.0,0.998605489731,0.000235744359088,1436.91103409,0.0041426926,4.76,34.4552286678,0.494,3823
15.0,0.998279452324,0.00023574923398,1436.97233228,0.0041426926,4.76,34.4552286678,0.494,3823
15.0,0.998358786106,0.000235741652432,1437.03363047,0.0041426926,4.76,34.4552286678,0.494,3823
15.0,0.999229490757,0.000235751474975,1437.09492866,0.0041426926,4.76,34.4552286678,0.494,3823
15.0,0.999180614948,0.000235827916185,1437.15622686,0.0041426926,4.76,34.4552286678,0.494,3823
15.0,0.998240947723,0.000235816420172,1437.21752516,0.0041426926,4.76,34.4552286678,0.494,3823
15.0,0.998233497143,0.000235815954511,1437.27882336,0.0041426926,4.76,34.4552286678,0.494,3823
15.0,0.998359978199,0.000235820494709,1437.34012156,0.0041426926,4.76,34.4552286678,0.494,3823
15.0,0.998036682606,0.000235833169427,1437.40141976,0.0041426926,4.76,34.4552286678,0.494,3823
15.0,0.99820291996,0.000235938307014,1437.46271806,0.0041426926,4.76,34.4552286678,0.494,3823
15.0,0.999217152596,0.000235973464441,1437.52401627,0.0041426926,4.76,34.4552286678,0.494,3823
15.0,0.999026596546,0.000235990766669,1437.58531447,0.0041426926,4.76,34.4552286678,0.494,3823
15.0,0.99848395586,0.000235969855567,1437.64661268,0.0041426926,4.76,34.4552286678,0.494,3823
15.0,0.999536573887,0.000236021951423,1437.70791088,0.0041426926,4.76,34.4552286678,0.494,3823
15.0,0.999303519726,0.000236002219026,1437.76920909,0.0041426926,4.76,34.4552286678,0.494,3823
15.0,0.998794555664,0.000236031060922,1437.8305074,0.0041426926,4.76,34.4552286678,0.494,3823
15.0,1.00004553795,0.000236057123402,1437.91223835,0.0041426926,4.76,34.4552286678,0.494,3823
15.0,0.999801635742,0.000236053194385,1437.97353657,0.0041426926,4.76,34.4552286678,0.494,3823
15.0,0.999146282673,0.000236024294281,1438.03483478,0.0041426926,4.76,34.4552286678,0.494,3823
15.0,1.00038194656,0.00023606227478,1438.096133,0.0041426926,4.76,34.4552286678,0.494,3823
15.0,1.00032007694,0.000236074600252,1438.15743122,0.0041426926,4.76,34.4552286678,0.494,3823
15.0,0.999787330627,0.000236088919337,1438.21872944,0.0041426926,4.76,34.4552286678,0.494,3823
15.0,0.999960184097,0.000236090738326,1438.28002776,0.0041426926,4.76,34.4552286678,0.494,3823
15.0,1.00040388107,0.000236071136896,1438.34132598,0.0041426926,4.76,34.4552286678,0.494,3823
15.0,1.00029981136,0.000236049017985,1438.4026242,0.0041426926,4.76,34.4552286678,0.494,3823
15.0,1.00013697147,0.000236108026002,1438.46392243,0.0041426926,4.76,34.4552286678,0.494,3823
15.0,1.00058400631,0.000236117615714,1438.52522065,0.0041426926,4.76,34.4552286678,0.494,3823
15.0,1.00076961517,0.00023612313089,1438.58651888,0.0041426926,4.76,34.4552286678,0.494,3823
15.0,1.00018155575,0.000236070467508,1438.64781711,0.0041426926,4.76,34.4552286678,0.494,3823
15.0,1.00115931034,0.000236138454056,1438.70911534,0.0041426926,4.76,34.4552286678,0.494,3823
15.0,1.00074231625,0.000236135732848,1438.77041357,0.0041426926,4.76,34.4552286678,0.494,3823
15.0,1.00091791153,0.000236129635596,1438.83171181,0.0041426926,4.76,34.4552286678,0.494,3823
15.0,1.00168728828,0.00023621028231,1438.89301024,0.0041426926,4.76,34.4552286678,0.494,3823
15.0,1.00122630596,0.000236167848925,1438.95430848,0.0041426926,4.76,34.4552286678,0.494,3823
15.0,1.0018478632,0.000236185034737,1439.01560672,0.0041426926,4.76,34.4552286678,0.494,3823
15.0,1.00159561634,0.000236180712818,1439.07690496,0.0041426926,4.76,34.4552286678,0.494,3823
15.0,1.00100553036,0.000236184321693,1439.1382032,0.0041426926,4.76,34.4552286678,0.494,3823
15.0,1.00160968304,0.000236193518504,1439.19950144,0.0041426926,4.76,34.4552286678,0.494,3823
15.0,1.00180065632,0.000236201274674,1439.26079968,0.0041426926,4.76,34.4552286678,0.494,3823
15.0,1.0012537241,0.000236184612731,1439.32209793,0.0041426926,4.76,34.4552286678,0.494,3823
15.0,1.00183832645,0.000236209190916,1439.38339617,0.0041426926,4.76,34.4552286678,0.494,3823
15.0,1.00150883198,0.000236197913182,1439.44469442,0.0041426926,4.76,34.4552286678,0.494,3823
15.0,1.00232195854,0.000236254316405,1439.50599277,0.0041426926,4.76,34.4552286678,0.494,3823
15.0,1.00167131424,0.000236217863858,1439.56729102,0.0041426926,4.76,34.4552286678,0.494,3823
15.0,1.0016657114,0.000236234627664,1439.62858927,0.0041426926,4.76,34.4552286678,0.494,3823
15.0,1.00199174881,0.000236245265114,1439.68988753,0.0041426926,4.76,34.4552286678,0.494,3823
15.0,1.00212776661,0.000236244493863,1439.75118578,0.0041426926,4.76,34.4552286678,0.494,3823
15.0,1.00209903717,0.000236206513364,1439.81248414,0.0041426926,4.76,34.4552286678,0.494,3823
15.0,1.00219428539,0.000236278501689,1439.8737824,0.0041426926,4.76,34.4552286678,0.494,3823
15.0,1.00298249722,0.000236307896557,1439.93508056,0.0041426926,4.76,34.4552286678,0.494,3823
15.0,1.0020365715,0.000236260559177,1439.99637882,0.0041426926,4.76,34.4552286678,0.494,3823
15.0,1.00227880478,0.000236267049331,1440.05767708,0.0041426926,4.76,34.4552286678,0.494,3823
15.0,1.00307202339,0.000236267471337,1440.11897554,0.0041426926,4.76,34.4552286678,0.494,3823
15.0,1.00234806538,0.000236191699514,1440.18027381,0.0041426926,4.76,34.4552286678,0.494,3823
15.0,1.00297534466,0.000236230960581,1440.24157208,0.0041426926,4.76,34.4552286678,0.494,3823
15.0,1.00315570831,0.000236251784372,1440.30287034,0.0041426926,4.76,34.4552286678,0.494,3823
15.0,1.0033698082,0.000236305553699,1440.36416862,0.0041426926,4.76,34.4552286678,0.494,3823
15.0,1.00321424007,0.00023627448536,1440.42546689,0.0041426926,4.76,34.4552286678,0.494,3823
15.0,1.00322878361,0.000236314022914,1440.48676516,0.0041426926,4.76,34.4552286678,0.494,3823
15.0,1.00298988819,0.000236334410147,1440.54806343,0.0041426926,4.76,34.4552286678,0.494,3823
15.0,1.00346827507,0.000236293082708,1440.60936171,0.0041426926,4.76,34.4552286678,0.494,3823
15.0,1.00407445431,0.000236289648456,1440.67065999,0.0041426926,4.76,34.4552286678,0.494,3823
15.0,1.00313198566,0.00023631057411,1440.73195837,0.0041426926,4.76,34.4552286678,0.494,3823
15.0,1.00327014923,0.000236295774812,1440.79325665,0.0041426926,4.76,34.4552286678,0.494,3823
15.0,1.00334572792,0.000236301275436,1440.87498769,0.0041426926,4.76,34.4552286678,0.494,3823
15.0,1.00339090824,0.000236323292484,1440.93628597,0.0041426926,4.76,34.4552286678,0.494,3823
15.0,1.00419950485,0.000236372332438,1440.99758426,0.0041426926,4.76,34.4552286678,0.494,3823
15.0,1.00426471233,0.000236348758335,1441.05888255,0.0041426926,4.76,34.4552286678,0.494,3823
15.0,1.00375795364,0.000236338106333,1441.12018094,0.0041426926,4.76,34.4552286678,0.494,3823
15.0,1.00416338444,0.000236354346271,1441.18147923,0.0041426926,4.76,34.4552286678,0.494,3823
15.0,1.00411617756,0.000236336491071,1441.24277752,0.0041426926,4.76,34.4552286678,0.494,3823
15.0,1.00438559055,0.0002363500098,1441.30407581,0.0041426926,4.76,34.4552286678,0.494,3823
15.0,1.00392854214,0.0002363424137,1441.36537411,0.0041426926,4.76,34.4552286678,0.494,3823
15.0,1.00405204296,0.000236358682741,1441.4266724,0.0041426926,4.76,34.4552286678,0.494,3823
15.0,1.0045722723,0.000236369683989,1441.4879708,0.0041426926,4.76,34.4552286678,0.494,3823
15.0,1.00403773785,0.00023635145044,1441.5492691,0.0041426926,4.76,34.4552286678,0.494,3823
15.0,1.00453925133,0.000236380568822,1441.6105674,0.0041426926,4.76,34.4552286678,0.494,3823
15.0,1.00457310677,0.000236367370235,1441.6718657,0.0041426926,4.76,34.4552286678,0.494,3823
15.0,1.00405573845,0.000236330859479,1441.73316411,0.0041426926,4.76,34.4552286678,0.494,3823
15.0,1.00391900539,0.000236247142311,1441.79446242,0.0041426926,4.76,34.4552286678,0.494,3823
15.0,1.0039665699,0.000236346997553,1441.85576072,0.0041426926,4.76,34.4552286678,0.494,3823
15.0,1.00466907024,0.000236331892665,1441.9374917,0.0041426926,4.76,34.4552286678,0.494,3823
15.0,1.00510668755,0.000236277584918,1441.99879001,0.0041426926,4.76,34.4552286678,0.494,3823
15.0,1.00495910645,0.000236276551732,1442.06008843,0.0041426926,4.76,34.4552286678,0.494,3823
15.0,1.00405621529,0.000236240201048,1442.12138684,0.0041426926,4.76,34.4552286678,0.494,3823
15.0,1.00433087349,0.000236220876104,1442.18268516,0.0041426926,4.76,34.4552286678,0.494,3823
15.0,1.00486552715,0.000236293126363,1442.24398347,0.0041426926,4.76,34.4552286678,0.494,3823
15.0,1.0052601099,0.000236270861933,1442.30528179,0.0041426926,4.76,34.4552286678,0.494,3823
15.0,1.00455486774,0.00023625906033,1442.36658011,0.0041426926,4.76,34.4552286678,0.494,3823
15.0,1.00437784195,0.000236277075601,1442.42787844,0.0041426926,4.76,34.4552286678,0.494,3823
15.0,1.00395989418,0.000236240550294,1442.48917676,0.0041426926,4.76,34.4552286678,0.494,3823
15.0,1.0050548315,0.0002362565574,1442.55047508,0.0041426926,4.76,34.4552286678,0.494,3823
15.0,1.00446748734,0.00023625906033,1442.61177341,0.0041426926,4.76,34.4552286678,0.494,3823
15.0,1.00329339504,0.000236188978306,1442.67307174,0.0041426926,4.76,34.4552286678,0.494,3823
15.0,1.00429928303,0.000236226667766,1442.73437017,0.0041426926,4.76,34.4552286678,0.494,3823
15.0,1.00391733646,0.000236189633142,1442.7956685,0.0041426926,4.76,34.4552286678,0.494,3823
15.0,1.00456643105,0.000236214953475,1442.85696694,0.0041426926,4.76,34.4552286678,0.494,3823
15.0,1.00438475609,0.000236202526139,1442.91826527,0.0041426926,4.76,34.4552286678,0.494,3823
15.0,1.00519537926,0.000236229752772,1442.97956361,0.0041426926,4.76,34.4552286678,0.494,3823
15.0,1.00429916382,0.000236196210608,1443.04086195,0.0041426926,4.76,34.4552286678,0.494,3823
15.0,1.00411248207,0.000236199455685,1443.10216029,0.0041426926,4.76,34.4552286678,0.494,3823
15.0,1.00394618511,0.000236181149376,1443.16345853,0.0041426926,4.76,34.4552286678,0.494,3823
15.0,1.00413239002,0.000236199455685,1443.22475687,0.0041426926,4.76,34.4552286678,0.494,3823
15.0,1.00391614437,0.000236196327023,1443.28605532,0.0041426926,4.76,34.4552286678,0.494,3823
15.0,1.00340795517,0.000236150677665,1443.34735376,0.0041426926,4.76,34.4552286678,0.494,3823
15.0,1.00413620472,0.000236199601204,1443.40865211,0.0041426926,4.76,34.4552286678,0.494,3823
15.0,1.00319314003,0.000236109743128,1443.46995046,0.0041426926,4.76,34.4552286678,0.494,3823
15.0,1.00301301479,0.00023612655059,1443.53124881,0.0041426926,4.76,34.4552286678,0.494,3823
15.0,1.00391936302,0.000236180363572,1443.59254717,0.0041426926,4.76,34.4552286678,0.494,3823
15.0,1.00327837467,0.000236110485275,1443.65384552,0.0041426926,4.76,34.4552286678,0.494,3823
15.0,1.00270843506,0.000236114821746,1443.71514388,0.0041426926,4.76,34.4552286678,0.494,3823
15.0,1.00307798386,0.00023610824428,1443.77644224,0.0041426926,4.76,34.4552286678,0.494,3823
15.0,1.00332355499,0.000236128558754,1443.85817348,0.0041426926,4.76,34.4552286678,0.494,3823
15.0,1.00251197815,0.000236067004153,1443.91947185,0.0041426926,4.76,34.4552286678,0.494,3823
15.0,1.00284254551,0.000236065883655,1443.98077021,0.0041426926,4.76,34.4552286678,0.494,3823
15.0,1.00243806839,0.000236084786593,1444.04206858,0.0041426926,4.76,34.4552286678,0.494,3823
15.0,1.00212180614,0.000236049178056,1444.10336694,0.0041426926,4.76,34.4552286678,0.494,3823
15.0,1.00284361839,0.000236053019762,1444.16466531,0.0041426926,4.76,34.4552286678,0.494,3823
15.0,1.00308954716,0.000236049745581,1444.22596368,0.0041426926,4.76,34.4552286678,0.494,3823
15.0,1.00294482708,0.000236015810515,1444.28726206,0.0041426926,4.76,34.4552286678,0.494,3823
15.0,1.00254380703,0.000236036241404,1444.36899332,0.0041426926,4.76,34.4552286678,0.494,3823
15.0,1.00161230564,0.000235996500123,1444.4302917,0.0041426926,4.76,34.4552286678,0.494,3823
15.0,1.00199007988,0.000235991348745,1444.49159008,0.0041426926,4.76,34.4552286678,0.494,3823
15.0,1.00250506401,0.0002360012586,1444.55288846,0.0041426926,4.76,34.4552286678,0.494,3823
15.0,1.00229144096,0.000236008680076,1444.61418684,0.0041426926,4.76,34.4552286678,0.494,3823
15.0,1.00118339062,0.000235937506659,1444.67548522,0.0041426926,4.76,34.4552286678,0.494,3823
15.0,1.00220716,0.00023598021653,1444.7367836,0.0041426926,4.76,34.4552286678,0.494,3823
15.0,1.00139153004,0.000235940358834,1444.79808219,0.0041426926,4.76,34.4552286678,0.494,3823
15.0,1.00102925301,0.000235927014728,1444.85938058,0.0041426926,4.76,34.4552286678,0.494,3823
15.0,1.00189077854,0.000235952902585,1444.92067897,0.0041426926,4.76,34.4552286678,0.494,3823
15.0,1.00216078758,0.000235927538597,1444.98197736,0.0041426926,4.76,34.4552286678,0.494,3823
15.0,1.0017080307,0.000235949046328,1445.04327575,0.0041426926,4.76,34.4552286678,0.494,3823
15.0,1.00122261047,0.000235972300288,1445.10457415,0.0041426926,4.76,34.4552286678,0.494,3823
15.0,1.0009829998,0.000235912331846,1445.16587255,0.0041426926,4.76,34.4552286678,0.494,3823
15.0,1.00155854225,0.000235940518905,1445.22717095,0.0041426926,4.76,34.4552286678,0.494,3823
15.0,1.00129008293,0.000235904808505,1445.28846935,0.0041426926,4.76,34.4552286678,0.494,3823
15.0,1.00090694427,0.000235887710005,1445.34976775,0.0041426926,4.76,34.4552286678,0.494,3823
15.0,1.00130164623,0.000235892483033,1445.41106625,0.0041426926,4.76,34.4552286678,0.494,3823
15.0,1.00090432167,0.0002359461796,1445.47236466,0.0041426926,4.76,34.4552286678,0.494,3823
15.0,1.00097858906,0.000235845291172,1445.53366306,0.0041426926,4.76,34.4552286678,0.494,3823
15.0,1.00137317181,0.000235893763602,1445.59496147,0.0041426926,4.76,34.4552286678,0.494,3823
15.0,1.00148665905,0.00023589230841,1445.65625988,0.0041426926,4.76,34.4552286678,0.494,3823
15.0,1.00066101551,0.000235853149206,1445.7175583,0.0041426926,4.76,34.4552286678,0.494,3823
15.0,1.00084841251,0.000235833460465,1445.77885671,0.0041426926,4.76,34.4552286678,0.494,3823
15.0,1.00079619884,0.000235828323639,1445.84015513,0.0041426926,4.76,34.4552286678,0.494,3823
15.0,1.00085389614,0.000235881336266,1445.90145355,0.0041426926,4.76,34.4552286678,0.494,3823
15.0,1.00056707859,0.000235835177591,1445.96275197,0.0041426926,4.76,34.4552286678,0.494,3823
15.0,1.00011622906,0.000235822168179,1446.02405059,0.0041426926,4.76,34.4552286678,0.494,3823
15.0,1.00034379959,0.000235813000472,1446.08534901,0.0041426926,4.76,34.4552286678,0.494,3823
15.0,1.00029611588,0.000235832761973,1446.14664744,0.0041426926,4.76,34.4552286678,0.494,3823
15.0,0.999991297722,0.000235827072174,1446.20794586,0.0041426926,4.76,34.4552286678,0.494,3823
15.0,0.999871790409,0.000235827610595,1446.26924429,0.0041426926,4.76,34.4552286678,0.494,3823
15.0,1.00059688091,0.000235845014686,1446.33054272,0.0041426926,4.76,34.4552286678,0.494,3823
15.0,0.999571382999,0.0002357869962,1446.39184115,0.0041426926,4.76,34.4552286678,0.494,3823
15.0,0.999784886837,0.000235782645177,1446.45313959,0.0041426926,4.76,34.4552286678,0.494,3823
15.0,1.00026500225,0.000235795901972,1446.51443802,0.0041426926,4.76,34.4552286678,0.494,3823
15.0,1.00084400177,0.000235803701798,1446.57573646,0.0041426926,4.76,34.4552286678,0.494,3823
15.0,1.00036907196,0.000235778323258,1446.637035,0.0041426926,4.76,34.4552286678,0.494,3823
15.0,1.00000154972,0.00023580029665,1446.69833344,0.0041426926,4.76,34.4552286678,0.494,3823
15.0,0.999444007874,0.000235731044086,1446.75963189,0.0041426926,4.76,34.4552286678,0.494,3823
15.0,0.999881446362,0.000235768922721,1446.84136315,0.0041426926,4.76,34.4552286678,0.494,3823
15.0,0.999696612358,0.000235744941165,1446.90266159,0.0041426926,4.76,34.4552286678,0.494,3823
15.0,0.999929606915,0.000235753599554,1446.96396004,0.0041426926,4.76,34.4552286678,0.494,3823
15.0,0.998626172543,0.000235676314333,1447.02525849,0.0041426926,4.76,34.4552286678,0.494,3823
15.0,0.999549269676,0.000235695915762,1447.08655705,0.0041426926,4.76,34.4552286678,0.494,3823
15.0,0.999707520008,0.000235724743106,1447.1478555,0.0041426926,4.76,34.4552286678,0.494,3823
15.0,0.999298930168,0.000235763858655,1447.20915396,0.0041426926,4.76,34.4552286678,0.494,3823
15.0,0.999436378479,0.000235734391026,1447.27045242,0.0041426926,4.76,34.4552286678,0.494,3823
15.0,0.999385178089,0.000235725572566,1447.33175088,0.0041426926,4.76,34.4552286678,0.494,3823
15.0,0.998943090439,0.000235725470702,1447.39304944,0.0041426926,4.76,34.4552286678,0.494,3823
15.0,0.999231159687,0.000235721163335,1447.4543479,0.0041426926,4.76,34.4552286678,0.494,3823
15.0,0.999817192554,0.000235742947552,1447.51564637,0.0041426926,4.76,34.4552286678,0.494,3823
15.0,0.999056398869,0.000235708008404,1447.57694483,0.0041426926,4.76,34.4552286678,0.494,3823
15.0,0.99856954813,0.000235697370954,1447.6382433,0.0041426926,4.76,34.4552286678,0.494,3823
15.0,0.998856842518,0.000235699408222,1447.69954187,0.0041426926,4.76,34.4552286678,0.494,3823
15.0,0.999577462673,0.000235731014982,1447.76084035,0.0041426926,4.76,34.4552286678,0.494,3823
15.0,0.999246537685,0.00023568677716,1447.82213882,0.0041426926,4.76,34.4552286678,0.494,3823
15.0,0.998926341534,0.000235687984969,1447.8834373,0.0041426926,4.76,34.4552286678,0.494,3823
15.0,0.999253809452,0.000235729239648,1447.94473578,0.0041426926,4.76,34.4552286678,0.494,3823
15.0,0.999276340008,0.000235709434492,1448.00603426,0.0041426926,4.76,34.4552286678,0.494,3823
15.0,0.999319732189,0.000235736893956,1448.06733274,0.0041426926,4.76,34.4552286678,0.494,3823
15.0,0.998779177666,0.000235689571127,1448.12863123,0.0041426926,4.76,34.4552286678,0.494,3823
15.0,0.999075233936,0.00023572439386,1448.18992971,0.0041426926,4.76,34.4552286678,0.494,3823
15.0,0.998941540718,0.000235705389059,1448.2512282,0.0041426926,4.76,34.4552286678,0.494,3823
15.0,0.998787581921,0.000235721934587,1448.31252679,0.0041426926,4.76,34.4552286678,0.494,3823
15.0,0.999095141888,0.000235720639466,1448.37382528,0.0041426926,4.76,34.4552286678,0.494,3823
15.0,0.999272167683,0.000235699408222,1448.43512377,0.0041426926,4.76,34.4552286678,0.494,3823
15.0,0.998897314072,0.000235741070355,1448.49642227,0.0041426926,4.76,34.4552286678,0.494,3823
15.0,0.998569488525,0.000235685234657,1448.55772077,0.0041426926,4.76,34.4552286678,0.494,3823
15.0,0.99871891737,0.000235663450439,1448.61901937,0.0041426926,4.76,34.4552286678,0.494,3823
15.0,0.998626828194,0.000235652420088,1448.68031787,0.0041426926,4.76,34.4552286678,0.494,3823
15.0,0.998001515865,0.000235643223277,1448.74161637,0.0041426926,4.76,34.4552286678,0.494,3823
15.0,0.998896002769,0.000235681392951,1448.80291488,0.0041426926,4.76,34.4552286678,0.494,3823
15.0,0.998819053173,0.000235702376813,1448.86421338,0.0041426926,4.76,34.4552286678,0.494,3823
15.0,0.998837590218,0.000235700557823,1448.92551199,0.0041426926,4.76,34.4552286678,0.494,3823
15.0,0.998877823353,0.000235635699937,1448.9868105,0.0041426926,4.76,34.4552286678,0.494,3823
15.0,0.998538970947,0.000235686544329,1449.04810902,0.0041426926,4.76,34.4552286678,0.494,3823
15.0,0.998846054077,0.000235707004322,1449.10940753,0.0041426926,4.76,34.4552286678,0.494,3823
15.0,0.999206781387,0.000235694998992,1449.17070605,0.0041426926,4.76,34.4552286678,0.494,3823
15.0,0.99858635664,0.000235695173615,1449.23200457,0.0041426926,4.76,34.4552286678,0.494,3823
15.0,0.998197078705,0.000235666549997,1449.29330309,0.0041426926,4.76,34.4552286678,0.494,3823
15.0,0.998800456524,0.000235679690377,1449.35460161,0.0041426926,4.76,34.4552286678,0.494,3823
15.0,0.998264968395,0.000235635467106,1449.41590013,0.0041426926,4.76,34.4552286678,0.494,3823
15.0,0.998252034187,0.00023567120661,1449.47719866,0.0041426926,4.76,34.4552286678,0.494,3823
15.0,0.998077094555,0.000235678671743,1449.53849729,0.0041426926,4.76,34.4552286678,0.494,3823
15.0,0.998832762241,0.000235680156038,1449.59979582,0.0041426926,4.76,34.4552286678,0.494,3823
15.0,0.998632848263,0.00023567637254,1449.66109435,0.0041426926,4.76,34.4552286678,0.494,3823
15.0,0.998432934284,0.000235717423493,1449.72239288,0.0041426926,4.76,34.4552286678,0.494,3823
15.0,0.998236775398,0.000235697225435,1449.80412427,0.0041426926,4.76,34.4552286678,0.494,3823
15.0,0.998565852642,0.00023569833138,1449.8654228,0.0041426926,4.76,34.4552286678,0.494,3823
15.0,0.998576402664,0.000235681727645,1449.92672134,0.0041426926,4.76,34.4552286678,0.494,3823
15.0,0.998847603798,0.000235675499425,1449.98802009,0.0041426926,4.76,34.4552286678,0.494,3823
15.0,0.998294055462,0.000235692539718,1450.04931863,0.0041426926,4.76,34.4552286678,0.494,3823
15.0,0.997844517231,0.000235698200413,1450.11061718,0.0041426926,4.76,34.4552286678,0.494,3823
15.0,0.998710870743,0.000235706480453,1450.17191573,0.0041426926,4.76,34.4552286678,0.494,3823
15.0,0.998908281326,0.000235697196331,1450.23321428,0.0041426926,4.76,34.4552286678,0.494,3823
15.0,0.998669981956,0.000235703744693,1450.29451273,0.0041426926,4.76,34.4552286678,0.494,3823
15.0,0.998686611652,0.000235721512581,1450.35581138,0.0041426926,4.76,34.4552286678,0.494,3823
15.0,0.998781085014,0.000235699204495,1450.41710994,0.0041426926,4.76,34.4552286678,0.494,3823
15.0,0.999200940132,0.000235708997934,1450.4784085,0.0041426926,4.76,34.4552286678,0.494,3823
15.0,0.998951971531,0.000235729472479,1450.56014001,0.0041426926,4.76,34.4552286678,0.494,3823
15.0,0.99891358614,0.000235741608776,1450.62143857,0.0041426926,4.76,34.4552286678,0.494,3823
15.0,0.998945951462,0.000235747007537,1450.68273714,0.0041426926,4.76,34.4552286678,0.494,3823
15.0,0.998758673668,0.000235721614445,1450.74403571,0.0041426926,4.76,34.4552286678,0.494,3823
15.0,0.998929798603,0.000235742336372,1450.80533427,0.0041426926,4.76,34.4552286678,0.494,3823
15.0,0.998886168003,0.000235722618527,1450.86663285,0.0041426926,4.76,34.4552286678,0.494,3823
15.0,0.999113917351,0.000235714775044,1450.92793142,0.0041426926,4.76,34.4552286678,0.494,3823
15.0,0.999567627907,0.000235741856159,1450.98923009,0.0041426926,4.76,34.4552286678,0.494,3823
15.0,0.998889625072,0.00023572576174,1451.05052867,0.0041426926,4.76,34.4552286678,0.494,3823
15.0,0.998650491238,0.000235719824559,1451.11182725,0.0041426926,4.76,34.4552286678,0.494,3823
15.0,0.998337328434,0.000235690153204,1451.17312583,0.0041426926,4.76,34.4552286678,0.494,3823
15.0,0.998643398285,0.000235713625443,1451.23442441,0.0041426926,4.76,34.4552286678,0.494,3823
15.0,0.999318540096,0.000235716972384,1451.295723,0.0041426926,4.76,34.4552286678,0.494,3823
15.0,0.999454855919,0.000235760700889,1451.35702158,0.0041426926,4.76,34.4552286678,0.494,3823
15.0,0.999450743198,0.000235737563344,1451.41832017,0.0041426926,4.76,34.4552286678,0.494,3823
15.0,0.999819636345,0.000235742438235,1451.47961886,0.0041426926,4.76,34.4552286678,0.494,3823
15.0,0.999342441559,0.000235717699979,1451.54091736,0.0041426926,4.76,34.4552286678,0.494,3823
15.0,0.998817265034,0.000235738320043,1451.60221605,0.0041426926,4.76,34.4552286678,0.494,3823
15.0,0.998902142048,0.000235794432228,1451.66351475,0.0041426926,4.76,34.4552286678,0.494,3823
15.0,1.00000309944,0.000235838451772,1451.72481335,0.0041426926,4.76,34.4552286678,0.494,3823
15.0,0.999388337135,0.000235766987316,1451.78611195,0.0041426926,4.76,34.4552286678,0.494,3823
15.0,0.999855399132,0.000235769301071,1451.84741055,0.0041426926,4.76,34.4552286678,0.494,3823
15.0,1.00021278858,0.000235802785028,1451.90870916,0.0041426926,4.76,34.4552286678,0.494,3823
15.0,0.999383449554,0.000235768602579,1451.97000777,0.0041426926,4.76,34.4552286678,0.494,3823
15.0,0.999588131905,0.000235779050854,1452.03130638,0.0041426926,4.76,34.4552286678,0.494,3823
15.0,0.999361097813,0.000235777115449,1452.09260499,0.0041426926,4.76,34.4552286678,0.494,3823
15.0,0.999066531658,0.000235757499468,1452.1539036,0.0041426926,4.76,34.4552286678,0.494,3823
15.0,0.99892437458,0.000235751824221,1452.21520232,0.0041426926,4.76,34.4552286678,0.494,3823
15.0,0.999533593655,0.000235777974012,1452.27650093,0.0041426926,4.76,34.4552286678,0.494,3823
15.0,0.999560236931,0.000235810599406,1452.33779955,0.0041426926,4.76,34.4552286678,0.494,3823
15.0,0.999738514423,0.000235855957726,1452.39909817,0.0041426926,4.76,34.4552286678,0.494,3823
15.0,1.00009679794,0.000235827916185,1452.4603968,0.0041426926,4.76,34.4552286678,0.494,3823
15.0,1.00034308434,0.000235828396399,1452.52169542,0.0041426926,4.76,34.4552286678,0.494,3823
15.0,0.999319851398,0.000235784245888,1452.58299405,0.0041426926,4.76,34.4552286678,0.494,3823
15.0,0.999462425709,0.000235807776335,1452.64429278,0.0041426926,4.76,34.4552286678,0.494,3823
15.0,1.00037419796,0.000235859042732,1452.70559141,0.0041426926,4.76,34.4552286678,0.494,3823
15.0,1.00020086765,0.000235853338381,1452.78732293,0.0041426926,4.76,34.4552286678,0.494,3823
15.0,0.999910473824,0.000235821673414,1452.84862156,0.0041426926,4.76,34.4552286678,0.494,3823
15.0,1.00054907799,0.000235899933614,1452.9099202,0.0041426926,4.76,34.4552286678,0.494,3823
15.0,0.999964058399,0.000235844869167,1452.97121884,0.0041426926,4.76,34.4552286678,0.494,3823
15.0,0.999963641167,0.000235854779021,1453.03251749,0.0041426926,4.76,34.4552286678,0.494,3823
15.0,0.999601483345,0.000235842933762,1453.09381613,0.0041426926,4.76,34.4552286678,0.494,3823
15.0,1.0002155304,0.000235867846641,1453.15511478,0.0041426926,4.76,34.4552286678,0.494,3823
15.0,1.00080883503,0.000235985615291,1453.21641363,0.0041426926,4.76,34.4552286678,0.494,3823
15.0,0.999970972538,0.000235975880059,1453.27771228,0.0041426926,4.76,34.4552286678,0.494,3823
15.0,0.999788403511,0.000235950326896,1453.33901093,0.0041426926,4.76,34.4552286678,0.494,3823
15.0,0.999953210354,0.000236001476878,1453.40030959,0.0041426926,4.76,34.4552286678,0.494,3823
15.0,0.999982237816,0.000235969564528,1453.46160825,0.0041426926,4.76,34.4552286678,0.494,3823
15.0,1.00014543533,0.000235983621678,1453.52290691,0.0041426926,4.76,34.4552286678,0.494,3823
15.0,1.00007379055,0.000236020146986,1453.58420557,0.0041426926,4.76,34.4552286678,0.494,3823
15.0,0.999744772911,0.000235988365603,1453.64550424,0.0041426926,4.76,34.4552286678,0.494,3823
15.0,1.00015425682,0.000236025633058,1453.7068029,0.0041426926,4.76,34.4552286678,0.494,3823
15.0,1.0002553463,0.000236026957282,1453.76810157,0.0041426926,4.76,34.4552286678,0.494,3823
15.0,1.0005068779,0.000236029445659,1453.82940034,0.0041426926,4.76,34.4552286678,0.494,3823
15.0,0.999940276146,0.000236032879911,1453.89069901,0.0041426926,4.76,34.4552286678,0.494,3823
15.0,1.00050473213,0.000236053878325,1453.95199769,0.0041426926,4.76,34.4552286678,0.494,3823
15.0,1.00109612942,0.000236080231844,1454.01329647,0.0041426926,4.76,34.4552286678,0.494,3823
15.0,1.00033962727,0.000236039079027,1454.07459515,0.0041426926,4.76,34.4552286678,0.494,3823
15.0,1.00045096874,0.000236059218878,1454.13589373,0.0041426926,4.76,34.4552286678,0.494,3823
15.0,1.00011992455,0.000236037740251,1454.19719241,0.0041426926,4.76,34.4552286678,0.494,3823
15.0,1.00028300285,0.000236064195633,1454.2584911,0.0041426926,4.76,34.4552286678,0.494,3823
15.0,1.00086259842,0.000236072053667,1454.31978978,0.0041426926,4.76,34.4552286678,0.494,3823
15.0,1.00095152855,0.000236097621382,1454.38108857,0.0041426926,4.76,34.4552286678,0.494,3823
15.0,1.00002348423,0.000236057341681,1454.44238737,0.0041426926,4.76,34.4552286678,0.494,3823
15.0,1.00092339516,0.000236115854932,1454.50368606,0.0041426926,4.76,34.4552286678,0.494,3823
15.0,1.00069177151,0.000236113628489,1454.56498476,0.0041426926,4.76,34.4552286678,0.494,3823
15.0,1.00060319901,0.000236103704083,1454.62628345,0.0041426926,4.76,34.4552286678,0.494,3823
15.0,1.00134766102,0.000236099454924,1454.68758216,0.0041426926,4.76,34.4552286678,0.494,3823
15.0,1.00192570686,0.000236150139244,1454.74888086,0.0041426926,4.76,34.4552286678,0.494,3823
15.0,1.00143110752,0.00023610824428,1454.81017956,0.0041426926,4.76,34.4552286678,0.494,3823
15.0,1.00131320953,0.000236100895563,1454.87147827,0.0041426926,4.76,34.4552286678,0.494,3823
15.0,1.00143873692,0.000236163075897,1454.93277698,0.0041426926,4.76,34.4552286678,0.494,3823
15.0,1.00164520741,0.000236191393924,1454.99407569,0.0041426926,4.76,34.4552286678,0.494,3823
15.0,1.00144195557,0.000236185762333,1455.05537451,0.0041426926,4.76,34.4552286678,0.494,3823
15.0,1.00237965584,0.000236168954871,1455.11667322,0.0041426926,4.76,34.4552286678,0.494,3823
15.0,1.00251233578,0.000236183012021,1455.17797204,0.0041426926,4.76,34.4552286678,0.494,3823
15.0,1.00206911564,0.000236168256379,1455.23927076,0.0041426926,4.76,34.4552286678,0.494,3823
15.0,1.00173127651,0.000236158346524,1455.30056948,0.0041426926,4.76,34.4552286678,0.494,3823
15.0,1.00207519531,0.000236154635786,1455.36186821,0.0041426926,4.76,34.4552286678,0.494,3823
15.0,1.00152385235,0.000236164807575,1455.42316683,0.0041426926,4.76,34.4552286678,0.494,3823
15.0,1.00232553482,0.000236246924032,1455.48446556,0.0041426926,4.76,34.4552286678,0.494,3823
15.0,1.00268828869,0.000236227977439,1455.5457644,0.0041426926,4.76,34.4552286678,0.494,3823
15.0,1.00281310081,0.000236218329519,1455.60706313,0.0041426926,4.76,34.4552286678,0.494,3823
15.0,1.00289404392,0.000236271094764,1455.66836196,0.0041426926,4.76,34.4552286678,0.494,3823
15.0,1.00215291977,0.00023615025566,1455.7296607,0.0041426926,4.76,34.4552286678,0.494,3823
15.0,1.00313949585,0.000236198131461,1455.81139236,0.0041426926,4.76,34.4552286678,0.494,3823
15.0,1.00231420994,0.000236182808294,1455.8726911,0.0041426926,4.76,34.4552286678,0.494,3823
15.0,1.00238490105,0.000236140811467,1455.93398984,0.0041426926,4.76,34.4552286678,0.494,3823
15.0,1.00335836411,0.000236182866502,1455.99528859,0.0041426926,4.76,34.4552286678,0.494,3823
15.0,1.00313019753,0.000236191597651,1456.05658744,0.0041426926,4.76,34.4552286678,0.494,3823
15.0,1.00238716602,0.000236182881054,1456.11788619,0.0041426926,4.76,34.4552286678,0.494,3823
15.0,1.00285220146,0.000236204941757,1456.17918495,0.0041426926,4.76,34.4552286678,0.494,3823
15.0,1.00319099426,0.000236197665799,1456.24048371,0.0041426926,4.76,34.4552286678,0.494,3823
15.0,1.00255537033,0.000236160180066,1456.30178246,0.0041426926,4.76,34.4552286678,0.494,3823
15.0,1.0013500452,0.000236198640778,1456.36308122,0.0041426926,4.76,34.4552286678,0.494,3823
15.0,1.00144922733,0.000236118983594,1456.42437999,0.0041426926,4.76,34.4552286678,0.494,3823
15.0,1.00250279903,0.000236225765548,1456.48567875,0.0041426926,4.76,34.4552286678,0.494,3823
15.0,1.0022777319,0.000236082414631,1456.54697752,0.0041426926,4.76,34.4552286678,0.494,3823
15.0,1.0022572279,0.000236101579503,1456.60827629,0.0041426926,4.76,34.4552286678,0.494,3823
15.0,1.00260162354,0.000236168576521,1456.66957526,0.0041426926,4.76,34.4552286678,0.494,3823
15.0,1.00206661224,0.000236100997427,1456.73087394,0.0041426926,4.76,34.4552286678,0.494,3823
15.0,1.00277388096,0.000236130494159,1456.79217271,0.0041426926,4.76,34.4552286678,0.494,3823
15.0,1.00337719917,0.000236131687416,1456.85347149,0.0041426926,4.76,34.4552286678,0.494,3823
15.0,1.00374436378,0.000236185238464,1456.91477037,0.0041426926,4.76,34.4552286678,0.494,3823
15.0,1.00310504436,0.000236175110331,1456.97606916,0.0041426926,4.76,34.4552286678,0.494,3823
15.0,1.00259149075,0.000236157866311,1457.03736794,0.0041426926,4.76,34.4552286678,0.494,3823
15.0,1.00278413296,0.000236165942624,1457.09866673,0.0041426926,4.76,34.4552286678,0.494,3823
15.0,1.00246763229,0.000236122534261,1457.15996552,0.0041426926,4.76,34.4552286678,0.494,3823
15.0,1.00224006176,0.000236132123973,1457.22126431,0.0041426926,4.76,34.4552286678,0.494,3823
15.0,1.00248646736,0.000236146821408,1457.28256321,0.0041426926,4.76,34.4552286678,0.494,3823
15.0,1.00320661068,0.000236183070228,1457.34386201,0.0041426926,4.76,34.4552286678,0.494,3823
15.0,1.00267076492,0.000236197622144,1457.4051608,0.0041426926,4.76,34.4552286678,0.494,3823
15.0,1.00248801708,0.000236239546211,1457.46645961,0.0041426926,4.76,34.4552286678,0.494,3823
15.0,1.00254952908,0.000236187552218,1457.52775841,0.0041426926,4.76,34.4552286678,0.494,3823
15.0,1.00196874142,0.00023617791885,1457.58905722,0.0041426926,4.76,34.4552286678,0.494,3823
15.0,1.00281786919,0.000236236825003,1457.65035602,0.0041426926,4.76,34.4552286678,0.494,3823
15.0,1.00236010551,0.000236164501985,1457.71165484,0.0041426926,4.76,34.4552286678,0.494,3823
15.0,1.00243580341,0.000236183826928,1457.77295365,0.0041426926,4.76,34.4552286678,0.494,3823
15.0,1.00272870064,0.000236242529354,1457.83425246,0.0041426926,4.76,34.4552286678,0.494,3823
15.0,1.00281357765,0.000236208972638,1457.89555148,0.0041426926,4.76,34.4552286678,0.494,3823
15.0,1.00279963017,0.000236237814534,1457.9568503,0.0041426926,4.76,34.4552286678,0.494,3823
15.0,1.00255668163,0.000236227308051,1458.01814902,0.0041426926,4.76,34.4552286678,0.494,3823
15.0,1.00316548347,0.00023629052157,1458.07944785,0.0041426926,4.76,34.4552286678,0.494,3823
15.0,1.00259923935,0.000236307052546,1458.14074677,0.0041426926,4.76,34.4552286678,0.494,3823
15.0,1.0028731823,0.00023629264615,1458.2020456,0.0041426926,4.76,34.4552286678,0.494,3823
15.0,1.0025331974,0.000236218824284,1458.26334444,0.0041426926,4.76,34.4552286678,0.494,3823
15.0,1.00270664692,0.00023624561436,1458.32464327,0.0041426926,4.76,34.4552286678,0.494,3823
15.0,1.00319314003,0.000236298859818,1458.38594211,0.0041426926,4.76,34.4552286678,0.494,3823
15.0,1.00270795822,0.000236282983678,1458.44724094,0.0041426926,4.76,34.4552286678,0.494,3823
15.0,1.00205731392,0.000236230654991,1458.50853988,0.0041426926,4.76,34.4552286678,0.494,3823
15.0,1.00324368477,0.000236300329561,1458.56983873,0.0041426926,4.76,34.4552286678,0.494,3823
15.0,1.0023765564,0.000236288979067,1458.63113757,0.0041426926,4.76,34.4552286678,0.494,3823
15.0,1.00246155262,0.000236262509134,1458.69243642,0.0041426926,4.76,34.4552286678,0.494,3823
15.0,1.00235557556,0.000236241568928,1458.77416822,0.0041426926,4.76,34.4552286678,0.494,3823
15.0,1.00211334229,0.000236253355979,1458.83546707,0.0041426926,4.76,34.4552286678,0.494,3823
15.0,1.00206506252,0.000236272302573,1458.89676603,0.0041426926,4.76,34.4552286678,0.494,3823
15.0,1.00244343281,0.000236289401073,1458.95806489,0.0041426926,4.76,34.4552286678,0.494,3823
15.0,1.00158298016,0.000236258696532,1459.01936375,0.0041426926,4.76,34.4552286678,0.494,3823
15.0,1.00237178802,0.000236301173572,1459.08066261,0.0041426926,4.76,34.4552286678,0.494,3823
15.0,1.00242221355,0.000236335414229,1459.14196147,0.0041426926,4.76,34.4552286678,0.494,3823
15.0,1.00206315517,0.000236298990785,1459.20326044,0.0041426926,4.76,34.4552286678,0.494,3823
15.0,1.00227200985,0.000236262843828,1459.26455931,0.0041426926,4.76,34.4552286678,0.494,3823
15.0,1.00230753422,0.000236362946453,1459.32585808,0.0041426926,4.76,34.4552286678,0.494,3823
15.0,1.0013654232,0.000236287043663,1459.38715696,0.0041426926,4.76,34.4552286678,0.494,3823
15.0,1.00109302998,0.000236260486417,1459.44845583,0.0041426926,4.76,34.4552286678,0.494,3823
15.0,1.0018209219,0.000236230975133,1459.50975491,0.0041426926,4.76,34.4552286678,0.494,3823
15.0,1.00187849998,0.000236291685724,1459.57105379,0.0041426926,4.76,34.4552286678,0.494,3823
15.0,1.00181734562,0.000236319901887,1459.63235268,0.0041426926,4.76,34.4552286678,0.494,3823
15.0,1.00162899494,0.000236324034631,1459.69365156,0.0041426926,4.76,34.4552286678,0.494,3823
15.0,1.00181925297,0.000236337364186,1459.75495045,0.0041426926,4.76,34.4552286678,0.494,3823
15.0,1.00274980068,0.000236379317357,1459.81624934,0.0041426926,4.76,34.4552286678,0.494,3823
15.0,1.00201499462,0.000236314313952,1459.87754824,0.0041426926,4.76,34.4552286678,0.494,3823
15.0,1.00150728226,0.00023629271891,1459.93884713,0.0041426926,4.76,34.4552286678,0.494,3823
15.0,1.00133466721,0.000236310268519,1460.00014603,0.0041426926,4.76,34.4552286678,0.494,3823
15.0,1.00193190575,0.00023630844953,1460.06144493,0.0041426926,4.76,34.4552286678,0.494,3823
15.0,1.00201356411,0.000236347550526,1460.12274393,0.0041426926,4.76,34.4552286678,0.494,3823
15.0,1.00209724903,0.000236341002164,1460.18404284,0.0041426926,4.76,34.4552286678,0.494,3823
15.0,1.00227355957,0.000236355888774,1460.24534174,0.0041426926,4.76,34.4552286678,0.494,3823
15.0,1.00232183933,0.000236345935264,1460.30664065,0.0041426926,4.76,34.4552286678,0.494,3823
15.0,1.00146651268,0.000236301391851,1460.36793957,0.0041426926,4.76,34.4552286678,0.494,3823
15.0,1.00209796429,0.000236368272454,1460.42923858,0.0041426926,4.76,34.4552286678,0.494,3823
15.0,1.00202655792,0.000236374966335,1460.4905375,0.0041426926,4.76,34.4552286678,0.494,3823
15.0,1.00180017948,0.000236403400777,1460.55183642,0.0041426926,4.76,34.4552286678,0.494,3823
15.0,1.00253307819,0.000236350635532,1460.61313524,0.0041426926,4.76,34.4552286678,0.494,3823
15.0,1.00219273567,0.000236367661273,1460.67443416,0.0041426926,4.76,34.4552286678,0.494,3823
15.0,1.00185108185,0.000236371648498,1460.73573329,0.0041426926,4.76,34.4552286678,0.494,3823
15.0,1.00167250633,0.00023638609855,1460.79703222,0.0041426926,4.76,34.4552286678,0.494,3823
15.0,1.00224101543,0.000236350635532,1460.85833115,0.0041426926,4.76,34.4552286678,0.494,3823
15.0,1.00434947014,0.00023669784423,1460.91963008,0.0041426926,4.76,34.4552286678,0.494,3823
15.0,1.00199770927,0.000236332096392,1460.98092902,0.0041426926,4.76,34.4552286678,0.494,3823
15.0,1.00202488899,0.000236402003793,1461.04222796,0.0041426926,4.76,34.4552286678,0.494,3823
15.0,1.00085282326,0.000236324005527,1461.1035269,0.0041426926,4.76,34.4552286678,0.494,3823
15.0,1.00235652924,0.000236380568822,1461.16482584,0.0041426926,4.76,34.4552286678,0.494,3823
15.0,1.00173580647,0.000236315943766,1461.22612479,0.0041426926,4.76,34.4552286678,0.494,3823
15.0,1.0019505024,0.000236414954998,1461.28742374,0.0041426926,4.76,34.4552286678,0.494,3823
15.0,1.00210154057,0.000236390929786,1461.34872279,0.0041426926,4.76,34.4552286678,0.494,3823
15.0,1.00198245049,0.000236358057009,1461.41002174,0.0041426926,4.76,34.4552286678,0.494,3823
15.0,1.00172483921,0.00023634651734,1461.4713207,0.0041426926,4.76,34.4552286678,0.494,3823
15.0,1.00227582455,0.00023634104582,1461.53261966,0.0041426926,4.76,34.4552286678,0.494,3823
15.0,1.00243711472,0.000236358944676,1461.59391872,0.0041426926,4.76,34.4552286678,0.494,3823
15.0,1.00197684765,0.000236333100474,1461.65521768,0.0041426926,4.76,34.4552286678,0.494,3823
15.0,1.00250279903,0.000236408814089,1461.73694963,0.0041426926,4.76,34.4552286678,0.494,3823
15.0,1.00242102146,0.000236410691286,1461.7982487,0.0041426926,4.76,34.4552286678,0.494,3823
15.0,1.00196075439,0.000236357809626,1461.85954757,0.0041426926,4.76,34.4552286678,0.494,3823
15.0,1.00213754177,0.000236368970945,1461.92084655,0.0041426926,4.76,34.4552286678,0.494,3823
15.0,1.00175464153,0.000236368141486,1461.98214552,0.0041426926,4.76,34.4552286678,0.494,3823
15.0,1.00171530247,0.000236362553551,1462.0434445,0.0041426926,4.76,34.4552286678,0.494,3823
15.0,1.00256168842,0.000236327046878,1462.10474348,0.0041426926,4.76,34.4552286678,0.494,3823
15.0,1.00215518475,0.000236333842622,1462.16604257,0.0041426926,4.76,34.4552286678,0.494,3823
15.0,1.00148832798,0.000236373234657,1462.22734155,0.0041426926,4.76,34.4552286678,0.494,3823
15.0,1.00115311146,0.000236344640143,1462.28864054,0.0041426926,4.76,34.4552286678,0.494,3823
15.0,1.00106072426,0.000236344334553,1462.34993963,0.0041426926,4.76,34.4552286678,0.494,3823
15.0,1.00177669525,0.000236372332438,1462.41123862,0.0041426926,4.76,34.4552286678,0.494,3823
15.0,1.00161659718,0.000236431020312,1462.47253762,0.0041426926,4.76,34.4552286678,0.494,3823
15.0,1.00090122223,0.000236383202719,1462.53383662,0.0041426926,4.76,34.4552286678,0.494,3823
15.0,1.00183093548,0.000236389401834,1462.59513562,0.0041426926,4.76,34.4552286678,0.494,3823
15.0,1.00144767761,0.00023636232072,1462.65643462,0.0041426926,4.76,34.4552286678,0.494,3823
15.0,1.00219810009,0.00023641930602,1462.71773363,0.0041426926,4.76,34.4552286678,0.494,3823
15.0,1.00172126293,0.000236410094658,1462.77903264,0.0041426926,4.76,34.4552286678,0.494,3823
15.0,1.00145757198,0.000236411695369,1462.84033165,0.0041426926,4.76,34.4552286678,0.494,3823
15.0,1.00179004669,0.000236399602727,1462.90163066,0.0041426926,4.76,34.4552286678,0.494,3823
15.0,1.00215196609,0.000236429274082,1462.96292987,0.0041426926,4.76,34.4552286678,0.494,3823
15.0,1.00195682049,0.000236409716308,1463.02422889,0.0041426926,4.76,34.4552286678,0.494,3823
15.0,1.00128352642,0.000236410982325,1463.08552791,0.0041426926,4.76,34.4552286678,0.494,3823
15.0,1.00106859207,0.0002363568492,1463.14682694,0.0041426926,4.76,34.4552286678,0.494,3823
15.0,1.00194168091,0.000236370702623,1463.20812586,0.0041426926,4.76,34.4552286678,0.494,3823
15.0,1.00210142136,0.000236380335991,1463.26942489,0.0041426926,4.76,34.4552286678,0.494,3823
15.0,1.00148105621,0.000236369887716,1463.33072402,0.0041426926,4.76,34.4552286678,0.494,3823
15.0,1.00138473511,0.00023633769888,1463.39202305,0.0041426926,4.76,34.4552286678,0.494,3823
15.0,1.00188827515,0.000236327337916,1463.45332209,0.0041426926,4.76,34.4552286678,0.494,3823
15.0,1.0021469593,0.000236341744312,1463.51462113,0.0041426926,4.76,34.4552286678,0.494,3823
15.0,1.00107431412,0.000236332780332,1463.57592027,0.0041426926,4.76,34.4552286678,0.494,3823
15.0,1.00096952915,0.00023629788484,1463.63721931,0.0041426926,4.76,34.4552286678,0.494,3823
15.0,1.00168097019,0.000236306223087,1463.69851836,0.0041426926,4.76,34.4552286678,0.494,3823
15.0,1.00105834007,0.000236253501498,1463.7598174,0.0041426926,4.76,34.4552286678,0.494,3823
15.0,1.00099694729,0.000236272724578,1463.82111645,0.0041426926,4.76,34.4552286678,0.494,3823
15.0,1.00074386597,0.000236258245423,1463.88241551,0.0041426926,4.76,34.4552286678,0.494,3823
15.0,1.00146436691,0.000236260064412,1463.94371456,0.0041426926,4.76,34.4552286678,0.494,3823
15.0,1.00201404095,0.000236265172134,1464.00501362,0.0041426926,4.76,34.4552286678,0.494,3823
15.0,1.00133156776,0.000236232692259,1464.06631268,0.0041426926,4.76,34.4552286678,0.494,3823
15.0,1.00150740147,0.000236244057305,1464.12761175,0.0041426926,4.76,34.4552286678,0.494,3823
15.0,1.00070655346,0.000236195002799,1464.18891101,0.0041426926,4.76,34.4552286678,0.494,3823
15.0,1.00076365471,0.000236211068113,1464.25021008,0.0041426926,4.76,34.4552286678,0.494,3823
15.0,1.00104773045,0.000236192267039,1464.31150915,0.0041426926,4.76,34.4552286678,0.494,3823
15.0,1.00077795982,0.000236163643422,1464.37280822,0.0041426926,4.76,34.4552286678,0.494,3823
15.0,1.00115776062,0.000236187785049,1464.4341073,0.0041426926,4.76,34.4552286678,0.494,3823
15.0,1.00071656704,0.000236152569414,1464.49540628,0.0041426926,4.76,34.4552286678,0.494,3823
15.0,1.00114929676,0.000236169056734,1464.55670546,0.0041426926,4.76,34.4552286678,0.494,3823
15.0,1.00052320957,0.000236139036133,1464.61800454,0.0041426926,4.76,34.4552286678,0.494,3823
15.0,1.00040924549,0.000236130406847,1464.67930363,0.0041426926,4.76,34.4552286678,0.494,3823
15.0,1.00060892105,0.000236149950069,1464.76103585,0.0041426926,4.76,34.4552286678,0.494,3823
15.0,1.00045788288,0.000236117877648,1464.82233494,0.0041426926,4.76,34.4552286678,0.494,3823
15.0,0.999596178532,0.000236044827034,1464.88363403,0.0041426926,4.76,34.4552286678,0.494,3823
15.0,0.999839782715,0.000236217456404,1464.94493313,0.0041426926,4.76,34.4552286678,0.494,3823
15.0,0.99997729063,0.000236205552937,1465.00623223,0.0041426926,4.76,34.4552286678,0.494,3823
15.0,0.999601900578,0.000236199237406,1465.06753133,0.0041426926,4.76,34.4552286678,0.494,3823
15.0,0.999712705612,0.000236195963225,1465.12883044,0.0041426926,4.76,34.4552286678,0.494,3823
15.0,0.999076366425,0.000236135456362,1465.19012965,0.0041426926,4.76,34.4552286678,0.494,3823
15.0,0.999769151211,0.000236191219301,1465.25142876,0.0041426926,4.76,34.4552286678,0.494,3823
15.0,0.999113738537,0.000236133375438,1465.31272787,0.0041426926,4.76,34.4552286678,0.494,3823
15.0,0.999479234219,0.000236143983784,1465.37402698,0.0041426926,4.76,34.4552286678,0.494,3823
15.0,0.999885737896,0.000236145540839,1465.4353261,0.0041426926,4.76,34.4552286678,0.494,3823
15.0,0.999921262264,0.000236174921156,1465.49662522,0.0041426926,4.76,34.4552286678,0.494,3823
15.0,0.999156296253,0.000236131018028,1465.55792434,0.0041426926,4.76,34.4552286678,0.494,3823
15.0,0.999352514744,0.000236109961406,1465.61922347,0.0041426926,4.76,34.4552286678,0.494,3823
15.0,0.999170362949,0.00023609517666,1465.6805227,0.0041426926,4.76,34.4552286678,0.494,3823
15.0,0.999459445477,0.000236109859543,1465.74182183,0.0041426926,4.76,34.4552286678,0.494,3823
15.0,0.998860061169,0.000236053878325,1465.80312096,0.0041426926,4.76,34.4552286678,0.494,3823
15.0,0.998845875263,0.000236049410887,1465.8644202,0.0041426926,4.76,34.4552286678,0.494,3823
15.0,0.999507069588,0.000236087362282,1465.92571933,0.0041426926,4.76,34.4552286678,0.494,3823
15.0,0.999759614468,0.000236072868574,1465.98701848,0.0041426926,4.76,34.4552286678,0.494,3823
15.0,0.99890267849,0.000236018619034,1466.04831762,0.0041426926,4.76,34.4552286678,0.494,3823
15.0,0.999378919601,0.000236018197029,1466.10961677,0.0041426926,4.76,34.4552286678,0.494,3823
15.0,0.999335110188,0.000236033214605,1466.17091591,0.0041426926,4.76,34.4552286678,0.494,3823
15.0,0.998912811279,0.000236015577684,1466.23221507,0.0041426926,4.76,34.4552286678,0.494,3823
15.0,0.999204397202,0.000235954401433,1466.29351422,0.0041426926,4.76,34.4552286678,0.494,3823
15.0,0.999649763107,0.000235983665334,1466.35481348,0.0041426926,4.76,34.4552286678,0.494,3823
15.0,0.999582052231,0.000235988511122,1466.41611263,0.0041426926,4.76,34.4552286678,0.494,3823
15.0,0.998446762562,0.000235945699387,1466.4774118,0.0041426926,4.76,34.4552286678,0.494,3823
15.0,0.998826742172,0.000235958927078,1466.53871096,0.0041426926,4.76,34.4552286678,0.494,3823
15.0,1.0007584095,0.000236033505644,1466.60001013,0.0041426926,4.76,34.4552286678,0.494,3823
15.0,0.999516904354,0.000235916741076,1466.6613093,0.0041426926,4.76,34.4552286678,0.494,3823
15.0,0.998814702034,0.000235913146753,1466.72260847,0.0041426926,4.76,34.4552286678,0.494,3823
15.0,0.999106943607,0.000235919345869,1466.78390764,0.0041426926,4.76,34.4552286678,0.494,3823
15.0,0.999458789825,0.000235921368585,1466.84520682,0.0041426926,4.76,34.4552286678,0.494,3823
15.0,0.999068081379,0.000235893341596,1466.9065061,0.0041426926,4.76,34.4552286678,0.494,3823
15.0,0.99868106842,0.000235915882513,1466.96780528,0.0041426926,4.76,34.4552286678,0.494,3823
15.0,0.997970104218,0.000235833285842,1467.02910447,0.0041426926,4.76,34.4552286678,0.494,3823
15.0,0.998607218266,0.000235877290834,1467.09040376,0.0041426926,4.76,34.4552286678,0.494,3823
15.0,0.999033093452,0.00023589207558,1467.15170295,0.0041426926,4.76,34.4552286678,0.494,3823
15.0,0.999290466309,0.000235880652326,1467.21300214,0.0041426926,4.76,34.4552286678,0.494,3823
15.0,0.998688936234,0.000235839965171,1467.27430134,0.0041426926,4.76,34.4552286678,0.494,3823
15.0,0.998816907406,0.00023581883579,1467.33560054,0.0041426926,4.76,34.4552286678,0.494,3823
15.0,0.998651027679,0.000235839615925,1467.39689974,0.0041426926,4.76,34.4552286678,0.494,3823
15.0,0.997857093811,0.000235852174228,1467.45819894,0.0041426926,4.76,34.4552286678,0.494,3823
15.0,0.99924248457,0.000235871280893,1467.51949825,0.0041426926,4.76,34.4552286678,0.494,3823
15.0,0.9988732934,0.000235764775425,1467.58079746,0.0041426926,4.76,34.4552286678,0.494,3823
15.0,0.998726427555,0.000235779822106,1467.64209667,0.0041426926,4.76,34.4552286678,0.494,3823
15.0,0.998203039169,0.000235809988226,1467.72382895,0.0041426926,4.76,34.4552286678,0.494,3823
15.0,0.997998416424,0.000235732033616,1467.78512817,0.0041426926,4.76,34.4552286678,0.494,3823
15.0,0.999134004116,0.00023578524997,1467.84642739,0.0041426926,4.76,34.4552286678,0.494,3823
15.0,0.999110162258,0.000235774175962,1467.90772671,0.0041426926,4.76,34.4552286678,0.494,3823
15.0,0.997587144375,0.000235695391893,1467.96902594,0.0041426926,4.76,34.4552286678,0.494,3823
15.0,0.998755693436,0.000235779851209,1468.03032517,0.0041426926,4.76,34.4552286678,0.494,3823
15.0,0.998770058155,0.000235764062381,1468.0916244,0.0041426926,4.76,34.4552286678,0.494,3823
15.0,0.997893631458,0.000235709288972,1468.15292363,0.0041426926,4.76,34.4552286678,0.494,3823
15.0,0.998465955257,0.000235762214288,1468.21422297,0.0041426926,4.76,34.4552286678,0.494,3823
15.0,0.998254239559,0.000235692714341,1468.27552221,0.0041426926,4.76,34.4552286678,0.494,3823
15.0,0.997967422009,0.000235685656662,1468.33682135,0.0041426926,4.76,34.4552286678,0.494,3823
15.0,0.998582243919,0.0002357224148,1468.39812059,0.0041426926,4.76,34.4552286678,0.494,3823
15.0,0.998025298119,0.000235707120737,1468.45941984,0.0041426926,4.76,34.4552286678,0.494,3823
15.0,0.998035848141,0.00023571010388,1468.52071929,0.0041426926,4.76,34.4552286678,0.494,3823
15.0,0.998910009861,0.000235716070165,1468.58201855,0.0041426926,4.76,34.4552286678,0.494,3823
15.0,0.998857915401,0.000235701096244,1468.6433178,0.0041426926,4.76,34.4552286678,0.494,3823
15.0,0.998194038868,0.000235739818891,1468.70461706,0.0041426926,4.76,34.4552286678,0.494,3823
15.0,0.998350143433,0.000235696556047,1468.76591632,0.0041426926,4.76,34.4552286678,0.494,3823
15.0,0.998666226864,0.000235720319324,1468.82721558,0.0041426926,4.76,34.4552286678,0.494,3823
15.0,0.998464763165,0.000235694038565,1468.88851485,0.0041426926,4.76,34.4552286678,0.494,3823
15.0,0.999072492123,0.000235701998463,1468.94981412,0.0041426926,4.76,34.4552286678,0.494,3823
15.0,0.998755812645,0.000235634492128,1469.01111339,0.0041426926,4.76,34.4552286678,0.494,3823
15.0,0.99825835228,0.000235671395785,1469.07241276,0.0041426926,4.76,34.4552286678,0.494,3823
15.0,0.998296260834,0.000235671541304,1469.13371204,0.0041426926,4.76,34.4552286678,0.494,3823
15.0,0.998637616634,0.000235675834119,1469.19501132,0.0041426926,4.76,34.4552286678,0.494,3823
15.0,0.998655974865,0.000235659928876,1469.2563106,0.0041426926,4.76,34.4552286678,0.494,3823
15.0,0.998951494694,0.00023567462631,1469.31760989,0.0041426926,4.76,34.4552286678,0.494,3823
15.0,0.998520195484,0.000235646541114,1469.37890927,0.0041426926,4.76,34.4552286678,0.494,3823
15.0,0.998002588749,0.000235474828514,1469.44020856,0.0041426926,4.76,34.4552286678,0.494,3823
15.0,0.999201238155,0.000235706203966,1469.50150786,0.0041426926,4.76,34.4552286678,0.494,3823
15.0,0.998760640621,0.000235595420236,1469.56280715,0.0041426926,4.76,34.4552286678,0.494,3823
15.0,0.998797357082,0.000235557105043,1469.62410645,0.0041426926,4.76,34.4552286678,0.494,3823
15.0,0.998912572861,0.000235582498135,1469.68540585,0.0041426926,4.76,34.4552286678,0.494,3823
15.0,0.998217225075,0.000235494720982,1469.74670515,0.0041426926,4.76,34.4552286678,0.494,3823
15.0,0.998896360397,0.000235548970522,1469.80800446,0.0041426926,4.76,34.4552286678,0.494,3823
15.0,0.998942613602,0.000235528699704,1469.86930377,0.0041426926,4.76,34.4552286678,0.494,3823
15.0,0.999190866947,0.000235500789131,1469.93060308,0.0041426926,4.76,34.4552286678,0.494,3823
15.0,0.999266624451,0.00023557478562,1469.99190239,0.0041426926,4.76,34.4552286678,0.494,3823
15.0,0.999360978603,0.000235529834754,1470.05320171,0.0041426926,4.76,34.4552286678,0.494,3823
15.0,0.999722659588,0.000235565530602,1470.11450103,0.0041426926,4.76,34.4552286678,0.494,3823
15.0,0.999883234501,0.000235570521909,1470.17580035,0.0041426926,4.76,34.4552286678,0.494,3823
15.0,0.999716579914,0.000235552433878,1470.23709978,0.0041426926,4.76,34.4552286678,0.494,3823
15.0,0.99986243248,0.000235556784901,1470.29839911,0.0041426926,4.76,34.4552286678,0.494,3823
15.0,1.00029087067,0.000235582279856,1470.35969844,0.0041426926,4.76,34.4552286678,0.494,3823
15.0,1.00009250641,0.000235546758631,1470.42099777,0.0041426926,4.76,34.4552286678,0.494,3823
15.0,1.00046420097,0.000235576575506,1470.48229711,0.0041426926,4.76,34.4552286678,0.494,3823
15.0,1.00091385841,0.000235548286582,1470.54359645,0.0041426926,4.76,34.4552286678,0.494,3823
15.0,0.999762535095,0.000235511237406,1470.60489589,0.0041426926,4.76,34.4552286678,0.494,3823
15.0,1.00002634525,0.000235481566051,1470.68662835,0.0041426926,4.76,34.4552286678,0.494,3823
15.0,1.00084650517,0.000235537052504,1470.7479278,0.0041426926,4.76,34.4552286678,0.494,3823
15.0,1.00069928169,0.000235518600675,1470.80922715,0.0041426926,4.76,34.4552286678,0.494,3823
15.0,1.0016669035,0.000235601110035,1470.8705265,0.0041426926,4.76,34.4552286678,0.494,3823
15.0,1.0007828474,0.000235556683037,1470.93182576,0.0041426926,4.76,34.4552286678,0.494,3823
15.0,1.00160717964,0.000235571322264,1470.99312512,0.0041426926,4.76,34.4552286678,0.494,3823
15.0,1.00079321861,0.000235531580984,1471.05442448,0.0041426926,4.76,34.4552286678,0.494,3823
15.0,1.00148677826,0.000235552768572,1471.11572394,0.0041426926,4.76,34.4552286678,0.494,3823
16.0,1.00842118263,0.000260469532805,1472.1373399,0.0041426926,4.76,34.4552286678,0.494,3823
16.0,1.00796401501,0.000260320317466,1472.19863932,0.0041426926,4.76,34.4552286678,0.494,3823
16.0,1.00846195221,0.000260400265688,1472.25993873,0.0041426926,4.76,34.4552286678,0.494,3823
16.0,1.00887525082,0.000260497326963,1472.32123815,0.0041426926,4.76,34.4552286678,0.494,3823
16.0,1.00890815258,0.000260399538092,1472.38253757,0.0041426926,4.76,34.4552286678,0.494,3823
16.0,1.00937128067,0.000260585540673,1472.443837,0.0041426926,4.76,34.4552286678,0.494,3823
16.0,1.00888335705,0.000260530156083,1472.50513642,0.0041426926,4.76,34.4552286678,0.494,3823
16.0,1.00852930546,0.000260568660451,1472.56643595,0.0041426926,4.76,34.4552286678,0.494,3823
16.0,1.00839936733,0.000260572589468,1472.62773539,0.0041426926,4.76,34.4552286678,0.494,3823
16.0,1.00889003277,0.000260680913925,1472.68903482,0.0041426926,4.76,34.4552286678,0.494,3823
16.0,1.0089225769,0.000260710396105,1472.75033426,0.0041426926,4.76,34.4552286678,0.494,3823
16.0,1.00892472267,0.000260788190644,1472.8116337,0.0041426926,4.76,34.4552286678,0.494,3823
16.0,1.0088313818,0.00026079811505,1472.87293315,0.0041426926,4.76,34.4552286678,0.494,3823
16.0,1.00835287571,0.000260741391685,1472.93423259,0.0041426926,4.76,34.4552286678,0.494,3823
16.0,1.00882518291,0.000260849134065,1473.01596529,0.0041426926,4.76,34.4552286678,0.494,3823
16.0,1.00872969627,0.00026082948898,1473.07726475,0.0041426926,4.76,34.4552286678,0.494,3823
16.0,1.0084220171,0.000260759348748,1473.1385643,0.0041426926,4.76,34.4552286678,0.494,3823
16.0,1.00879395008,0.000260859698756,1473.19986376,0.0041426926,4.76,34.4552286678,0.494,3823
16.0,1.00848317146,0.000260918430286,1473.26116322,0.0041426926,4.76,34.4552286678,0.494,3823
16.0,1.00837123394,0.000260977452854,1473.32246269,0.0041426926,4.76,34.4552286678,0.494,3823
16.0,1.0083296299,0.000260848988546,1473.38376206,0.0041426926,4.76,34.4552286678,0.494,3823
16.0,1.00837337971,0.000260829343461,1473.44506153,0.0041426926,4.76,34.4552286678,0.494,3823
16.0,1.00816249847,0.000260896777036,1473.5063611,0.0041426926,4.76,34.4552286678,0.494,3823
16.0,1.00887966156,0.000260960514424,1473.56766067,0.0041426926,4.76,34.4552286678,0.494,3823
16.0,1.00857150555,0.000260978093138,1473.64939331,0.0041426926,4.76,34.4552286678,0.494,3823
16.0,1.00863218307,0.000260950560914,1473.7106928,0.0041426926,4.76,34.4552286678,0.494,3823
16.0,1.00839233398,0.000260955450358,1473.77199228,0.0041426926,4.76,34.4552286678,0.494,3823
16.0,1.00869548321,0.000260950473603,1473.83329177,0.0041426926,4.76,34.4552286678,0.494,3823
16.0,1.00790977478,0.000260965753114,1473.89459126,0.0041426926,4.76,34.4552286678,0.494,3823
16.0,1.00851893425,0.000260996632278,1473.95589085,0.0041426926,4.76,34.4552286678,0.494,3823
16.0,1.00837957859,0.000260985485511,1474.01719035,0.0041426926,4.76,34.4552286678,0.494,3823
16.0,1.00901806355,0.000261098815827,1474.07848985,0.0041426926,4.76,34.4552286678,0.494,3823
16.0,1.00870966911,0.00026107634767,1474.13978935,0.0041426926,4.76,34.4552286678,0.494,3823
16.0,1.00863659382,0.000261089706328,1474.20108886,0.0041426926,4.76,34.4552286678,0.494,3823
16.0,1.00825333595,0.000261082081124,1474.26238837,0.0041426926,4.76,34.4552286678,0.494,3823
16.0,1.00854575634,0.000261112611042,1474.32368788,0.0041426926,4.76,34.4552286678,0.494,3823
16.0,1.00830030441,0.000261141976807,1474.38498739,0.0041426926,4.76,34.4552286678,0.494,3823
16.0,1.0083309412,0.000261102744844,1474.44628691,0.0041426926,4.76,34.4552286678,0.494,3823
16.0,1.00902199745,0.00026116069057,1474.50758643,0.0041426926,4.76,34.4552286678,0.494,3823
16.0,1.00849878788,0.000261133245658,1474.56888605,0.0041426926,4.76,34.4552286678,0.494,3823
16.0,1.00842452049,0.000261124630924,1474.63018557,0.0041426926,4.76,34.4552286678,0.494,3823
16.0,1.00818169117,0.00026111464831,1474.6914851,0.0041426926,4.76,34.4552286678,0.494,3823
16.0,1.00895476341,0.000261165434495,1474.75278463,0.0041426926,4.76,34.4552286678,0.494,3823
16.0,1.00860738754,0.000261166976998,1474.81408416,0.0041426926,4.76,34.4552286678,0.494,3823
16.0,1.00859737396,0.000261172826868,1474.8753838,0.0041426926,4.76,34.4552286678,0.494,3823
16.0,1.00846755505,0.000261192355538,1474.93668334,0.0041426926,4.76,34.4552286678,0.494,3823
16.0,1.00860321522,0.000261153269093,1474.99798288,0.0041426926,4.76,34.4552286678,0.494,3823
16.0,1.00831949711,0.000261100212811,1475.05928243,0.0041426926,4.76,34.4552286678,0.494,3823
16.0,1.00847709179,0.000261204317212,1475.12058207,0.0041426926,4.76,34.4552286678,0.494,3823
16.0,1.00871551037,0.000261215434875,1475.18188162,0.0041426926,4.76,34.4552286678,0.494,3823
16.0,1.00866043568,0.000261195760686,1475.24318118,0.0041426926,4.76,34.4552286678,0.494,3823
16.0,1.00850045681,0.000261180452071,1475.30448073,0.0041426926,4.76,34.4552286678,0.494,3823
16.0,1.00868201256,0.000261234003119,1475.36578029,0.0041426926,4.76,34.4552286678,0.494,3823
16.0,1.00875246525,0.00026120673283,1475.42707985,0.0041426926,4.76,34.4552286678,0.494,3823
16.0,1.00865256786,0.000261193927145,1475.48837942,0.0041426926,4.76,34.4552286678,0.494,3823
16.0,1.00823283195,0.000261176843196,1475.54967899,0.0041426926,4.76,34.4552286678,0.494,3823
16.0,1.00871372223,0.000261247798335,1475.61097856,0.0041426926,4.76,34.4552286678,0.494,3823
16.0,1.00787520409,0.000261161301751,1475.67227813,0.0041426926,4.76,34.4552286678,0.494,3823
16.0,1.0082859993,0.000261228327872,1475.73357791,0.0041426926,4.76,34.4552286678,0.494,3823
16.0,1.00860321522,0.000261256092926,1475.79487749,0.0041426926,4.76,34.4552286678,0.494,3823
16.0,1.00803852081,0.000261249486357,1475.85617697,0.0041426926,4.76,34.4552286678,0.494,3823
16.0,1.0075917244,0.000261228589807,1475.91747655,0.0041426926,4.76,34.4552286678,0.494,3823
16.0,1.00801384449,0.000261258683167,1475.97877614,0.0041426926,4.76,34.4552286678,0.494,3823
16.0,1.00795984268,0.000261237611994,1476.04007573,0.0041426926,4.76,34.4552286678,0.494,3823
16.0,1.00773084164,0.000261220091488,1476.10137543,0.0041426926,4.76,34.4552286678,0.494,3823
16.0,1.00807785988,0.000261255569058,1476.16267502,0.0041426926,4.76,34.4552286678,0.494,3823
16.0,1.00797569752,0.000261045701336,1476.22397462,0.0041426926,4.76,34.4552286678,0.494,3823
16.0,1.00759553909,0.000261003646301,1476.28527422,0.0041426926,4.76,34.4552286678,0.494,3823
16.0,1.00719928741,0.000260990695097,1476.34657393,0.0041426926,4.76,34.4552286678,0.494,3823
16.0,1.00747966766,0.000260999717284,1476.40787354,0.0041426926,4.76,34.4552286678,0.494,3823
16.0,1.00754714012,0.000260993634583,1476.46917315,0.0041426926,4.76,34.4552286678,0.494,3823
16.0,1.00789988041,0.000261056935415,1476.53047276,0.0041426926,4.76,34.4552286678,0.494,3823
16.0,1.00728666782,0.000260986038484,1476.59177238,0.0041426926,4.76,34.4552286678,0.494,3823
16.0,1.00718510151,0.000261019507889,1476.6735052,0.0041426926,4.76,34.4552286678,0.494,3823
16.0,1.00736367702,0.00026103304117,1476.73480493,0.0041426926,4.76,34.4552286678,0.494,3823
16.0,1.00729930401,0.000261050678091,1476.79610455,0.0041426926,4.76,34.4552286678,0.494,3823
16.0,1.00744605064,0.000261079141637,1476.85740418,0.0041426926,4.76,34.4552286678,0.494,3823
16.0,1.00691866875,0.000261026463704,1476.91870382,0.0041426926,4.76,34.4552286678,0.494,3823
16.0,1.0069668293,0.000261043722276,1476.98000345,0.0041426926,4.76,34.4552286678,0.494,3823
16.0,1.00675487518,0.000261000241153,1477.04130309,0.0041426926,4.76,34.4552286678,0.494,3823
16.0,1.00750792027,0.000261048058746,1477.10260273,0.0041426926,4.76,34.4552286678,0.494,3823
16.0,1.00756907463,0.000261118315393,1477.16390247,0.0041426926,4.76,34.4552286678,0.494,3823
16.0,1.00730824471,0.000261029053945,1477.22520202,0.0041426926,4.76,34.4552286678,0.494,3823
16.0,1.00689470768,0.000261055363808,1477.28650177,0.0041426926,4.76,34.4552286678,0.494,3823
16.0,0.998649954796,0.000260498374701,1488.70871975,0.0041426926,4.76,34.4552286678,0.494,3823
16.0,0.998405754566,0.000260552158579,1488.77001997,0.0041426926,4.76,34.4552286678,0.494,3823
16.0,0.997733592987,0.000260522792814,1488.83132018,0.0041426926,4.76,34.4552286678,0.494,3823
16.0,0.998502314091,0.000260726432316,1488.8926204,0.0041426926,4.76,34.4552286678,0.494,3823
16.0,0.997883915901,0.000260695873294,1488.95392062,0.0041426926,4.76,34.4552286678,0.494,3823
16.0,0.997770965099,0.000260692264419,1489.01522085,0.0041426926,4.76,34.4552286678,0.494,3823
16.0,0.998425126076,0.000260711472947,1489.07652108,0.0041426926,4.76,34.4552286678,0.494,3823
16.0,0.998494148254,0.000260793458438,1489.13782141,0.0041426926,4.76,34.4552286678,0.494,3823
16.0,0.99887239933,0.00026079514646,1489.19912164,0.0041426926,4.76,34.4552286678,0.494,3823
16.0,0.998185098171,0.000260751054157,1489.26042188,0.0041426926,4.76,34.4552286678,0.494,3823
16.0,0.998312652111,0.000260669738054,1489.32172212,0.0041426926,4.76,34.4552286678,0.494,3823
16.0,0.998016834259,0.000260600121692,1489.38302237,0.0041426926,4.76,34.4552286678,0.494,3823
16.0,0.998467683792,0.000260554457782,1489.44432261,0.0041426926,4.76,34.4552286678,0.494,3823
16.0,0.998910307884,0.000260719098151,1489.50562286,0.0041426926,4.76,34.4552286678,0.494,3823
16.0,0.998675048351,0.00026062031975,1489.56692312,0.0041426926,4.76,34.4552286678,0.494,3823
16.0,0.998951792717,0.000260624568909,1489.62822347,0.0041426926,4.76,34.4552286678,0.494,3823
16.0,0.998604416847,0.000260713160969,1489.68952373,0.0041426926,4.76,34.4552286678,0.494,3823
16.0,0.998511552811,0.000260636443272,1489.75082399,0.0041426926,4.76,34.4552286678,0.494,3823
16.0,0.99900329113,0.000260682892986,1489.83255768,0.0041426926,4.76,34.4552286678,0.494,3823
16.0,0.998944997787,0.000260649656411,1489.89385795,0.0041426926,4.76,34.4552286678,0.494,3823
16.0,0.999129712582,0.000260696891928,1489.95515823,0.0041426926,4.76,34.4552286678,0.494,3823
16.0,0.999060690403,0.000260686589172,1490.0164585,0.0041426926,4.76,34.4552286678,0.494,3823
16.0,0.999012231827,0.000260639499174,1490.07775878,0.0041426926,4.76,34.4552286678,0.494,3823
16.0,0.999274432659,0.000260679720668,1490.13905926,0.0041426926,4.76,34.4552286678,0.494,3823
16.0,0.999603748322,0.00026068140869,1490.20035955,0.0041426926,4.76,34.4552286678,0.494,3823
16.0,0.999780356884,0.000260785483988,1490.26165984,0.0041426926,4.76,34.4552286678,0.494,3823
16.0,0.999928355217,0.000260820932453,1490.32296003,0.0041426926,4.76,34.4552286678,0.494,3823
16.0,0.999708771706,0.000260637229076,1490.38426042,0.0041426926,4.76,34.4552286678,0.494,3823
16.0,0.999507904053,0.000260793429334,1490.44556072,0.0041426926,4.76,34.4552286678,0.494,3823
16.0,1.00045752525,0.00026074287598,1490.50686102,0.0041426926,4.76,34.4552286678,0.494,3823
16.0,0.999722063541,0.000260736007476,1490.56816133,0.0041426926,4.76,34.4552286678,0.494,3823
16.0,1.00071465969,0.000260826433077,1490.62946163,0.0041426926,4.76,34.4552286678,0.494,3823
16.0,1.00006961823,0.000260893197265,1490.69076194,0.0041426926,4.76,34.4552286678,0.494,3823
16.0,1.0001295805,0.000260945409536,1490.75206236,0.0041426926,4.76,34.4552286678,0.494,3823
16.0,1.00026452541,0.000260910455836,1490.81336267,0.0041426926,4.76,34.4552286678,0.494,3823
16.0,1.00037574768,0.000260924280155,1490.87466299,0.0041426926,4.76,34.4552286678,0.494,3823
16.0,1.00082504749,0.000260925182374,1490.93596331,0.0041426926,4.76,34.4552286678,0.494,3823
16.0,1.00114178658,0.000261044304352,1490.99726364,0.0041426926,4.76,34.4552286678,0.494,3823
16.0,1.00084424019,0.000260903150775,1491.05856397,0.0041426926,4.76,34.4552286678,0.494,3823
16.0,1.0012370348,0.000261024193605,1491.1198643,0.0041426926,4.76,34.4552286678,0.494,3823
16.0,1.0012563467,0.00026101784897,1491.18116463,0.0041426926,4.76,34.4552286678,0.494,3823
16.0,1.000690341,0.000260912056547,1491.24246497,0.0041426926,4.76,34.4552286678,0.494,3823
16.0,1.0006724596,0.000260970613454,1491.30376531,0.0041426926,4.76,34.4552286678,0.494,3823
16.0,1.00077664852,0.000261026230874,1491.36506586,0.0041426926,4.76,34.4552286678,0.494,3823
16.0,1.00182986259,0.000261002947809,1491.42636621,0.0041426926,4.76,34.4552286678,0.494,3823
16.0,1.00192272663,0.000261022360064,1491.48766656,0.0041426926,4.76,34.4552286678,0.494,3823
16.0,1.00177776814,0.000261077075265,1491.54896691,0.0041426926,4.76,34.4552286678,0.494,3823
16.0,1.00218892097,0.000261082925135,1491.61026727,0.0041426926,4.76,34.4552286678,0.494,3823
16.0,1.00139594078,0.000260946108028,1491.67156763,0.0041426926,4.76,34.4552286678,0.494,3823
16.0,1.00215089321,0.000261075882008,1491.73286799,0.0041426926,4.76,34.4552286678,0.494,3823
16.0,1.00199472904,0.000260998116573,1491.79416836,0.0041426926,4.76,34.4552286678,0.494,3823
16.0,1.00169539452,0.000261028151726,1491.85546872,0.0041426926,4.76,34.4552286678,0.494,3823
16.0,1.00185799599,0.000261038803728,1491.9167691,0.0041426926,4.76,34.4552286678,0.494,3823
16.0,1.00205779076,0.00026100690593,1491.97806957,0.0041426926,4.76,34.4552286678,0.494,3823
16.0,1.00235939026,0.000261053122813,1492.03936995,0.0041426926,4.76,34.4552286678,0.494,3823
16.0,1.00245821476,0.000261130480794,1492.10067033,0.0041426926,4.76,34.4552286678,0.494,3823
16.0,1.00208568573,0.000261014443822,1492.16197082,0.0041426926,4.76,34.4552286678,0.494,3823
16.0,1.00229346752,0.000261057459284,1492.22327121,0.0041426926,4.76,34.4552286678,0.494,3823
16.0,1.00242185593,0.000261054286966,1492.2845716,0.0041426926,4.76,34.4552286678,0.494,3823
16.0,1.00299263,0.00026109337341,1492.34587189,0.0041426926,4.76,34.4552286678,0.494,3823
16.0,1.00221049786,0.000261062465142,1492.40717229,0.0041426926,4.76,34.4552286678,0.494,3823
16.0,1.00269770622,0.000261072360445,1492.46847269,0.0041426926,4.76,34.4552286678,0.494,3823
16.0,1.00301933289,0.00026111715124,1492.52977329,0.0041426926,4.76,34.4552286678,0.494,3823
16.0,1.00238919258,0.000261047884123,1492.5910737,0.0041426926,4.76,34.4552286678,0.494,3823
16.0,1.00276398659,0.000261111650616,1492.65237411,0.0041426926,4.76,34.4552286678,0.494,3823
16.0,1.00308644772,0.000261140812654,1492.71367452,0.0041426926,4.76,34.4552286678,0.494,3823
16.0,1.00348615646,0.000261168490397,1492.79540841,0.0041426926,4.76,34.4552286678,0.494,3823
16.0,1.00385212898,0.000261223263806,1492.85670883,0.0041426926,4.76,34.4552286678,0.494,3823
16.0,1.00315451622,0.000261168606812,1492.91800935,0.0041426926,4.76,34.4552286678,0.494,3823
16.0,1.00366330147,0.000261170789599,1492.97930978,0.0041426926,4.76,34.4552286678,0.494,3823
16.0,1.00291538239,0.000261165521806,1493.04061021,0.0041426926,4.76,34.4552286678,0.494,3823
16.0,1.00327086449,0.000261178443907,1493.10191064,0.0041426926,4.76,34.4552286678,0.494,3823
16.0,1.00273215771,0.000261133245658,1493.16321108,0.0041426926,4.76,34.4552286678,0.494,3823
16.0,1.00371873379,0.000261223496636,1493.22451152,0.0041426926,4.76,34.4552286678,0.494,3823
16.0,1.00383675098,0.000261266366579,1493.28581196,0.0041426926,4.76,34.4552286678,0.494,3823
16.0,1.00406682491,0.000261271401541,1493.3471124,0.0041426926,4.76,34.4552286678,0.494,3823
16.0,1.00437498093,0.000261336041149,1493.40841285,0.0041426926,4.76,34.4552286678,0.494,3823
16.0,1.0042860508,0.000261298526311,1493.4697133,0.0041426926,4.76,34.4552286678,0.494,3823
16.0,1.0042668581,0.000261263863649,1493.53101386,0.0041426926,4.76,34.4552286678,0.494,3823
16.0,1.00426018238,0.000261311331997,1493.59231431,0.0041426926,4.76,34.4552286678,0.494,3823
16.0,1.0044721365,0.000261243607383,1493.65361478,0.0041426926,4.76,34.4552286678,0.494,3823
16.0,1.00399172306,0.000261259818217,1493.71491524,0.0041426926,4.76,34.4552286678,0.494,3823
16.0,1.00456774235,0.000261293927906,1493.77621571,0.0041426926,4.76,34.4552286678,0.494,3823
16.0,1.00471687317,0.000261282868451,1493.83751618,0.0041426926,4.76,34.4552286678,0.494,3823
16.0,1.00474143028,0.000261293229414,1493.89881675,0.0041426926,4.76,34.4552286678,0.494,3823
16.0,1.00514948368,0.000261359818978,1493.96011723,0.0041426926,4.76,34.4552286678,0.494,3823
16.0,1.00458824635,0.000261274923105,1494.02141771,0.0041426926,4.76,34.4552286678,0.494,3823
16.0,1.00500631332,0.000261318258708,1494.08271829,0.0041426926,4.76,34.4552286678,0.494,3823
16.0,1.00512993336,0.000261320819845,1494.14401877,0.0041426926,4.76,34.4552286678,0.494,3823
16.0,1.00535845757,0.000261313980445,1494.20531926,0.0041426926,4.76,34.4552286678,0.494,3823
16.0,1.00575852394,0.000261357869022,1494.26661975,0.0041426926,4.76,34.4552286678,0.494,3823
16.0,1.00509309769,0.000261305365711,1494.32792025,0.0041426926,4.76,34.4552286678,0.494,3823
16.0,1.00473713875,0.000261313572992,1494.38922075,0.0041426926,4.76,34.4552286678,0.494,3823
16.0,1.00561237335,0.000261321139988,1494.45052125,0.0041426926,4.76,34.4552286678,0.494,3823
16.0,1.00563645363,0.000261326669715,1494.51182175,0.0041426926,4.76,34.4552286678,0.494,3823
16.0,1.00547885895,0.000261360837612,1494.57312226,0.0041426926,4.76,34.4552286678,0.494,3823
16.0,1.0054962635,0.000261370529188,1494.63442277,0.0041426926,4.76,34.4552286678,0.494,3823
16.0,1.00592637062,0.000261357665295,1494.69572349,0.0041426926,4.76,34.4552286678,0.494,3823
16.0,1.00620853901,0.000261394598056,1494.757024,0.0041426926,4.76,34.4552286678,0.494,3823
16.0,1.00629961491,0.000261384062469,1494.81832442,0.0041426926,4.76,34.4552286678,0.494,3823
16.0,1.00602638721,0.000261365290498,1494.87962495,0.0041426926,4.76,34.4552286678,0.494,3823
16.0,1.00643885136,0.000261367909843,1494.94092547,0.0041426926,4.76,34.4552286678,0.494,3823
16.0,1.00611317158,0.000261375156697,1495.002226,0.0041426926,4.76,34.4552286678,0.494,3823
16.0,1.00670850277,0.000261390610831,1495.06352663,0.0041426926,4.76,34.4552286678,0.494,3823
16.0,1.00641703606,0.000261380861048,1495.12482717,0.0041426926,4.76,34.4552286678,0.494,3823
16.0,1.00692951679,0.000261372159002,1495.18612771,0.0041426926,4.76,34.4552286678,0.494,3823
16.0,1.00686466694,0.00026141203125,1495.24742835,0.0041426926,4.76,34.4552286678,0.494,3823
16.0,1.00694513321,0.000261393986875,1495.3087289,0.0041426926,4.76,34.4552286678,0.494,3823
16.0,1.00670230389,0.000261407520156,1495.37002944,0.0041426926,4.76,34.4552286678,0.494,3823
16.0,1.00727951527,0.000261446170043,1495.43133,0.0041426926,4.76,34.4552286678,0.494,3823
16.0,1.00648880005,0.000261397508439,1495.49263055,0.0041426926,4.76,34.4552286678,0.494,3823
16.0,1.00711190701,0.000261440814938,1495.55393111,0.0041426926,4.76,34.4552286678,0.494,3823
16.0,1.00736927986,0.000261455774307,1495.61523167,0.0041426926,4.76,34.4552286678,0.494,3823
16.0,1.00726795197,0.000261505425442,1495.67653223,0.0041426926,4.76,34.4552286678,0.494,3823
16.0,1.00720870495,0.000261437497102,1495.7378328,0.0041426926,4.76,34.4552286678,0.494,3823
16.0,1.00725018978,0.000261462846538,1495.81956699,0.0041426926,4.76,34.4552286678,0.494,3823
16.0,1.00746500492,0.000261490407865,1495.88086757,0.0041426926,4.76,34.4552286678,0.494,3823
16.0,1.00747430325,0.000261471606791,1495.94216815,0.0041426926,4.76,34.4552286678,0.494,3823
16.0,1.00810778141,0.000261578417849,1496.00346873,0.0041426926,4.76,34.4552286678,0.494,3823
16.0,1.00796198845,0.000261589942966,1496.06476931,0.0041426926,4.76,34.4552286678,0.494,3823
16.0,1.00837445259,0.000261556444457,1496.1260699,0.0041426926,4.76,34.4552286678,0.494,3823
16.0,1.00796759129,0.000261534092715,1496.18737049,0.0041426926,4.76,34.4552286678,0.494,3823
16.0,1.00802469254,0.000261557433987,1496.24867118,0.0041426926,4.76,34.4552286678,0.494,3823
16.0,1.00813996792,0.000261570618022,1496.30997178,0.0041426926,4.76,34.4552286678,0.494,3823
16.0,1.00807762146,0.000261531356955,1496.37127238,0.0041426926,4.76,34.4552286678,0.494,3823
16.0,1.00824582577,0.000261593057076,1496.43257308,0.0041426926,4.76,34.4552286678,0.494,3823
16.0,1.00812113285,0.000261551584117,1496.49387368,0.0041426926,4.76,34.4552286678,0.494,3823
16.0,1.00903856754,0.000261622888502,1496.55517429,0.0041426926,4.76,34.4552286678,0.494,3823
16.0,1.00856506824,0.000261542329099,1496.6164749,0.0041426926,4.76,34.4552286678,0.494,3823
16.0,1.00891017914,0.000261586654233,1496.67777552,0.0041426926,4.76,34.4552286678,0.494,3823
16.0,1.00860893726,0.0002615552512,1496.73907614,0.0041426926,4.76,34.4552286678,0.494,3823
16.0,1.00894784927,0.000261606706772,1496.80037686,0.0041426926,4.76,34.4552286678,0.494,3823
16.0,1.00928378105,0.000261601497186,1496.86167748,0.0041426926,4.76,34.4552286678,0.494,3823
16.0,1.00880360603,0.000261588545982,1496.92297811,0.0041426926,4.76,34.4552286678,0.494,3823
16.0,1.00881576538,0.000261581910308,1496.98427874,0.0041426926,4.76,34.4552286678,0.494,3823
16.0,1.00911951065,0.000261580513325,1497.04557937,0.0041426926,4.76,34.4552286678,0.494,3823
16.0,1.00886082649,0.000261585955741,1497.10688001,0.0041426926,4.76,34.4552286678,0.494,3823
16.0,1.00881874561,0.000261548557319,1497.16818065,0.0041426926,4.76,34.4552286678,0.494,3823
16.0,1.00918102264,0.000261608191067,1497.22948129,0.0041426926,4.76,34.4552286678,0.494,3823
16.0,1.00885856152,0.000261536129983,1497.29078194,0.0041426926,4.76,34.4552286678,0.494,3823
16.0,1.00832974911,0.000261447799858,1497.35208279,0.0041426926,4.76,34.4552286678,0.494,3823
16.0,1.00954318047,0.000261528446572,1497.41338334,0.0041426926,4.76,34.4552286678,0.494,3823
16.0,1.00882732868,0.000261503999354,1497.474684,0.0041426926,4.76,34.4552286678,0.494,3823
16.0,1.0083899498,0.000261546199908,1497.53598466,0.0041426926,4.76,34.4552286678,0.494,3823
16.0,1.00860059261,0.000261514447629,1497.59728542,0.0041426926,4.76,34.4552286678,0.494,3823
16.0,1.00882101059,0.000261567503912,1497.65858608,0.0041426926,4.76,34.4552286678,0.494,3823
16.0,1.00880634785,0.000261555513134,1497.71988675,0.0041426926,4.76,34.4552286678,0.494,3823
16.0,1.00909376144,0.000261561595835,1497.78118742,0.0041426926,4.76,34.4552286678,0.494,3823
16.0,1.00895941257,0.00026154104853,1497.8424881,0.0041426926,4.76,34.4552286678,0.494,3823
16.0,1.00896918774,0.000261606357526,1497.90378878,0.0041426926,4.76,34.4552286678,0.494,3823
16.0,1.0091098547,0.000261611276073,1497.96508956,0.0041426926,4.76,34.4552286678,0.494,3823
16.0,1.00907218456,0.000261593639152,1498.02639024,0.0041426926,4.76,34.4552286678,0.494,3823
16.0,1.00950205326,0.000261590786977,1498.14899162,0.0041426926,4.76,34.4552286678,0.494,3823
16.0,1.00890874863,0.000261591019807,1498.21029231,0.0041426926,4.76,34.4552286678,0.494,3823
16.0,1.00893211365,0.000261600682279,1498.27159301,0.0041426926,4.76,34.4552286678,0.494,3823
16.0,1.00910139084,0.000261498527834,1498.35332738,0.0041426926,4.76,34.4552286678,0.494,3823
16.0,1.00878620148,0.000261492939899,1498.41462808,0.0041426926,4.76,34.4552286678,0.494,3823
16.0,1.00882315636,0.000261458422756,1498.47592879,0.0041426926,4.76,34.4552286678,0.494,3823
16.0,1.00882947445,0.000261434703134,1498.5372295,0.0041426926,4.76,34.4552286678,0.494,3823
16.0,1.0084643364,0.000261416047579,1498.59853021,0.0041426926,4.76,34.4552286678,0.494,3823
16.0,1.00871598721,0.000261450215476,1498.76199879,0.0041426926,4.76,34.4552286678,0.494,3823
16.0,1.0085798502,0.000261420966126,1498.82329962,0.0041426926,4.76,34.4552286678,0.494,3823
16.0,1.00860524178,0.000261480512563,1498.90503392,0.0041426926,4.76,34.4552286678,0.494,3823
16.0,1.00880789757,0.000261504435912,1498.98676823,0.0041426926,4.76,34.4552286678,0.494,3823
16.0,1.00855767727,0.000261483859504,1499.04806897,0.0041426926,4.76,34.4552286678,0.494,3823
16.0,1.00879585743,0.000261523004156,1499.10936971,0.0041426926,4.76,34.4552286678,0.494,3823
16.0,1.00933074951,0.000261547800619,1499.17067045,0.0041426926,4.76,34.4552286678,0.494,3823
16.0,1.00844013691,0.000261528650299,1499.2319714,0.0041426926,4.76,34.4552286678,0.494,3823
16.0,1.00828409195,0.000261494307779,1499.29327215,0.0041426926,4.76,34.4552286678,0.494,3823
16.0,1.00842046738,0.000261501263594,1499.3545728,0.0041426926,4.76,34.4552286678,0.494,3823
16.0,1.0082783699,0.000261503650108,1499.41587355,0.0041426926,4.76,34.4552286678,0.494,3823
16.0,1.00829279423,0.000261509063421,1499.47717441,0.0041426926,4.76,34.4552286678,0.494,3823
16.0,1.00812065601,0.000261495908489,1499.53847517,0.0041426926,4.76,34.4552286678,0.494,3823
16.0,1.00837469101,0.000261519075138,1499.59977594,0.0041426926,4.76,34.4552286678,0.494,3823
16.0,1.00801789761,0.000261504028458,1499.6610767,0.0041426926,4.76,34.4552286678,0.494,3823
16.0,1.00803852081,0.000261478911852,1499.72237747,0.0041426926,4.76,34.4552286678,0.494,3823
16.0,1.00799524784,0.000261507724645,1499.78367825,0.0041426926,4.76,34.4552286678,0.494,3823
16.0,1.00819253922,0.00026150883059,1499.84497912,0.0041426926,4.76,34.4552286678,0.494,3823
16.0,1.00800728798,0.00026150647318,1499.9062799,0.0041426926,4.76,34.4552286678,0.494,3823
16.0,1.00756597519,0.000261467415839,1499.96758069,0.0041426926,4.76,34.4552286678,0.494,3823
16.0,1.00764644146,0.000261478038738,1500.02888147,0.0041426926,4.76,34.4552286678,0.494,3823
16.0,1.00758218765,0.000261476670858,1500.09018226,0.0041426926,4.76,34.4552286678,0.494,3823
16.0,1.00744056702,0.000261433859123,1500.15148306,0.0041426926,4.76,34.4552286678,0.494,3823
16.0,1.00738883018,0.000261437467998,1500.21278385,0.0041426926,4.76,34.4552286678,0.494,3823
16.0,1.00791573524,0.000261517765466,1500.27408465,0.0041426926,4.76,34.4552286678,0.494,3823
16.0,1.00738811493,0.000261430890532,1500.33538545,0.0041426926,4.76,34.4552286678,0.494,3823
16.0,1.00763142109,0.0002614914265,1500.39668646,0.0041426926,4.76,34.4552286678,0.494,3823
16.0,1.00809931755,0.00026150062331,1500.45798727,0.0041426926,4.76,34.4552286678,0.494,3823
16.0,1.00717544556,0.000261412118562,1500.51928808,0.0041426926,4.76,34.4552286678,0.494,3823
16.0,1.00706672668,0.000261400535237,1500.58058889,0.0041426926,4.76,34.4552286678,0.494,3823
16.0,1.00718045235,0.000261452572886,1500.64188971,0.0041426926,4.76,34.4552286678,0.494,3823
16.0,1.0073004961,0.000261400040472,1500.70319053,0.0041426926,4.76,34.4552286678,0.494,3823
16.0,1.0072593689,0.000261400040472,1500.76449135,0.0041426926,4.76,34.4552286678,0.494,3823
16.0,1.00679445267,0.000261381646851,1500.82579218,0.0041426926,4.76,34.4552286678,0.494,3823
16.0,1.00652265549,0.000261234323261,1500.88709301,0.0041426926,4.76,34.4552286678,0.494,3823
16.0,1.00774383545,0.000261441600742,1500.94839384,0.0041426926,4.76,34.4552286678,0.494,3823
16.0,1.00717520714,0.0002613987308,1501.00969478,0.0041426926,4.76,34.4552286678,0.494,3823
16.0,1.00723922253,0.000261456385488,1501.07099562,0.0041426926,4.76,34.4552286678,0.494,3823
16.0,1.00648033619,0.000261175388005,1501.13229646,0.0041426926,4.76,34.4552286678,0.494,3823
16.0,1.00706422329,0.000261178152869,1501.19359731,0.0041426926,4.76,34.4552286678,0.494,3823
16.0,1.00656962395,0.000261157285422,1501.25489816,0.0041426926,4.76,34.4552286678,0.494,3823
16.0,1.00634407997,0.000261167937424,1501.31619901,0.0041426926,4.76,34.4552286678,0.494,3823
16.0,1.0067756176,0.000261161418166,1501.37749986,0.0041426926,4.76,34.4552286678,0.494,3823
16.0,1.00664699078,0.000261180452071,1501.43880072,0.0041426926,4.76,34.4552286678,0.494,3823
16.0,1.00660836697,0.0002611555974,1501.50010158,0.0041426926,4.76,34.4552286678,0.494,3823
16.0,1.00598049164,0.000261150853476,1501.56140265,0.0041426926,4.76,34.4552286678,0.494,3823
16.0,1.00616919994,0.000261111126747,1501.62270352,0.0041426926,4.76,34.4552286678,0.494,3823
16.0,1.00622057915,0.000261126057012,1501.68400439,0.0041426926,4.76,34.4552286678,0.494,3823
16.0,1.00613451004,0.000261092092842,1501.76573879,0.0041426926,4.76,34.4552286678,0.494,3823
16.0,1.00587201118,0.000261100009084,1501.82703976,0.0041426926,4.76,34.4552286678,0.494,3823
16.0,1.00579094887,0.00026110446197,1501.88834065,0.0041426926,4.76,34.4552286678,0.494,3823
16.0,1.00596916676,0.000261058681644,1501.94964153,0.0041426926,4.76,34.4552286678,0.494,3823
16.0,1.00628745556,0.000261081353528,1502.01094252,0.0041426926,4.76,34.4552286678,0.494,3823
16.0,1.00632345676,0.00026117550442,1502.07224341,0.0041426926,4.76,34.4552286678,0.494,3823
16.0,1.00560879707,0.000261024921201,1502.1335443,0.0041426926,4.76,34.4552286678,0.494,3823
16.0,1.00589847565,0.00026112984051,1502.1948452,0.0041426926,4.76,34.4552286678,0.494,3823
16.0,1.00636792183,0.000261269393377,1502.2561461,0.0041426926,4.76,34.4552286678,0.494,3823
16.0,1.00638651848,0.000261309294729,1502.317447,0.0041426926,4.76,34.4552286678,0.494,3823
16.0,1.00606799126,0.000261216540821,1502.37874791,0.0041426926,4.76,34.4552286678,0.494,3823
16.0,1.00563073158,0.000261223758571,1502.44004882,0.0041426926,4.76,34.4552286678,0.494,3823
16.0,1.0055693388,0.000261226959992,1502.50134973,0.0041426926,4.76,34.4552286678,0.494,3823
16.0,1.00565862656,0.000261242414126,1502.56265074,0.0041426926,4.76,34.4552286678,0.494,3823
16.0,1.00528204441,0.000261213892372,1502.62395166,0.0041426926,4.76,34.4552286678,0.494,3823
16.0,1.00530695915,0.000261164095718,1502.68525258,0.0041426926,4.76,34.4552286678,0.494,3823
16.0,1.00507628918,0.000261167384451,1502.74655351,0.0041426926,4.76,34.4552286678,0.494,3823
16.0,1.00552344322,0.000261178385699,1502.80785444,0.0041426926,4.76,34.4552286678,0.494,3823
16.0,1.00539040565,0.000261187989963,1502.86915537,0.0041426926,4.76,34.4552286678,0.494,3823
16.0,1.00520038605,0.000261124805547,1502.9304563,0.0041426926,4.76,34.4552286678,0.494,3823
16.0,1.0053255558,0.000261123874225,1502.99175734,0.0041426926,4.76,34.4552286678,0.494,3823
16.0,1.00555384159,0.000261178705841,1503.05305828,0.0041426926,4.76,34.4552286678,0.494,3823
16.0,1.00559151173,0.000261174864136,1503.11435932,0.0041426926,4.76,34.4552286678,0.494,3823
16.0,1.00521063805,0.000261152134044,1503.17566027,0.0041426926,4.76,34.4552286678,0.494,3823
16.0,1.00558578968,0.000261218316155,1503.23696122,0.0041426926,4.76,34.4552286678,0.494,3823
16.0,1.00506937504,0.000261164241238,1503.29826217,0.0041426926,4.76,34.4552286678,0.494,3823
16.0,1.00532984734,0.000261131062871,1503.35956313,0.0041426926,4.76,34.4552286678,0.494,3823
16.0,1.00488853455,0.000261135748588,1503.42086409,0.0041426926,4.76,34.4552286678,0.494,3823
16.0,1.00526332855,0.000261112378212,1503.48216505,0.0041426926,4.76,34.4552286678,0.494,3823
16.0,1.00472271442,0.000261057488387,1503.54346602,0.0041426926,4.76,34.4552286678,0.494,3823
16.0,1.00482058525,0.00026108045131,1503.60476699,0.0041426926,4.76,34.4552286678,0.494,3823
16.0,1.00495040417,0.000261135981418,1503.66606796,0.0041426926,4.76,34.4552286678,0.494,3823
16.0,1.00531899929,0.000261139270151,1503.72736903,0.0041426926,4.76,34.4552286678,0.494,3823
16.0,1.00511467457,0.000261081528151,1503.78867011,0.0041426926,4.76,34.4552286678,0.494,3823
16.0,1.00431704521,0.000261028704699,1503.84997099,0.0041426926,4.76,34.4552286678,0.494,3823
16.0,1.00427091122,0.000260998349404,1503.91127198,0.0041426926,4.76,34.4552286678,0.494,3823
16.0,1.00465250015,0.00026108865859,1503.97257296,0.0041426926,4.76,34.4552286678,0.494,3823
16.0,1.00492680073,0.000261031731497,1504.03387395,0.0041426926,4.76,34.4552286678,0.494,3823
16.0,1.00438857079,0.000261000590399,1504.09517495,0.0041426926,4.76,34.4552286678,0.494,3823
16.0,1.00496006012,0.000261056731688,1504.15647604,0.0041426926,4.76,34.4552286678,0.494,3823
16.0,1.00485157967,0.000261063716607,1504.21777704,0.0041426926,4.76,34.4552286678,0.494,3823
16.0,1.00459933281,0.000261057401076,1504.27907814,0.0041426926,4.76,34.4552286678,0.494,3823
16.0,1.00442314148,0.000261074048467,1504.34037915,0.0041426926,4.76,34.4552286678,0.494,3823
16.0,1.00435638428,0.000260975735728,1504.40168016,0.0041426926,4.76,34.4552286678,0.494,3823
16.0,1.00435698032,0.000261019042227,1504.46298117,0.0041426926,4.76,34.4552286678,0.494,3823
16.0,1.00521337986,0.00026104436256,1504.54471576,0.0041426926,4.76,34.4552286678,0.494,3823
16.0,1.00453388691,0.000260981381871,1504.60601678,0.0041426926,4.76,34.4552286678,0.494,3823
16.0,1.00428128242,0.000261020933976,1504.667318,0.0041426926,4.76,34.4552286678,0.494,3823
16.0,1.00417768955,0.000260914006503,1504.7490526,0.0041426926,4.76,34.4552286678,0.494,3823
16.0,1.00405526161,0.000260964938207,1504.81035363,0.0041426926,4.76,34.4552286678,0.494,3823
16.0,1.00410497189,0.000260928907664,1504.87165477,0.0041426926,4.76,34.4552286678,0.494,3823
16.0,1.0038330555,0.00026091770269,1504.9329558,0.0041426926,4.76,34.4552286678,0.494,3823
16.0,1.00418376923,0.000261014938587,1504.99425684,0.0041426926,4.76,34.4552286678,0.494,3823
16.0,1.00409257412,0.000260975881247,1505.05555798,0.0041426926,4.76,34.4552286678,0.494,3823
16.0,1.00414776802,0.0002608987852,1505.11685903,0.0041426926,4.76,34.4552286678,0.494,3823
16.0,1.00417387486,0.000260953995166,1505.17816008,0.0041426926,4.76,34.4552286678,0.494,3823
16.0,1.00467991829,0.00026100006653,1505.23946113,0.0041426926,4.76,34.4552286678,0.494,3823
16.0,1.00357306004,0.000260899658315,1505.30076218,0.0041426926,4.76,34.4552286678,0.494,3823
16.0,1.00426650047,0.000260964414338,1505.36206324,0.0041426926,4.76,34.4552286678,0.494,3823
16.0,1.0041359663,0.000260974833509,1505.4233643,0.0041426926,4.76,34.4552286678,0.494,3823
16.0,1.00441336632,0.000260992936091,1505.48466536,0.0041426926,4.76,34.4552286678,0.494,3823
16.0,1.00394165516,0.000260882865405,1505.54596643,0.0041426926,4.76,34.4552286678,0.494,3823
16.0,1.00403916836,0.000260905129835,1505.62770129,0.0041426926,4.76,34.4552286678,0.494,3823
16.0,1.00407838821,0.000260970991803,1505.68900237,0.0041426926,4.76,34.4552286678,0.494,3823
16.0,1.0040166378,0.000260915287072,1505.75030344,0.0041426926,4.76,34.4552286678,0.494,3823
16.0,1.00398504734,0.000260911328951,1505.81160452,0.0041426926,4.76,34.4552286678,0.494,3823
16.0,1.00440120697,0.000260976637946,1505.87290561,0.0041426926,4.76,34.4552286678,0.494,3823
16.0,1.00421237946,0.00026087264996,1505.93420669,0.0041426926,4.76,34.4552286678,0.494,3823
16.0,1.00378859043,0.000260863977019,1505.99550788,0.0041426926,4.76,34.4552286678,0.494,3823
16.0,1.00469863415,0.000260975561105,1506.05680898,0.0041426926,4.76,34.4552286678,0.494,3823
16.0,1.00419032574,0.000260927306954,1506.11811007,0.0041426926,4.76,34.4552286678,0.494,3823
16.0,1.00495004654,0.000260992499534,1506.17941127,0.0041426926,4.76,34.4552286678,0.494,3823
16.0,1.00455868244,0.000260997680016,1506.24071237,0.0041426926,4.76,34.4552286678,0.494,3823
16.0,1.00471973419,0.000260946893832,1506.30201348,0.0041426926,4.76,34.4552286678,0.494,3823
16.0,1.00398015976,0.000260952510871,1506.36331459,0.0041426926,4.76,34.4552286678,0.494,3823
16.0,1.00446224213,0.000260960106971,1506.4246157,0.0041426926,4.76,34.4552286678,0.494,3823
16.0,1.00420868397,0.000260965607595,1506.48591671,0.0041426926,4.76,34.4552286678,0.494,3823
16.0,1.00413513184,0.000260918139247,1506.54721803,0.0041426926,4.76,34.4552286678,0.494,3823
16.0,1.0040730238,0.000260966393398,1506.60851915,0.0041426926,4.76,34.4552286678,0.494,3823
16.0,1.00447404385,0.000260930537479,1506.66982027,0.0041426926,4.76,34.4552286678,0.494,3823
16.0,1.00425088406,0.000260958069703,1506.7311214,0.0041426926,4.76,34.4552286678,0.494,3823
16.0,1.00425291061,0.000260930304648,1506.79242253,0.0041426926,4.76,34.4552286678,0.494,3823
16.0,1.00397348404,0.000260870088823,1506.85372366,0.0041426926,4.76,34.4552286678,0.494,3823
16.0,1.00448942184,0.000260969914962,1506.9150248,0.0041426926,4.76,34.4552286678,0.494,3823
16.0,1.00480687618,0.000260994187556,1506.97632594,0.0041426926,4.76,34.4552286678,0.494,3823
16.0,1.00443577766,0.000260942935711,1507.03762708,0.0041426926,4.76,34.4552286678,0.494,3823
16.0,1.00405299664,0.000260936969426,1507.09892823,0.0041426926,4.76,34.4552286678,0.494,3823
16.0,1.00385951996,0.000260901753791,1507.16022948,0.0041426926,4.76,34.4552286678,0.494,3823
16.0,1.00426506996,0.000260864559095,1507.22153063,0.0041426926,4.76,34.4552286678,0.494,3823
16.0,1.00420200825,0.00026095227804,1507.28283178,0.0041426926,4.76,34.4552286678,0.494,3823
16.0,1.0040435791,0.000260921457084,1507.34413294,0.0041426926,4.76,34.4552286678,0.494,3823
16.0,1.00403642654,0.00026090076426,1507.4054342,0.0041426926,4.76,34.4552286678,0.494,3823
16.0,1.00457429886,0.000260962202447,1507.46673536,0.0041426926,4.76,34.4552286678,0.494,3823
16.0,1.0041154623,0.000260897300905,1507.52803653,0.0041426926,4.76,34.4552286678,0.494,3823
16.0,1.00451552868,0.000260991306277,1507.5893377,0.0041426926,4.76,34.4552286678,0.494,3823
16.0,1.00424289703,0.000260915898252,1507.65063887,0.0041426926,4.76,34.4552286678,0.494,3823
16.0,1.00462126732,0.000260944914771,1507.73237378,0.0041426926,4.76,34.4552286678,0.494,3823
16.0,1.00463044643,0.000260967324721,1507.79367496,0.0041426926,4.76,34.4552286678,0.494,3823
16.0,1.00423359871,0.000260874658125,1507.85497614,0.0041426926,4.76,34.4552286678,0.494,3823
16.0,1.00468277931,0.000260948028881,1507.91627743,0.0041426926,4.76,34.4552286678,0.494,3823
16.0,1.00414979458,0.000260936212726,1507.97757862,0.0041426926,4.76,34.4552286678,0.494,3823
16.0,1.00393366814,0.000260904402239,1508.03887981,0.0041426926,4.76,34.4552286678,0.494,3823
16.0,1.00425159931,0.000260925269686,1508.1001811,0.0041426926,4.76,34.4552286678,0.494,3823
16.0,1.00479340553,0.000260949804215,1508.1614823,0.0041426926,4.76,34.4552286678,0.494,3823
16.0,1.00395381451,0.000260899425484,1508.2227835,0.0041426926,4.76,34.4552286678,0.494,3823
16.0,1.00390148163,0.000260849163169,1508.28408471,0.0041426926,4.76,34.4552286678,0.494,3823
16.0,1.00406479836,0.000260924338363,1508.34538592,0.0041426926,4.76,34.4552286678,0.494,3823
16.0,1.0040384531,0.000260895816609,1508.40668713,0.0041426926,4.76,34.4552286678,0.494,3823
16.0,1.0043874979,0.000260877568508,1508.46798834,0.0041426926,4.76,34.4552286678,0.494,3823
16.0,1.00385785103,0.000260837347014,1508.52928956,0.0041426926,4.76,34.4552286678,0.494,3823
16.0,1.00416970253,0.000260867731413,1508.59059078,0.0041426926,4.76,34.4552286678,0.494,3823
16.0,1.00366222858,0.00026082227123,1508.6518921,0.0041426926,4.76,34.4552286678,0.494,3823
16.0,1.00345718861,0.00026084316778,1508.71319333,0.0041426926,4.76,34.4552286678,0.494,3823
16.0,1.00324225426,0.000260814034846,1508.77449466,0.0041426926,4.76,34.4552286678,0.494,3823
16.0,1.00358259678,0.000260827044258,1508.83579589,0.0041426926,4.76,34.4552286678,0.494,3823
16.0,1.00375294685,0.000260844448349,1508.89709713,0.0041426926,4.76,34.4552286678,0.494,3823
16.0,1.00341105461,0.000260811910266,1508.95839837,0.0041426926,4.76,34.4552286678,0.494,3823
16.0,1.00357973576,0.000260840723058,1509.01969961,0.0041426926,4.76,34.4552286678,0.494,3823
16.0,1.00330734253,0.000260798522504,1509.08100075,0.0041426926,4.76,34.4552286678,0.494,3823
16.0,1.00333023071,0.000260846980382,1509.1423021,0.0041426926,4.76,34.4552286678,0.494,3823
16.0,1.00312685966,0.000260808883468,1509.20360335,0.0041426926,4.76,34.4552286678,0.494,3823
16.0,1.00338196754,0.000260812055785,1509.26490471,0.0041426926,4.76,34.4552286678,0.494,3823
16.0,1.00343942642,0.000260822591372,1509.32620596,0.0041426926,4.76,34.4552286678,0.494,3823
16.0,1.00299811363,0.000260796543444,1509.38750722,0.0041426926,4.76,34.4552286678,0.494,3823
16.0,1.00268089771,0.000260786648141,1509.44880849,0.0041426926,4.76,34.4552286678,0.494,3823
16.0,1.00282263756,0.000260775705101,1509.51010975,0.0041426926,4.76,34.4552286678,0.494,3823
16.0,1.00284945965,0.000260810920736,1509.57141102,0.0041426926,4.76,34.4552286678,0.494,3823
16.0,1.00290894508,0.000260800530668,1509.63271229,0.0041426926,4.76,34.4552286678,0.494,3823
16.0,1.00264322758,0.000260722299572,1509.69401357,0.0041426926,4.76,34.4552286678,0.494,3823
16.0,1.00222587585,0.000260755710769,1509.75531485,0.0041426926,4.76,34.4552286678,0.494,3823
16.0,1.00221037865,0.000260736589553,1509.81661623,0.0041426926,4.76,34.4552286678,0.494,3823
16.0,1.00207412243,0.000260759959929,1509.87791751,0.0041426926,4.76,34.4552286678,0.494,3823
16.0,1.00171470642,0.000260653818259,1509.9392189,0.0041426926,4.76,34.4552286678,0.494,3823
16.0,1.00245070457,0.000260688917479,1510.00052019,0.0041426926,4.76,34.4552286678,0.494,3823
16.0,1.00152587891,0.000260656554019,1510.08225515,0.0041426926,4.76,34.4552286678,0.494,3823
16.0,1.00162196159,0.000260632863501,1510.14355645,0.0041426926,4.76,34.4552286678,0.494,3823
16.0,1.00201010704,0.000260671309661,1510.20485785,0.0041426926,4.76,34.4552286678,0.494,3823
16.0,1.00208187103,0.000260662316578,1510.26615915,0.0041426926,4.76,34.4552286678,0.494,3823
16.0,1.0016092062,0.000260569358943,1510.32746046,0.0041426926,4.76,34.4552286678,0.494,3823
16.0,1.00124228001,0.000260558095761,1510.38876177,0.0041426926,4.76,34.4552286678,0.494,3823
16.0,1.00157356262,0.000260609784164,1510.45006318,0.0041426926,4.76,34.4552286678,0.494,3823
16.0,1.00141215324,0.000260659871856,1510.5113645,0.0041426926,4.76,34.4552286678,0.494,3823
16.0,1.00177574158,0.000260667875409,1510.57266582,0.0041426926,4.76,34.4552286678,0.494,3823
16.0,1.00141763687,0.000260621658526,1510.63396714,0.0041426926,4.76,34.4552286678,0.494,3823
16.0,1.00135850906,0.000260632601567,1510.71570234,0.0041426926,4.76,34.4552286678,0.494,3823
16.0,1.00112366676,0.000260395667283,1510.77700367,0.0041426926,4.76,34.4552286678,0.494,3823
16.0,1.00073707104,0.000260425789747,1510.838305,0.0041426926,4.76,34.4552286678,0.494,3823
16.0,1.00048041344,0.00026040134253,1510.89960634,0.0041426926,4.76,34.4552286678,0.494,3823
16.0,1.00080287457,0.000260367727606,1510.96090768,0.0041426926,4.76,34.4552286678,0.494,3823
16.0,1.00058567524,0.00026029185392,1511.02220902,0.0041426926,4.76,34.4552286678,0.494,3823
16.0,1.00023329258,0.000260322936811,1511.08351036,0.0041426926,4.76,34.4552286678,0.494,3823
16.0,1.00100564957,0.000260368135059,1511.14481181,0.0041426926,4.76,34.4552286678,0.494,3823
16.0,1.0002925396,0.00026031647576,1511.20611316,0.0041426926,4.76,34.4552286678,0.494,3823
16.0,1.00059044361,0.000260351400357,1511.26741452,0.0041426926,4.76,34.4552286678,0.494,3823
16.0,1.00036180019,0.000260281871306,1511.32871587,0.0041426926,4.76,34.4552286678,0.494,3823
16.0,1.00000047684,0.000260275061009,1511.39001723,0.0041426926,4.76,34.4552286678,0.494,3823
16.0,0.999677121639,0.000260249275016,1511.4513186,0.0041426926,4.76,34.4552286678,0.494,3823
16.0,1.00025236607,0.00026024854742,1511.51261996,0.0041426926,4.76,34.4552286678,0.494,3823
16.0,0.999414384365,0.000260225642705,1511.57392143,0.0041426926,4.76,34.4552286678,0.494,3823
16.0,0.999686837196,0.00026018708013,1511.6352227,0.0041426926,4.76,34.4552286678,0.494,3823
16.0,0.999439537525,0.000260211265413,1511.69652418,0.0041426926,4.76,34.4552286678,0.494,3823
16.0,0.999297142029,0.000260224740487,1511.75782555,0.0041426926,4.76,34.4552286678,0.494,3823
16.0,0.998893201351,0.000260123604676,1511.81912704,0.0041426926,4.76,34.4552286678,0.494,3823
16.0,0.999572515488,0.000260180007899,1511.88042842,0.0041426926,4.76,34.4552286678,0.494,3823
16.0,0.999297320843,0.000260151311522,1511.94172981,0.0041426926,4.76,34.4552286678,0.494,3823
16.0,0.999215841293,0.000260154774878,1512.0030312,0.0041426926,4.76,34.4552286678,0.494,3823
16.0,0.999328792095,0.00026014453033,1512.06433259,0.0041426926,4.76,34.4552286678,0.494,3823
16.0,0.999061882496,0.000260136439465,1512.12563399,0.0041426926,4.76,34.4552286678,0.494,3823
16.0,0.99898314476,0.000260073982645,1512.18693538,0.0041426926,4.76,34.4552286678,0.494,3823
16.0,0.998649775982,0.000260047498159,1512.24823689,0.0041426926,4.76,34.4552286678,0.494,3823
16.0,0.998722851276,0.000260096450802,1512.30953829,0.0041426926,4.76,34.4552286678,0.494,3823
16.0,0.998787999153,0.000260051485384,1512.3708397,0.0041426926,4.76,34.4552286678,0.494,3823
16.0,0.999035418034,0.000260107335635,1512.43214111,0.0041426926,4.76,34.4552286678,0.494,3823
16.0,0.998668372631,0.000260091357632,1512.49344253,0.0041426926,4.76,34.4552286678,0.494,3823
16.0,0.998299360275,0.00026004074607,1512.55474394,0.0041426926,4.76,34.4552286678,0.494,3823
16.0,0.998425602913,0.00026007508859,1512.61604536,0.0041426926,4.76,34.4552286678,0.494,3823
16.0,0.998090326786,0.000260017142864,1512.67734679,0.0041426926,4.76,34.4552286678,0.494,3823
16.0,0.998559236526,0.000260086846538,1512.73864821,0.0041426926,4.76,34.4552286678,0.494,3823
16.0,0.997687339783,0.000259999418631,1512.79994974,0.0041426926,4.76,34.4552286678,0.494,3823
16.0,0.998404860497,0.000260000175331,1512.86125117,0.0041426926,4.76,34.4552286678,0.494,3823
16.0,0.997982859612,0.000260025582975,1512.92255261,0.0041426926,4.76,34.4552286678,0.494,3823
16.0,0.997823297977,0.0002599931031,1512.98385415,0.0041426926,4.76,34.4552286678,0.494,3823
16.0,0.997757017612,0.000259943626588,1513.04515559,0.0041426926,4.76,34.4552286678,0.494,3823
16.0,0.99730193615,0.000259905122221,1513.10645703,0.0041426926,4.76,34.4552286678,0.494,3823
16.0,0.997367799282,0.000259909546003,1513.16775848,0.0041426926,4.76,34.4552286678,0.494,3823
16.0,0.997602701187,0.000259896944044,1513.22905993,0.0041426926,4.76,34.4552286678,0.494,3823
16.0,0.997285187244,0.000259949447354,1513.29036138,0.0041426926,4.76,34.4552286678,0.494,3823
16.0,0.997268080711,0.000259885855485,1513.35166284,0.0041426926,4.76,34.4552286678,0.494,3823
16.0,0.997444152832,0.000259964144789,1513.4129644,0.0041426926,4.76,34.4552286678,0.494,3823
16.0,0.997048377991,0.000259896245552,1513.47426586,0.0041426926,4.76,34.4552286678,0.494,3823
16.0,0.997387468815,0.000259861757513,1513.53556733,0.0041426926,4.76,34.4552286678,0.494,3823
16.0,0.997031271458,0.000259830645518,1513.5968688,0.0041426926,4.76,34.4552286678,0.494,3823
16.0,0.996865808964,0.000259879976511,1513.67860409,0.0041426926,4.76,34.4552286678,0.494,3823
16.0,0.996560692787,0.000259822903899,1513.73990567,0.0041426926,4.76,34.4552286678,0.494,3823
16.0,0.996487915516,0.000259906053543,1513.80120715,0.0041426926,4.76,34.4552286678,0.494,3823
16.0,0.996622622013,0.000259897118667,1513.86250863,0.0041426926,4.76,34.4552286678,0.494,3823
16.0,0.996358692646,0.000259844731772,1513.92381011,0.0041426926,4.76,34.4552286678,0.494,3823
16.0,0.997022271156,0.000259899243247,1513.9851116,0.0041426926,4.76,34.4552286678,0.494,3823
16.0,0.99635207653,0.000259912369074,1514.04641309,0.0041426926,4.76,34.4552286678,0.494,3823
16.0,0.995715796947,0.000259823602391,1514.10771458,0.0041426926,4.76,34.4552286678,0.494,3823
16.0,0.996556639671,0.000259921915131,1514.16901608,0.0041426926,4.76,34.4552286678,0.494,3823
16.0,0.996403574944,0.000259836320765,1514.23031758,0.0041426926,4.76,34.4552286678,0.494,3823
16.0,0.996292829514,0.000259865104454,1514.29161908,0.0041426926,4.76,34.4552286678,0.494,3823
16.0,0.99603843689,0.000259786844254,1514.35292079,0.0041426926,4.76,34.4552286678,0.494,3823
16.0,0.995860934258,0.000259818509221,1514.41422229,0.0041426926,4.76,34.4552286678,0.494,3823
16.0,0.995777189732,0.000259784836089,1514.47552381,0.0041426926,4.76,34.4552286678,0.494,3823
16.0,0.996085524559,0.000259757391177,1514.53682532,0.0041426926,4.76,34.4552286678,0.494,3823
16.0,0.995674371719,0.000259751628619,1514.59812684,0.0041426926,4.76,34.4552286678,0.494,3823
16.0,0.995469391346,0.000259753986029,1514.65942836,0.0041426926,4.76,34.4552286678,0.494,3823
16.0,0.995563030243,0.000259723281488,1514.72072988,0.0041426926,4.76,34.4552286678,0.494,3823
16.0,0.995230972767,0.000259659835137,1514.78203141,0.0041426926,4.76,34.4552286678,0.494,3823
16.0,0.995178759098,0.000259622756857,1514.84333294,0.0041426926,4.76,34.4552286678,0.494,3823
16.0,0.995144367218,0.000259706721408,1514.90463457,0.0041426926,4.76,34.4552286678,0.494,3823
16.0,0.995357751846,0.000259722641204,1514.9659361,0.0041426926,4.76,34.4552286678,0.494,3823
16.0,0.995334684849,0.000259677966824,1515.02723764,0.0041426926,4.76,34.4552286678,0.494,3823
16.0,0.995141625404,0.0002597074199,1515.08853918,0.0041426926,4.76,34.4552286678,0.494,3823
16.0,0.995746135712,0.000259719789028,1515.14984073,0.0041426926,4.76,34.4552286678,0.494,3823
16.0,0.995031118393,0.000259627151536,1515.21114227,0.0041426926,4.76,34.4552286678,0.494,3823
16.0,0.995240449905,0.00025965939858,1515.27244392,0.0041426926,4.76,34.4552286678,0.494,3823
16.0,0.994401633739,0.000259553897195,1515.33374548,0.0041426926,4.76,34.4552286678,0.494,3823
16.0,0.995405137539,0.000259647582425,1515.39504693,0.0041426926,4.76,34.4552286678,0.494,3823
16.0,0.995158970356,0.000259708205704,1515.45634859,0.0041426926,4.76,34.4552286678,0.494,3823
16.0,0.995023548603,0.000259772961726,1515.51765025,0.0041426926,4.76,34.4552286678,0.494,3823
16.0,0.995240926743,0.000259635678958,1515.57895182,0.0041426926,4.76,34.4552286678,0.494,3823
16.0,0.994781672955,0.00025975657627,1515.64025339,0.0041426926,4.76,34.4552286678,0.494,3823
16.0,0.995119273663,0.000259794469457,1515.70155496,0.0041426926,4.76,34.4552286678,0.494,3823
16.0,0.994594871998,0.000259797292529,1515.76285653,0.0041426926,4.76,34.4552286678,0.494,3823
16.0,0.99513399601,0.000259821827058,1515.82415811,0.0041426926,4.76,34.4552286678,0.494,3823
16.0,0.995070278645,0.000259815511527,1515.88545969,0.0041426926,4.76,34.4552286678,0.494,3823
16.0,0.994680523872,0.00025974251912,1515.94676127,0.0041426926,4.76,34.4552286678,0.494,3823
16.0,0.994607508183,0.000259723135969,1516.00806296,0.0041426926,4.76,34.4552286678,0.494,3823
16.0,0.994352638721,0.00025973902666,1516.08979841,0.0041426926,4.76,34.4552286678,0.494,3823
16.0,0.994356274605,0.000259697902948,1516.1511,0.0041426926,4.76,34.4552286678,0.494,3823
16.0,0.994482517242,0.000259766646195,1516.2124016,0.0041426926,4.76,34.4552286678,0.494,3823
16.0,0.994624614716,0.000259763648501,1516.27370319,0.0041426926,4.76,34.4552286678,0.494,3823
16.0,0.994580805302,0.000259795837337,1516.3350048,0.0041426926,4.76,34.4552286678,0.494,3823
16.0,0.994230210781,0.000259753753198,1516.3963065,0.0041426926,4.76,34.4552286678,0.494,3823
16.0,0.994504749775,0.000259773485595,1516.45760811,0.0041426926,4.76,34.4552286678,0.494,3823
16.0,0.994445323944,0.000259724416537,1516.51890972,0.0041426926,4.76,34.4552286678,0.494,3823
16.0,0.99449878931,0.000259792315774,1516.58021133,0.0041426926,4.76,34.4552286678,0.494,3823
16.0,0.994222521782,0.000259735563304,1516.66194682,0.0041426926,4.76,34.4552286678,0.494,3823
16.0,0.993877530098,0.000259691529209,1516.72324844,0.0041426926,4.76,34.4552286678,0.494,3823
16.0,0.993772387505,0.000259707885562,1516.78455016,0.0041426926,4.76,34.4552286678,0.494,3823
16.0,0.993745863438,0.000259650987573,1516.84585179,0.0041426926,4.76,34.4552286678,0.494,3823
16.0,0.994178891182,0.000259744352661,1516.90715342,0.0041426926,4.76,34.4552286678,0.494,3823
16.0,0.993905484676,0.00025972496951,1516.96845505,0.0041426926,4.76,34.4552286678,0.494,3823
16.0,0.99419182539,0.000259715103311,1517.02975668,0.0041426926,4.76,34.4552286678,0.494,3823
16.0,0.994191348553,0.000259737949818,1517.09105832,0.0041426926,4.76,34.4552286678,0.494,3823
16.0,0.993701398373,0.000259658496361,1517.15236006,0.0041426926,4.76,34.4552286678,0.494,3823
16.0,0.993900239468,0.000259657768765,1517.21366171,0.0041426926,4.76,34.4552286678,0.494,3823
16.0,0.993523895741,0.000259614927927,1517.27496335,0.0041426926,4.76,34.4552286678,0.494,3823
16.0,0.993672668934,0.000259628024651,1517.336265,0.0041426926,4.76,34.4552286678,0.494,3823
16.0,0.993716478348,0.000259607040789,1517.39756675,0.0041426926,4.76,34.4552286678,0.494,3823
16.0,0.993834197521,0.000259608845226,1517.45886841,0.0041426926,4.76,34.4552286678,0.494,3823
16.0,0.993817806244,0.000259635940893,1517.52017007,0.0041426926,4.76,34.4552286678,0.494,3823
16.0,0.993529438972,0.000259569467744,1517.58147173,0.0041426926,4.76,34.4552286678,0.494,3823
16.0,0.993531882763,0.000259586871834,1517.64277339,0.0041426926,4.76,34.4552286678,0.494,3823
16.0,0.993658304214,0.000259599793935,1517.70407506,0.0041426926,4.76,34.4552286678,0.494,3823
16.0,0.993968248367,0.000259533029748,1517.76537673,0.0041426926,4.76,34.4552286678,0.494,3823
16.0,0.993333280087,0.000259544467553,1517.8266784,0.0041426926,4.76,34.4552286678,0.494,3823
16.0,0.993696630001,0.000259553577052,1517.88798018,0.0041426926,4.76,34.4552286678,0.494,3823
16.0,0.993617355824,0.00025958425249,1517.94928186,0.0041426926,4.76,34.4552286678,0.494,3823
16.0,0.993663728237,0.000259558175458,1518.01058354,0.0041426926,4.76,34.4552286678,0.494,3823
16.0,0.994298696518,0.00025960415951,1518.09231912,0.0041426926,4.76,34.4552286678,0.494,3823
16.0,0.993557751179,0.000259535328951,1518.15362081,0.0041426926,4.76,34.4552286678,0.494,3823
16.0,0.993743598461,0.000259522203123,1518.2149225,0.0041426926,4.76,34.4552286678,0.494,3823
16.0,0.993175685406,0.000259523134446,1518.27622429,0.0041426926,4.76,34.4552286678,0.494,3823
16.0,0.992670893669,0.000259419553913,1518.33752599,0.0041426926,4.76,34.4552286678,0.494,3823
16.0,0.993558585644,0.000259525259025,1518.39882769,0.0041426926,4.76,34.4552286678,0.494,3823
16.0,0.993526935577,0.000259488850133,1518.46012939,0.0041426926,4.76,34.4552286678,0.494,3823
16.0,0.993479609489,0.00025947636459,1518.5214312,0.0041426926,4.76,34.4552286678,0.494,3823
16.0,0.993459045887,0.000259484630078,1518.58273291,0.0041426926,4.76,34.4552286678,0.494,3823
16.0,0.993739485741,0.000259529595496,1518.64403452,0.0041426926,4.76,34.4552286678,0.494,3823
16.0,0.993576288223,0.000259506836301,1518.70533624,0.0041426926,4.76,34.4552286678,0.494,3823
16.0,0.993567705154,0.000259440130321,1518.78707196,0.0041426926,4.76,34.4552286678,0.494,3823
16.0,0.993541836739,0.000259499152889,1518.84837368,0.0041426926,4.76,34.4552286678,0.494,3823
16.0,0.993745684624,0.000259499211097,1518.9096754,0.0041426926,4.76,34.4552286678,0.494,3823
16.0,0.993466258049,0.000259480031673,1518.97097713,0.0041426926,4.76,34.4552286678,0.494,3823
16.0,0.993907272816,0.000259539840044,1519.03227896,0.0041426926,4.76,34.4552286678,0.494,3823
16.0,0.993484079838,0.000259497726802,1519.0935807,0.0041426926,4.76,34.4552286678,0.494,3823
16.0,0.994085848331,0.000259559630649,1519.15488243,0.0041426926,4.76,34.4552286678,0.494,3823
16.0,0.993666112423,0.000259486230789,1519.21618417,0.0041426926,4.76,34.4552286678,0.494,3823
16.0,0.993801891804,0.00025951070711,1519.27748601,0.0041426926,4.76,34.4552286678,0.494,3823
16.0,0.993859648705,0.0002594931575,1519.33878776,0.0041426926,4.76,34.4552286678,0.494,3823
16.0,0.993971168995,0.000259448890574,1519.4000895,0.0041426926,4.76,34.4552286678,0.494,3823
16.0,0.993881523609,0.000259517983068,1519.46139125,0.0041426926,4.76,34.4552286678,0.494,3823
16.0,0.994405448437,0.000259574822849,1519.52269301,0.0041426926,4.76,34.4552286678,0.494,3823
16.0,0.994545340538,0.000259496708168,1519.58399476,0.0041426926,4.76,34.4552286678,0.494,3823
16.0,0.994190394878,0.000259534572251,1519.66573054,0.0041426926,4.76,34.4552286678,0.494,3823
16.0,0.994424819946,0.000259520165855,1519.72703231,0.0041426926,4.76,34.4552286678,0.494,3823
16.0,0.99409276247,0.000259494496277,1519.78833407,0.0041426926,4.76,34.4552286678,0.494,3823
16.0,0.995276868343,0.000259583641309,1519.84963584,0.0041426926,4.76,34.4552286678,0.494,3823
16.0,0.994568347931,0.000259515247308,1519.91093761,0.0041426926,4.76,34.4552286678,0.494,3823
16.0,0.994169652462,0.000259293039562,1519.97223939,0.0041426926,4.76,34.4552286678,0.494,3823
16.0,0.994462013245,0.00025935357553,1520.05397519,0.0041426926,4.76,34.4552286678,0.494,3823
16.0,0.994613170624,0.000259361317148,1520.11527697,0.0041426926,4.76,34.4552286678,0.494,3823
16.0,0.994906246662,0.00025938503677,1520.17657876,0.0041426926,4.76,34.4552286678,0.494,3823
16.0,0.994667887688,0.000259360735072,1520.23788054,0.0041426926,4.76,34.4552286678,0.494,3823
16.0,0.994544863701,0.000259277847363,1520.29918233,0.0041426926,4.76,34.4552286678,0.494,3823
16.0,0.994698405266,0.000259337655734,1520.36048412,0.0041426926,4.76,34.4552286678,0.494,3823
16.0,0.994172334671,0.000259329070104,1520.42178592,0.0041426926,4.76,34.4552286678,0.494,3823
16.0,0.994524359703,0.000259324675426,1520.48308772,0.0041426926,4.76,34.4552286678,0.494,3823
16.0,0.994969904423,0.000259343825746,1520.54438962,0.0041426926,4.76,34.4552286678,0.494,3823
16.0,0.995327532291,0.0002593510726,1520.60569142,0.0041426926,4.76,34.4552286678,0.494,3823
16.0,0.994705855846,0.000259313237621,1520.66699323,0.0041426926,4.76,34.4552286678,0.494,3823
16.0,0.994944751263,0.00025932767312,1520.72829504,0.0041426926,4.76,34.4552286678,0.494,3823
16.0,0.995423555374,0.000259351800196,1520.78959685,0.0041426926,4.76,34.4552286678,0.494,3823
16.0,0.995400488377,0.00025936451857,1520.85089867,0.0041426926,4.76,34.4552286678,0.494,3823
16.0,0.995111465454,0.000259364431258,1520.91220059,0.0041426926,4.76,34.4552286678,0.494,3823
16.0,0.995714366436,0.000259401247604,1520.97350241,0.0041426926,4.76,34.4552286678,0.494,3823
16.0,0.995438992977,0.000259388063569,1521.03480423,0.0041426926,4.76,34.4552286678,0.494,3823
16.0,0.995935857296,0.000259426160483,1521.09610616,0.0041426926,4.76,34.4552286678,0.494,3823
16.0,0.995442867279,0.000259334163275,1521.15740799,0.0041426926,4.76,34.4552286678,0.494,3823
16.0,0.995466887951,0.000259323685896,1521.21870982,0.0041426926,4.76,34.4552286678,0.494,3823
16.0,0.995188474655,0.000259299617028,1521.28001166,0.0041426926,4.76,34.4552286678,0.494,3823
16.0,0.995631575584,0.000259355787421,1521.3413135,0.0041426926,4.76,34.4552286678,0.494,3823
16.0,0.996073544025,0.000259408843704,1521.40261534,0.0041426926,4.76,34.4552286678,0.494,3823
16.0,0.995723843575,0.000259404099779,1521.46391718,0.0041426926,4.76,34.4552286678,0.494,3823
16.0,0.996332943439,0.000259405351244,1521.52521903,0.0041426926,4.76,34.4552286678,0.494,3823
16.0,0.996333122253,0.000259380263742,1521.58652088,0.0041426926,4.76,34.4552286678,0.494,3823
16.0,0.996136367321,0.000259405031102,1521.64782283,0.0041426926,4.76,34.4552286678,0.494,3823
16.0,0.99630355835,0.000259397755144,1521.70912479,0.0041426926,4.76,34.4552286678,0.494,3823
16.0,0.996230483055,0.000259404012468,1521.77042654,0.0041426926,4.76,34.4552286678,0.494,3823
16.0,0.996830403805,0.000259436987108,1521.8317284,0.0041426926,4.76,34.4552286678,0.494,3823
16.0,0.996652722359,0.000259441585513,1521.89303027,0.0041426926,4.76,34.4552286678,0.494,3823
16.0,0.996684491634,0.00025943593937,1521.95433213,0.0041426926,4.76,34.4552286678,0.494,3823
16.0,0.996983587742,0.000259446736891,1522.015634,0.0041426926,4.76,34.4552286678,0.494,3823
16.0,0.996683239937,0.000259390420979,1522.07693598,0.0041426926,4.76,34.4552286678,0.494,3823
16.0,0.997227311134,0.000259452324826,1522.13823785,0.0041426926,4.76,34.4552286678,0.494,3823
16.0,0.996711969376,0.000259385880781,1522.19953983,0.0041426926,4.76,34.4552286678,0.494,3823
16.0,0.996858537197,0.000259392458247,1522.26084171,0.0041426926,4.76,34.4552286678,0.494,3823
16.0,0.997112452984,0.000259407534031,1522.32214359,0.0041426926,4.76,34.4552286678,0.494,3823
16.0,0.99709290266,0.000259402091615,1522.38344548,0.0041426926,4.76,34.4552286678,0.494,3823
16.0,0.997255802155,0.00025944589288,1522.44474737,0.0041426926,4.76,34.4552286678,0.494,3823
16.0,0.997105240822,0.000259397027548,1522.50604926,0.0041426926,4.76,34.4552286678,0.494,3823
16.0,0.997847139835,0.000259455671767,1522.56735116,0.0041426926,4.76,34.4552286678,0.494,3823
16.0,0.99803841114,0.000259465159616,1522.64908712,0.0041426926,4.76,34.4552286678,0.494,3823
16.0,0.998092293739,0.000259489257587,1522.71038902,0.0041426926,4.76,34.4552286678,0.494,3823
16.0,0.997789442539,0.000259468622971,1522.77169093,0.0041426926,4.76,34.4552286678,0.494,3823
16.0,0.997661650181,0.000259425491095,1522.83299283,0.0041426926,4.76,34.4552286678,0.494,3823
16.0,0.997967481613,0.000259466294665,1522.89429474,0.0041426926,4.76,34.4552286678,0.494,3823
16.0,0.99838322401,0.000259487278527,1522.95559666,0.0041426926,4.76,34.4552286678,0.494,3823
16.0,0.998125553131,0.000259308289969,1523.01689857,0.0041426926,4.76,34.4552286678,0.494,3823
16.0,0.997938036919,0.000259375636233,1523.07820049,0.0041426926,4.76,34.4552286678,0.494,3823
16.0,0.99844866991,0.000259449967416,1523.13950251,0.0041426926,4.76,34.4552286678,0.494,3823
16.0,0.99849319458,0.0002594080579,1523.20080444,0.0041426926,4.76,34.4552286678,0.494,3823
16.0,0.99854773283,0.000259461143287,1523.26210636,0.0041426926,4.76,34.4552286678,0.494,3823
16.0,0.998601853848,0.000259446969721,1523.32340829,0.0041426926,4.76,34.4552286678,0.494,3823
16.0,0.998948156834,0.000259490916505,1523.38471023,0.0041426926,4.76,34.4552286678,0.494,3823
16.0,0.998974382877,0.000259457912762,1523.44601226,0.0041426926,4.76,34.4552286678,0.494,3823
16.0,0.998861730099,0.000259477761574,1523.5073142,0.0041426926,4.76,34.4552286678,0.494,3823
16.0,0.998536348343,0.000259447173448,1523.56861614,0.0041426926,4.76,34.4552286678,0.494,3823
16.0,0.9988951087,0.000259473483311,1523.62991808,0.0041426926,4.76,34.4552286678,0.494,3823
16.0,0.999308168888,0.000259507272858,1523.69122003,0.0041426926,4.76,34.4552286678,0.494,3823
16.0,0.999198079109,0.000259455555351,1523.75252208,0.0041426926,4.76,34.4552286678,0.494,3823
16.0,1.00000417233,0.000259554915829,1523.81382403,0.0041426926,4.76,34.4552286678,0.494,3823
16.0,0.999684989452,0.000259496242506,1523.87512599,0.0041426926,4.76,34.4552286678,0.494,3823
16.0,0.999953091145,0.000259519380052,1523.93642794,0.0041426926,4.76,34.4552286678,0.494,3823
16.0,0.999562382698,0.000259494845523,1523.9977299,0.0041426926,4.76,34.4552286678,0.494,3823
16.0,1.00017130375,0.000259531661868,1524.05903187,0.0041426926,4.76,34.4552286678,0.494,3823
16.0,1.00013959408,0.000259558932157,1524.12033383,0.0041426926,4.76,34.4552286678,0.494,3823
16.0,0.999959051609,0.00025950424606,1524.1816358,0.0041426926,4.76,34.4552286678,0.494,3823
16.0,1.00025570393,0.000259520631516,1524.24293777,0.0041426926,4.76,34.4552286678,0.494,3823
16.0,1.00020289421,0.00025954580633,1524.30423985,0.0041426926,4.76,34.4552286678,0.494,3823
16.0,1.00009679794,0.000259537249804,1524.36554182,0.0041426926,4.76,34.4552286678,0.494,3823
16.0,1.0007045269,0.000259566731984,1524.4268438,0.0041426926,4.76,34.4552286678,0.494,3823
16.0,1.00032138824,0.000259519380052,1524.48814579,0.0041426926,4.76,34.4552286678,0.494,3823
16.0,1.00032174587,0.000259540305706,1524.54944777,0.0041426926,4.76,34.4552286678,0.494,3823
16.0,1.00044262409,0.000259494408965,1524.61074986,0.0041426926,4.76,34.4552286678,0.494,3823
16.0,1.00078713894,0.000259556254605,1524.67205185,0.0041426926,4.76,34.4552286678,0.494,3823
16.0,1.00095665455,0.000259554333752,1524.73335384,0.0041426926,4.76,34.4552286678,0.494,3823
16.0,1.00048446655,0.000259474967606,1524.79465584,0.0041426926,4.76,34.4552286678,0.494,3823
16.0,1.00034737587,0.00025948669645,1524.85595794,0.0041426926,4.76,34.4552286678,0.494,3823
16.0,1.00106477737,0.000259555148659,1524.91725994,0.0041426926,4.76,34.4552286678,0.494,3823
16.0,1.00505697727,0.000258339772699,1526.14330085,0.0041426926,4.76,34.4552286678,0.494,3823
16.0,1.0051022768,0.000258301210124,1526.20460291,0.0041426926,4.76,34.4552286678,0.494,3823
16.0,1.00524258614,0.000258371816017,1526.26590497,0.0041426926,4.76,34.4552286678,0.494,3823
16.0,1.00480151176,0.000258327490883,1526.34764106,0.0041426926,4.76,34.4552286678,0.494,3823
16.0,1.00531101227,0.000258506828686,1526.40894323,0.0041426926,4.76,34.4552286678,0.494,3823
16.0,1.00525021553,0.000258642452536,1526.4702453,0.0041426926,4.76,34.4552286678,0.494,3823
16.0,1.00520300865,0.0002589521755,1526.5519814,0.0041426926,4.76,34.4552286678,0.494,3823
16.0,1.00489032269,0.000258922023932,1526.61328348,0.0041426926,4.76,34.4552286678,0.494,3823
16.0,1.00490427017,0.000258977874182,1526.67458556,0.0041426926,4.76,34.4552286678,0.494,3823
16.0,1.00451755524,0.000259015650954,1526.73588764,0.0041426926,4.76,34.4552286678,0.494,3823
16.0,1.00485992432,0.000259157124674,1526.79718973,0.0041426926,4.76,34.4552286678,0.494,3823
16.0,1.00471544266,0.000259211577941,1526.85849191,0.0041426926,4.76,34.4552286678,0.494,3823
16.0,1.0045273304,0.000259284774074,1526.919794,0.0041426926,4.76,34.4552286678,0.494,3823
16.0,1.00495839119,0.000259333930444,1526.9810961,0.0041426926,4.76,34.4552286678,0.494,3823
16.0,1.00515115261,0.000259458058281,1527.04239819,0.0041426926,4.76,34.4552286678,0.494,3823
16.0,1.00444245338,0.000259438587818,1527.10370029,0.0041426926,4.76,34.4552286678,0.494,3823
16.0,1.00519895554,0.00025955613819,1527.1650024,0.0041426926,4.76,34.4552286678,0.494,3823
16.0,1.00459051132,0.000259485532297,1527.2263045,0.0041426926,4.76,34.4552286678,0.494,3823
16.0,1.00528860092,0.00025957429898,1527.28760661,0.0041426926,4.76,34.4552286678,0.494,3823
16.0,1.00501692295,0.000259620399447,1527.34890872,0.0041426926,4.76,34.4552286678,0.494,3823
16.0,1.00469565392,0.000259548251051,1527.41021083,0.0041426926,4.76,34.4552286678,0.494,3823
16.0,1.00486528873,0.000259563239524,1527.47151314,0.0041426926,4.76,34.4552286678,0.494,3823
16.0,1.0053743124,0.000259617139818,1527.53281525,0.0041426926,4.76,34.4552286678,0.494,3823
16.0,1.00557124615,0.000259727123193,1527.59411727,0.0041426926,4.76,34.4552286678,0.494,3823
16.0,1.00485420227,0.000259566877503,1527.6554195,0.0041426926,4.76,34.4552286678,0.494,3823
16.0,1.00517117977,0.000259682303295,1527.71672162,0.0041426926,4.76,34.4552286678,0.494,3823
16.0,1.00489223003,0.000259625347098,1527.77802375,0.0041426926,4.76,34.4552286678,0.494,3823
16.0,1.00497961044,0.000259648513747,1527.83932588,0.0041426926,4.76,34.4552286678,0.494,3823
16.0,1.00537180901,0.000259669235675,1527.90062802,0.0041426926,4.76,34.4552286678,0.494,3823
16.0,1.00527703762,0.000259616790572,1527.9823643,0.0041426926,4.76,34.4552286678,0.494,3823
16.0,1.00550675392,0.000259690219536,1528.04366644,0.0041426926,4.76,34.4552286678,0.494,3823
16.0,1.0049932003,0.000259607593762,1528.10496858,0.0041426926,4.76,34.4552286678,0.494,3823
16.0,1.00616681576,0.000259830703726,1528.16627073,0.0041426926,4.76,34.4552286678,0.494,3823
16.0,1.00531423092,0.00025979115162,1528.22757288,0.0041426926,4.76,34.4552286678,0.494,3823
16.0,1.00533521175,0.000259749271208,1528.28887503,0.0041426926,4.76,34.4552286678,0.494,3823
16.0,1.00543546677,0.00025982040097,1528.35017718,0.0041426926,4.76,34.4552286678,0.494,3823
16.0,1.00579416752,0.000259845488472,1528.41147944,0.0041426926,4.76,34.4552286678,0.494,3823
16.0,1.00533330441,0.00025984129752,1528.4727816,0.0041426926,4.76,34.4552286678,0.494,3823
16.0,1.00567007065,0.000259834632743,1528.53408376,0.0041426926,4.76,34.4552286678,0.494,3823
16.0,1.00586211681,0.000259853492025,1528.59538592,0.0041426926,4.76,34.4552286678,0.494,3823
16.0,1.0057734251,0.000259846186964,1528.65668809,0.0041426926,4.76,34.4552286678,0.494,3823
16.0,1.00594615936,0.00025981978979,1528.71799026,0.0041426926,4.76,34.4552286678,0.494,3823
16.0,1.00594747066,0.000259848107817,1528.77929243,0.0041426926,4.76,34.4552286678,0.494,3823
16.0,1.00593209267,0.000259878259385,1528.84059471,0.0041426926,4.76,34.4552286678,0.494,3823
16.0,1.00579178333,0.000259818392806,1528.90189688,0.0041426926,4.76,34.4552286678,0.494,3823
16.0,1.0058619976,0.000259852939053,1528.96319896,0.0041426926,4.76,34.4552286678,0.494,3823
16.0,1.0063958168,0.000259878492216,1529.02450135,0.0041426926,4.76,34.4552286678,0.494,3823
16.0,1.00612521172,0.000259832944721,1529.08580353,0.0041426926,4.76,34.4552286678,0.494,3823
16.0,1.00632274151,0.000259855762124,1529.14710572,0.0041426926,4.76,34.4552286678,0.494,3823
16.0,1.0063726902,0.000259800901404,1529.20840791,0.0041426926,4.76,34.4552286678,0.494,3823
16.0,1.00623905659,0.000259826832917,1529.2697101,0.0041426926,4.76,34.4552286678,0.494,3823
16.0,1.00627970695,0.000259827385889,1529.3310123,0.0041426926,4.76,34.4552286678,0.494,3823
16.0,1.00676941872,0.000259882945102,1529.3923145,0.0041426926,4.76,34.4552286678,0.494,3823
16.0,1.00572252274,0.000259775435552,1529.4536167,0.0041426926,4.76,34.4552286678,0.494,3823
16.0,1.00677669048,0.000259857508354,1529.5149189,0.0041426926,4.76,34.4552286678,0.494,3823
16.0,1.00682294369,0.000259879918303,1529.57622111,0.0041426926,4.76,34.4552286678,0.494,3823
16.0,1.00736153126,0.000259932683548,1529.63752342,0.0041426926,4.76,34.4552286678,0.494,3823
16.0,1.0064637661,0.000259828666458,1529.69882563,0.0041426926,4.76,34.4552286678,0.494,3823
16.0,1.00666499138,0.000259861059021,1529.76012784,0.0041426926,4.76,34.4552286678,0.494,3823
16.0,1.00708508492,0.000259864755208,1529.82143006,0.0041426926,4.76,34.4552286678,0.494,3823
16.0,1.00623607635,0.000259842403466,1529.88273228,0.0041426926,4.76,34.4552286678,0.494,3823
16.0,1.00633955002,0.000259823049419,1529.9440345,0.0041426926,4.76,34.4552286678,0.494,3823
16.0,1.00633001328,0.000259814463789,1530.00533683,0.0041426926,4.76,34.4552286678,0.494,3823
16.0,1.00616550446,0.000259818189079,1530.06663905,0.0041426926,4.76,34.4552286678,0.494,3823
16.0,1.00662302971,0.000259858119534,1530.12794128,0.0041426926,4.76,34.4552286678,0.494,3823
16.0,1.00705695152,0.000259900611127,1530.18924352,0.0041426926,4.76,34.4552286678,0.494,3823
16.0,1.00645923615,0.000259808381088,1530.25054585,0.0041426926,4.76,34.4552286678,0.494,3823
16.0,1.00687074661,0.000259873311734,1530.31184809,0.0041426926,4.76,34.4552286678,0.494,3823
16.0,1.00697910786,0.000259797554463,1530.37315033,0.0041426926,4.76,34.4552286678,0.494,3823
16.0,1.00638449192,0.000259824068053,1530.43445257,0.0041426926,4.76,34.4552286678,0.494,3823
16.0,1.00645506382,0.00025976789766,1530.49575482,0.0041426926,4.76,34.4552286678,0.494,3823
16.0,1.00734388828,0.000259865890257,1530.55705707,0.0041426926,4.76,34.4552286678,0.494,3823
16.0,1.00848460197,0.000260121654719,1530.61835932,0.0041426926,4.76,34.4552286678,0.494,3823
16.0,1.00713610649,0.000259808381088,1530.67966157,0.0041426926,4.76,34.4552286678,0.494,3823
16.0,1.00742340088,0.000259868480498,1530.74096383,0.0041426926,4.76,34.4552286678,0.494,3823
16.0,1.00665080547,0.000259829015704,1530.80226618,0.0041426926,4.76,34.4552286678,0.494,3823
16.0,1.00679624081,0.000259808293777,1530.86356845,0.0041426926,4.76,34.4552286678,0.494,3823
16.0,1.00689327717,0.0002598213905,1530.9453048,0.0041426926,4.76,34.4552286678,0.494,3823
16.0,1.0067923069,0.000259778345935,1531.00660706,0.0041426926,4.76,34.4552286678,0.494,3823
16.0,1.00733876228,0.000259789696429,1531.06790933,0.0041426926,4.76,34.4552286678,0.494,3823
16.0,1.00696516037,0.000259806867689,1531.12921161,0.0041426926,4.76,34.4552286678,0.494,3823
16.0,1.0077508688,0.000259858381469,1531.19051398,0.0041426926,4.76,34.4552286678,0.494,3823
16.0,1.00779891014,0.000259870983427,1531.25181626,0.0041426926,4.76,34.4552286678,0.494,3823
16.0,1.00676107407,0.000259782682406,1531.31311864,0.0041426926,4.76,34.4552286678,0.494,3823
16.0,1.0073223114,0.000259767839452,1531.37442092,0.0041426926,4.76,34.4552286678,0.494,3823
16.0,1.00719833374,0.000259731838014,1531.43572311,0.0041426926,4.76,34.4552286678,0.494,3823
16.0,1.00684654713,0.000259694847045,1531.49702539,0.0041426926,4.76,34.4552286678,0.494,3823
16.0,1.00751936436,0.000259821303189,1531.55832768,0.0041426926,4.76,34.4552286678,0.494,3823
16.0,1.0076161623,0.000259837543126,1531.61962998,0.0041426926,4.76,34.4552286678,0.494,3823
16.0,1.00747048855,0.000259669992374,1531.68093227,0.0041426926,4.76,34.4552286678,0.494,3823
16.0,1.007345438,0.000259718246525,1531.74223467,0.0041426926,4.76,34.4552286678,0.494,3823
16.0,1.00724029541,0.000259662920143,1531.80353707,0.0041426926,4.76,34.4552286678,0.494,3823
16.0,1.00763094425,0.000259685853962,1531.86483937,0.0041426926,4.76,34.4552286678,0.494,3823
16.0,1.00767970085,0.000259655382251,1531.92614168,0.0041426926,4.76,34.4552286678,0.494,3823
16.0,1.00770747662,0.000259681808529,1531.98744399,0.0041426926,4.76,34.4552286678,0.494,3823
16.0,1.00773143768,0.000259675318375,1532.0487463,0.0041426926,4.76,34.4552286678,0.494,3823
16.0,1.00730168819,0.000259631051449,1532.11004861,0.0041426926,4.76,34.4552286678,0.494,3823
16.0,1.00818133354,0.00025970407296,1532.17135093,0.0041426926,4.76,34.4552286678,0.494,3823
16.0,1.00783026218,0.000259653636022,1532.23265325,0.0041426926,4.76,34.4552286678,0.494,3823
16.0,1.00734746456,0.000259589200141,1532.29395557,0.0041426926,4.76,34.4552286678,0.494,3823
16.0,1.00771987438,0.000259629043285,1532.35525799,0.0041426926,4.76,34.4552286678,0.494,3823
16.0,1.00786459446,0.000259631953668,1532.41656032,0.0041426926,4.76,34.4552286678,0.494,3823
16.0,1.00785923004,0.000259622989688,1532.47786264,0.0041426926,4.76,34.4552286678,0.494,3823
16.0,1.00791180134,0.000259652006207,1532.53916507,0.0041426926,4.76,34.4552286678,0.494,3823
16.0,1.00762403011,0.000259608321358,1532.60046741,0.0041426926,4.76,34.4552286678,0.494,3823
16.0,1.00769352913,0.000259615160758,1532.66176974,0.0041426926,4.76,34.4552286678,0.494,3823
16.0,1.00727283955,0.000259544176515,1532.72307208,0.0041426926,4.76,34.4552286678,0.494,3823
16.0,1.00782573223,0.00025956632453,1532.78437442,0.0041426926,4.76,34.4552286678,0.494,3823
16.0,1.00711715221,0.000259534310317,1532.86611088,0.0041426926,4.76,34.4552286678,0.494,3823
16.0,1.00783193111,0.000259595224634,1532.92741323,0.0041426926,4.76,34.4552286678,0.494,3823
16.0,1.0077548027,0.000259533466306,1532.98871558,0.0041426926,4.76,34.4552286678,0.494,3823
16.0,1.00775229931,0.000259595457464,1533.05001803,0.0041426926,4.76,34.4552286678,0.494,3823
16.0,1.007563591,0.000259573018411,1533.11132039,0.0041426926,4.76,34.4552286678,0.494,3823
16.0,1.00769364834,0.000259562948486,1533.17262274,0.0041426926,4.76,34.4552286678,0.494,3823
16.0,1.00738787651,0.000259527063463,1533.2339251,0.0041426926,4.76,34.4552286678,0.494,3823
16.0,1.007594347,0.000259556283709,1533.29522746,0.0041426926,4.76,34.4552286678,0.494,3823
16.0,1.00744056702,0.000259535299847,1533.35652993,0.0041426926,4.76,34.4552286678,0.494,3823
16.0,1.00733339787,0.000259537948295,1533.4178323,0.0041426926,4.76,34.4552286678,0.494,3823
16.0,1.00769484043,0.000259574619122,1533.47913467,0.0041426926,4.76,34.4552286678,0.494,3823
16.0,1.00745522976,0.000259537948295,1533.54043704,0.0041426926,4.76,34.4552286678,0.494,3823
16.0,1.00724160671,0.000259544729488,1533.60173941,0.0041426926,4.76,34.4552286678,0.494,3823
16.0,1.00750720501,0.000259568972979,1533.68347592,0.0041426926,4.76,34.4552286678,0.494,3823
16.0,1.00744783878,0.000259526452282,1533.7447784,0.0041426926,4.76,34.4552286678,0.494,3823
16.0,1.00732958317,0.000259478925727,1533.80608078,0.0041426926,4.76,34.4552286678,0.494,3823
16.0,1.00726914406,0.000259502325207,1533.86738316,0.0041426926,4.76,34.4552286678,0.494,3823
16.0,1.00785171986,0.000259517080849,1533.94911968,0.0041426926,4.76,34.4552286678,0.494,3823
16.0,1.00713002682,0.000259456777712,1534.01042207,0.0041426926,4.76,34.4552286678,0.494,3823
16.0,1.00705313683,0.000259448890574,1534.07172447,0.0041426926,4.76,34.4552286678,0.494,3823
16.0,1.0078690052,0.000259527150774,1534.13302696,0.0041426926,4.76,34.4552286678,0.494,3823
16.0,1.00781142712,0.000259509863099,1534.19432936,0.0041426926,4.76,34.4552286678,0.494,3823
16.0,1.00773274899,0.000259505672147,1534.25563176,0.0041426926,4.76,34.4552286678,0.494,3823
16.0,1.00754022598,0.000259472726611,1534.31693417,0.0041426926,4.76,34.4552286678,0.494,3823
16.0,1.0077855587,0.000259475229541,1534.37823657,0.0041426926,4.76,34.4552286678,0.494,3823
16.0,1.00759768486,0.000259467691649,1534.45997312,0.0041426926,4.76,34.4552286678,0.494,3823
16.0,1.00787580013,0.000259484426351,1534.52127563,0.0041426926,4.76,34.4552286678,0.494,3823
16.0,1.00752305984,0.000259435037151,1534.58257804,0.0041426926,4.76,34.4552286678,0.494,3823
16.0,1.00737249851,0.000259426771663,1534.64388046,0.0041426926,4.76,34.4552286678,0.494,3823
16.0,1.00745081902,0.000259453518083,1534.70518288,0.0041426926,4.76,34.4552286678,0.494,3823
16.0,1.007776618,0.000259447348071,1534.7664853,0.0041426926,4.76,34.4552286678,0.494,3823
16.0,1.00762224197,0.000259439606452,1534.82778773,0.0041426926,4.76,34.4552286678,0.494,3823
16.0,1.00813126564,0.000259487627773,1534.88909015,0.0041426926,4.76,34.4552286678,0.494,3823
16.0,1.00753366947,0.000259420019574,1534.95039258,0.0041426926,4.76,34.4552286678,0.494,3823
16.0,1.00744795799,0.000259409280261,1535.01169501,0.0041426926,4.76,34.4552286678,0.494,3823
16.0,1.00681352615,0.000259357126197,1535.07299765,0.0041426926,4.76,34.4552286678,0.494,3823
16.0,1.00672614574,0.000259308493696,1535.13430008,0.0041426926,4.76,34.4552286678,0.494,3823
16.0,1.00730001926,0.000259332591668,1535.19560252,0.0041426926,4.76,34.4552286678,0.494,3823
16.0,1.00778675079,0.000259403546806,1535.25690496,0.0041426926,4.76,34.4552286678,0.494,3823
16.0,1.00743925571,0.000259356980678,1535.31820731,0.0041426926,4.76,34.4552286678,0.494,3823
16.0,1.00755023956,0.000259359774645,1535.37950975,0.0041426926,4.76,34.4552286678,0.494,3823
16.0,1.00710999966,0.000259338674368,1535.4408123,0.0041426926,4.76,34.4552286678,0.494,3823
16.0,1.00739169121,0.00025929993717,1535.50211475,0.0041426926,4.76,34.4552286678,0.494,3823
16.0,1.00734937191,0.000259304564679,1535.56341721,0.0041426926,4.76,34.4552286678,0.494,3823
16.0,1.0076738596,0.000259306456428,1535.62471966,0.0041426926,4.76,34.4552286678,0.494,3823
16.0,1.00738763809,0.000259283202467,1535.68602222,0.0041426926,4.76,34.4552286678,0.494,3823
16.0,1.00774145126,0.000259339576587,1535.74732468,0.0041426926,4.76,34.4552286678,0.494,3823
16.0,1.00759553909,0.000259374181041,1535.80862714,0.0041426926,4.76,34.4552286678,0.494,3823
16.0,1.00783491135,0.000259379827185,1535.86992961,0.0041426926,4.76,34.4552286678,0.494,3823
16.0,1.00715172291,0.000259293941781,1535.93123208,0.0041426926,4.76,34.4552286678,0.494,3823
16.0,1.00796914101,0.000259352847934,1535.99253455,0.0041426926,4.76,34.4552286678,0.494,3823
16.0,1.00758957863,0.000259302702034,1536.05383702,0.0041426926,4.76,34.4552286678,0.494,3823
16.0,1.00745785236,0.000259303458733,1536.1151395,0.0041426926,4.76,34.4552286678,0.494,3823
16.0,1.00723528862,0.0002592735691,1536.17644197,0.0041426926,4.76,34.4552286678,0.494,3823
16.0,1.00768697262,0.000259336840827,1536.23774465,0.0041426926,4.76,34.4552286678,0.494,3823
16.0,1.00753057003,0.000259315624135,1536.29904714,0.0041426926,4.76,34.4552286678,0.494,3823
16.0,1.00744903088,0.000259259599261,1536.36034962,0.0041426926,4.76,34.4552286678,0.494,3823
16.0,1.00715863705,0.000259229826042,1536.42165211,0.0041426926,4.76,34.4552286678,0.494,3823
16.0,1.00756883621,0.000259279768215,1536.4829546,0.0041426926,4.76,34.4552286678,0.494,3823
16.0,1.00735664368,0.000259238819126,1536.54425709,0.0041426926,4.76,34.4552286678,0.494,3823
16.0,1.00769162178,0.000259246997302,1536.60555958,0.0041426926,4.76,34.4552286678,0.494,3823
16.0,1.00790262222,0.000259251857642,1536.66686208,0.0041426926,4.76,34.4552286678,0.494,3823
16.0,1.00735485554,0.000259223161265,1536.72816458,0.0041426926,4.76,34.4552286678,0.494,3823
16.0,1.00731015205,0.000259162130533,1536.78946708,0.0041426926,4.76,34.4552286678,0.494,3823
16.0,1.00732076168,0.000259224820184,1536.85076969,0.0041426926,4.76,34.4552286678,0.494,3823
16.0,1.00789630413,0.00025923535577,1536.93250636,0.0041426926,4.76,34.4552286678,0.494,3823
16.0,1.00752615929,0.000259218853898,1536.99380887,0.0041426926,4.76,34.4552286678,0.494,3823
16.0,1.00668144226,0.000259120948613,1537.05511138,0.0041426926,4.76,34.4552286678,0.494,3823
16.0,1.00719285011,0.00025918110623,1537.1164139,0.0041426926,4.76,34.4552286678,0.494,3823
16.0,1.00776004791,0.00025917676976,1537.17771641,0.0041426926,4.76,34.4552286678,0.494,3823
16.0,1.0072170496,0.000259161315626,1537.23901903,0.0041426926,4.76,34.4552286678,0.494,3823
16.0,1.00713801384,0.000259166699834,1537.30032155,0.0041426926,4.76,34.4552286678,0.494,3823
16.0,1.00739324093,0.000259145337623,1537.36162408,0.0041426926,4.76,34.4552286678,0.494,3823
16.0,1.00761377811,0.000259156367974,1537.4229266,0.0041426926,4.76,34.4552286678,0.494,3823
16.0,1.00781846046,0.000259206164628,1537.48422913,0.0041426926,4.76,34.4552286678,0.494,3823
16.0,1.00772953033,0.000259156920947,1537.54553166,0.0041426926,4.76,34.4552286678,0.494,3823
16.0,1.00690639019,0.000259089050815,1537.6068342,0.0041426926,4.76,34.4552286678,0.494,3823
16.0,1.00720107555,0.000259083812125,1537.66813673,0.0041426926,4.76,34.4552286678,0.494,3823
16.0,1.00719547272,0.000259120191913,1537.72943927,0.0041426926,4.76,34.4552286678,0.494,3823
16.0,1.00743687153,0.000259124382865,1537.79074201,0.0041426926,4.76,34.4552286678,0.494,3823
16.0,1.00716722012,0.000259062013356,1537.85204455,0.0041426926,4.76,34.4552286678,0.494,3823
16.0,1.00699234009,0.000259049760643,1537.913347,0.0041426926,4.76,34.4552286678,0.494,3823
16.0,1.00713932514,0.000259059976088,1537.97464955,0.0041426926,4.76,34.4552286678,0.494,3823
16.0,1.00716292858,0.000259069027379,1538.0359522,0.0041426926,4.76,34.4552286678,0.494,3823
16.0,1.00714492798,0.000259059423115,1538.09725475,0.0041426926,4.76,34.4552286678,0.494,3823
16.0,1.00766968727,0.000259061373072,1538.1585573,0.0041426926,4.76,34.4552286678,0.494,3823
16.0,1.00704491138,0.000259011256276,1538.21985986,0.0041426926,4.76,34.4552286678,0.494,3823
16.0,1.00752437115,0.000259033986367,1538.28116242,0.0041426926,4.76,34.4552286678,0.494,3823
16.0,1.00707840919,0.000259001302766,1538.34246508,0.0041426926,4.76,34.4552286678,0.494,3823
16.0,1.00681126118,0.000258971675066,1538.40376764,0.0041426926,4.76,34.4552286678,0.494,3823
16.0,1.00687003136,0.000258970278082,1538.46507021,0.0041426926,4.76,34.4552286678,0.494,3823
16.0,1.00698757172,0.000259000633378,1538.52637278,0.0041426926,4.76,34.4552286678,0.494,3823
16.0,1.00690245628,0.000258958898485,1538.58767535,0.0041426926,4.76,34.4552286678,0.494,3823
16.0,1.00723850727,0.000259012100287,1538.64897792,0.0041426926,4.76,34.4552286678,0.494,3823
16.0,1.00661444664,0.000258948974079,1538.7102805,0.0041426926,4.76,34.4552286678,0.494,3823
16.0,1.00622785091,0.000258918124018,1538.77158307,0.0041426926,4.76,34.4552286678,0.494,3823
16.0,1.00637710094,0.000258915039012,1538.83288565,0.0041426926,4.76,34.4552286678,0.494,3823
16.0,1.00631558895,0.000258914689766,1538.89418824,0.0041426926,4.76,34.4552286678,0.494,3823
16.0,1.00635898113,0.000258883577771,1538.95549102,0.0041426926,4.76,34.4552286678,0.494,3823
16.0,1.00641095638,0.000258903310169,1539.01679361,0.0041426926,4.76,34.4552286678,0.494,3823
16.0,1.00633084774,0.000258901796769,1539.0780962,0.0041426926,4.76,34.4552286678,0.494,3823
16.0,1.00662684441,0.000258925225353,1539.13939879,0.0041426926,4.76,34.4552286678,0.494,3823
16.0,1.00634050369,0.000258898071479,1539.20070138,0.0041426926,4.76,34.4552286678,0.494,3823
16.0,1.0058838129,0.000258849031525,1539.26200398,0.0041426926,4.76,34.4552286678,0.494,3823
16.0,1.00598263741,0.000258826825302,1539.32330658,0.0041426926,4.76,34.4552286678,0.494,3823
16.0,1.00606715679,0.000258815212874,1539.38460918,0.0041426926,4.76,34.4552286678,0.494,3823
16.0,1.00614726543,0.000258827087237,1539.44591178,0.0041426926,4.76,34.4552286678,0.494,3823
16.0,1.00620639324,0.000258812011452,1539.50721449,0.0041426926,4.76,34.4552286678,0.494,3823
16.0,1.006270051,0.000258810177911,1539.56851709,0.0041426926,4.76,34.4552286678,0.494,3823
16.0,1.00598621368,0.000258846906945,1539.6298197,0.0041426926,4.76,34.4552286678,0.494,3823
16.0,1.00634109974,0.000258865358774,1539.69112232,0.0041426926,4.76,34.4552286678,0.494,3823
16.0,1.00584459305,0.000258812244283,1539.75242493,0.0041426926,4.76,34.4552286678,0.494,3823
16.0,1.00584793091,0.000258796848357,1539.81372755,0.0041426926,4.76,34.4552286678,0.494,3823
16.0,1.00561654568,0.00025877149892,1539.89546447,0.0041426926,4.76,34.4552286678,0.494,3823
16.0,1.00549244881,0.000258804910118,1539.9567671,0.0041426926,4.76,34.4552286678,0.494,3823
16.0,1.00611650944,0.000258779880824,1540.01806972,0.0041426926,4.76,34.4552286678,0.494,3823
16.0,1.0060544014,0.000258778338321,1540.07937235,0.0041426926,4.76,34.4552286678,0.494,3823
16.0,1.00589931011,0.000258767744526,1540.14067497,0.0041426926,4.76,34.4552286678,0.494,3823
16.0,1.006316185,0.000258801883319,1540.20197761,0.0041426926,4.76,34.4552286678,0.494,3823
16.0,1.0059248209,0.000258756423136,1540.26328024,0.0041426926,4.76,34.4552286678,0.494,3823
16.0,1.00563895702,0.000258748070337,1540.32458297,0.0041426926,4.76,34.4552286678,0.494,3823
16.0,1.00509524345,0.000258672109339,1540.38588561,0.0041426926,4.76,34.4552286678,0.494,3823
16.0,1.00561439991,0.000258755200775,1540.44718825,0.0041426926,4.76,34.4552286678,0.494,3823
16.0,1.00566101074,0.000258754589595,1540.508491,0.0041426926,4.76,34.4552286678,0.494,3823
16.0,1.00595700741,0.000258740241406,1540.56979364,0.0041426926,4.76,34.4552286678,0.494,3823
16.0,1.00559020042,0.000258738204138,1540.63109629,0.0041426926,4.76,34.4552286678,0.494,3823
16.0,1.00557672977,0.000258682877757,1540.69239894,0.0041426926,4.76,34.4552286678,0.494,3823
16.0,1.00534343719,0.000258657004451,1540.75370159,0.0041426926,4.76,34.4552286678,0.494,3823
16.0,1.00509548187,0.000258629530435,1540.81500424,0.0041426926,4.76,34.4552286678,0.494,3823
16.0,1.00510299206,0.000258614192717,1540.8763069,0.0041426926,4.76,34.4552286678,0.494,3823
16.0,1.00477230549,0.000258598331129,1540.93760956,0.0041426926,4.76,34.4552286678,0.494,3823
16.0,1.00509548187,0.000258613406913,1540.99891222,0.0041426926,4.76,34.4552286678,0.494,3823
16.0,1.00543892384,0.000258650485193,1541.06021498,0.0041426926,4.76,34.4552286678,0.494,3823
16.0,1.00510454178,0.000258585176198,1541.12151764,0.0041426926,4.76,34.4552286678,0.494,3823
16.0,1.00497841835,0.000258573301835,1541.18282031,0.0041426926,4.76,34.4552286678,0.494,3823
16.0,1.00493311882,0.000258557411144,1541.24412298,0.0041426926,4.76,34.4552286678,0.494,3823
16.0,1.00448966026,0.00025852303952,1541.30542565,0.0041426926,4.76,34.4552286678,0.494,3823
16.0,1.00448513031,0.000258534942986,1541.36672832,0.0041426926,4.76,34.4552286678,0.494,3823
16.0,1.00438904762,0.000258500687778,1541.428031,0.0041426926,4.76,34.4552286678,0.494,3823
16.0,1.00469911098,0.000258524523815,1541.48933378,0.0041426926,4.76,34.4552286678,0.494,3823
16.0,1.00438070297,0.000258518761257,1541.55063646,0.0041426926,4.76,34.4552286678,0.494,3823
16.0,1.00454890728,0.000258330022916,1541.61193914,0.0041426926,4.76,34.4552286678,0.494,3823
16.0,1.00439417362,0.000258340849541,1541.67324193,0.0041426926,4.76,34.4552286678,0.494,3823
16.0,1.00417971611,0.000258374202531,1541.73454461,0.0041426926,4.76,34.4552286678,0.494,3823
16.0,1.00446176529,0.000258375570411,1541.7958473,0.0041426926,4.76,34.4552286678,0.494,3823
16.0,1.00457704067,0.000258376123384,1541.85714999,0.0041426926,4.76,34.4552286678,0.494,3823
16.0,1.00468790531,0.000258330750512,1541.91845269,0.0041426926,4.76,34.4552286678,0.494,3823
16.0,1.00423455238,0.000258310086792,1541.97975538,0.0041426926,4.76,34.4552286678,0.494,3823
16.0,1.00469732285,0.000258374755504,1542.04105808,0.0041426926,4.76,34.4552286678,0.494,3823
16.0,1.0038189888,0.000258309795754,1542.12279512,0.0041426926,4.76,34.4552286678,0.494,3823
16.0,1.00414466858,0.000258285581367,1542.18409782,0.0041426926,4.76,34.4552286678,0.494,3823
16.0,1.00440752506,0.000258348445641,1542.24540052,0.0041426926,4.76,34.4552286678,0.494,3823
16.0,1.00442826748,0.000258303130977,1542.30670323,0.0041426926,4.76,34.4552286678,0.494,3823
16.0,1.00412404537,0.000258310115896,1542.36800594,0.0041426926,4.76,34.4552286678,0.494,3823
16.0,1.0042937994,0.000258311920334,1542.42930865,0.0041426926,4.76,34.4552286678,0.494,3823
16.0,1.00474882126,0.000258263462456,1542.49061137,0.0041426926,4.76,34.4552286678,0.494,3823
16.0,1.00433051586,0.000258322368609,1542.55191408,0.0041426926,4.76,34.4552286678,0.494,3823
16.0,1.00388205051,0.000258292420767,1542.6132169,0.0041426926,4.76,34.4552286678,0.494,3823
16.0,1.00432360172,0.000258294516243,1542.67451962,0.0041426926,4.76,34.4552286678,0.494,3823
16.0,1.00406968594,0.000258271524217,1542.73582235,0.0041426926,4.76,34.4552286678,0.494,3823
16.0,1.00426435471,0.000258278130786,1542.79712507,0.0041426926,4.76,34.4552286678,0.494,3823
16.0,1.00376713276,0.000258278363617,1542.87886204,0.0041426926,4.76,34.4552286678,0.494,3823
16.0,1.00374615192,0.000258219108218,1542.94016477,0.0041426926,4.76,34.4552286678,0.494,3823
16.0,1.00375080109,0.000258213520283,1543.0014677,0.0041426926,4.76,34.4552286678,0.494,3823
16.0,1.00377380848,0.000258253276115,1543.06277034,0.0041426926,4.76,34.4552286678,0.494,3823
16.0,1.00327682495,0.000258208136074,1543.12407307,0.0041426926,4.76,34.4552286678,0.494,3823
16.0,1.00316560268,0.000258186308201,1543.18537581,0.0041426926,4.76,34.4552286678,0.494,3823
16.0,1.00327694416,0.000258166284766,1543.24667855,0.0041426926,4.76,34.4552286678,0.494,3823
16.0,1.00312507153,0.000258220650721,1543.30798129,0.0041426926,4.76,34.4552286678,0.494,3823
16.0,1.00337898731,0.000258215499343,1543.36928414,0.0041426926,4.76,34.4552286678,0.494,3823
16.0,1.00315117836,0.000258170563029,1543.43058689,0.0041426926,4.76,34.4552286678,0.494,3823
16.0,1.00296270847,0.00025817041751,1543.49188964,0.0041426926,4.76,34.4552286678,0.494,3823
16.0,1.00331938267,0.000258189800661,1543.55319239,0.0041426926,4.76,34.4552286678,0.494,3823
16.0,1.00270473957,0.000258112529991,1543.61449524,0.0041426926,4.76,34.4552286678,0.494,3823
16.0,1.00255465508,0.000258098531049,1543.675798,0.0041426926,4.76,34.4552286678,0.494,3823
16.0,1.00319373608,0.000258106359979,1543.73710075,0.0041426926,4.76,34.4552286678,0.494,3823
16.0,1.00286209583,0.000258091895375,1543.79840351,0.0041426926,4.76,34.4552286678,0.494,3823
16.0,1.00267624855,0.000258065847447,1543.85970628,0.0041426926,4.76,34.4552286678,0.494,3823
16.0,1.00265133381,0.000258255924564,1543.92100904,0.0041426926,4.76,34.4552286678,0.494,3823
16.0,1.00277149677,0.000258098589256,1543.98231181,0.0041426926,4.76,34.4552286678,0.494,3823
16.0,1.00238382816,0.000258257117821,1544.04361458,0.0041426926,4.76,34.4552286678,0.494,3823
16.0,1.00202548504,0.00025810697116,1544.10491735,0.0041426926,4.76,34.4552286678,0.494,3823
16.0,1.00177288055,0.000258123938693,1544.16622032,0.0041426926,4.76,34.4552286678,0.494,3823
16.0,1.00206279755,0.00025824730983,1544.22752309,0.0041426926,4.76,34.4552286678,0.494,3823
16.0,1.00163292885,0.000258176936768,1544.28882587,0.0041426926,4.76,34.4552286678,0.494,3823
16.0,1.00199115276,0.000258251529885,1544.35012855,0.0041426926,4.76,34.4552286678,0.494,3823
16.0,1.00212275982,0.000258241809206,1544.41143133,0.0041426926,4.76,34.4552286678,0.494,3823
16.0,1.00112855434,0.00025815400295,1544.47273411,0.0041426926,4.76,34.4552286678,0.494,3823
16.0,1.00112628937,0.00025816843845,1544.534037,0.0041426926,4.76,34.4552286678,0.494,3823
16.0,1.00100290775,0.000258144253166,1544.59533979,0.0041426926,4.76,34.4552286678,0.494,3823
16.0,1.00117099285,0.000258109823335,1544.65664258,0.0041426926,4.76,34.4552286678,0.494,3823
16.0,1.00102615356,0.00025809489307,1544.71794537,0.0041426926,4.76,34.4552286678,0.494,3823
16.0,1.00169205666,0.000258133542957,1544.77924826,0.0041426926,4.76,34.4552286678,0.494,3823
16.0,1.00084364414,0.000258074374869,1544.84055106,0.0041426926,4.76,34.4552286678,0.494,3823
16.0,1.00092637539,0.000258084648522,1544.90185385,0.0041426926,4.76,34.4552286678,0.494,3823
16.0,1.0005838871,0.00025805196492,1544.96315665,0.0041426926,4.76,34.4552286678,0.494,3823
16.0,1.00058186054,0.00025806913618,1545.02445946,0.0041426926,4.76,34.4552286678,0.494,3823
16.0,1.00025749207,0.000258041894995,1545.08576226,0.0041426926,4.76,34.4552286678,0.494,3823
16.0,1.00022208691,0.000257998617599,1545.14706507,0.0041426926,4.76,34.4552286678,0.494,3823
16.0,1.00004899502,0.000258010986727,1545.20836788,0.0041426926,4.76,34.4552286678,0.494,3823
16.0,1.00008225441,0.000257961335592,1545.26967069,0.0041426926,4.76,34.4552286678,0.494,3823
16.0,1.0001591444,0.000258007086813,1545.3309736,0.0041426926,4.76,34.4552286678,0.494,3823
16.0,0.999858498573,0.000257983483607,1545.39227651,0.0041426926,4.76,34.4552286678,0.494,3823
16.0,0.999369382858,0.000257925741607,1545.45357933,0.0041426926,4.76,34.4552286678,0.494,3823
16.0,0.999901294708,0.000257946085185,1545.51488215,0.0041426926,4.76,34.4552286678,0.494,3823
16.0,0.999736070633,0.000257908832282,1545.57618497,0.0041426926,4.76,34.4552286678,0.494,3823
16.0,0.999530792236,0.000257900712313,1545.63748769,0.0041426926,4.76,34.4552286678,0.494,3823
16.0,0.999627411366,0.000257933046669,1545.69879052,0.0041426926,4.76,34.4552286678,0.494,3823
16.0,0.999438524246,0.000257923355093,1545.76009344,0.0041426926,4.76,34.4552286678,0.494,3823
16.0,0.999187707901,0.000257911509834,1545.82139627,0.0041426926,4.76,34.4552286678,0.494,3823
16.0,0.99932795763,0.000257913256064,1545.90313348,0.0041426926,4.76,34.4552286678,0.494,3823
16.0,0.998876512051,0.000257853593212,1545.96443631,0.0041426926,4.76,34.4552286678,0.494,3823
16.0,0.998966515064,0.000257847132161,1546.02573915,0.0041426926,4.76,34.4552286678,0.494,3823
16.0,0.998886585236,0.000257845211308,1546.08704199,0.0041426926,4.76,34.4552286678,0.494,3823
16.0,0.998737037182,0.000257825624431,1546.14834483,0.0041426926,4.76,34.4552286678,0.494,3823
16.0,0.998795092106,0.000257853185758,1546.20964767,0.0041426926,4.76,34.4552286678,0.494,3823
16.0,0.999359965324,0.000257896608673,1546.27095051,0.0041426926,4.76,34.4552286678,0.494,3823
16.0,0.998343527317,0.000257830979535,1546.33225346,0.0041426926,4.76,34.4552286678,0.494,3823
16.0,0.998846232891,0.000257840671111,1546.3935563,0.0041426926,4.76,34.4552286678,0.494,3823
16.0,0.998570382595,0.000257830775809,1546.45485915,0.0041426926,4.76,34.4552286678,0.494,3823
16.0,0.998717725277,0.000257804611465,1546.53659629,0.0041426926,4.76,34.4552286678,0.494,3823
16.0,0.998499453068,0.000257798325038,1546.59789915,0.0041426926,4.76,34.4552286678,0.494,3823
16.0,0.998658120632,0.000257803534623,1546.659202,0.0041426926,4.76,34.4552286678,0.494,3823
16.0,0.998399913311,0.000257765408605,1546.72050496,0.0041426926,4.76,34.4552286678,0.494,3823
16.0,0.998471319675,0.000257766630966,1546.78180782,0.0041426926,4.76,34.4552286678,0.494,3823
16.0,0.998277306557,0.000257772684563,1546.84311068,0.0041426926,4.76,34.4552286678,0.494,3823
16.0,0.998072743416,0.000257728475844,1546.90441355,0.0041426926,4.76,34.4552286678,0.494,3823
16.0,0.998187184334,0.000257736159256,1546.96571641,0.0041426926,4.76,34.4552286678,0.494,3823
16.0,0.99784976244,0.000257720676018,1547.02701928,0.0041426926,4.76,34.4552286678,0.494,3823
16.0,0.998136520386,0.00025773330708,1547.08832215,0.0041426926,4.76,34.4552286678,0.494,3823
16.0,0.998354077339,0.000257737206994,1547.14962503,0.0041426926,4.76,34.4552286678,0.494,3823
16.0,0.998250007629,0.00025768976775,1547.2109279,0.0041426926,4.76,34.4552286678,0.494,3823
16.0,0.997989177704,0.000257688283455,1547.29266517,0.0041426926,4.76,34.4552286678,0.494,3823
16.0,0.998270094395,0.000257700448856,1547.35396805,0.0041426926,4.76,34.4552286678,0.494,3823
16.0,0.997902154922,0.000257674138993,1547.41527093,0.0041426926,4.76,34.4552286678,0.494,3823
16.0,0.997598469257,0.000257646432146,1547.47657381,0.0041426926,4.76,34.4552286678,0.494,3823
16.0,0.99790340662,0.00025767122861,1547.5378767,0.0041426926,4.76,34.4552286678,0.494,3823
16.0,0.998950839043,0.000257736013737,1547.59917969,0.0041426926,4.76,34.4552286678,0.494,3823
16.0,0.997575163841,0.000257617415627,1547.66048257,0.0041426926,4.76,34.4552286678,0.494,3823
16.0,0.998016417027,0.000257634994341,1547.72178547,0.0041426926,4.76,34.4552286678,0.494,3823
16.0,0.997736930847,0.000257622188656,1547.78308846,0.0041426926,4.76,34.4552286678,0.494,3823
16.0,0.997944653034,0.000257643230725,1547.84439135,0.0041426926,4.76,34.4552286678,0.494,3823
16.0,0.997532844543,0.000257603882346,1547.90569425,0.0041426926,4.76,34.4552286678,0.494,3823
16.0,0.9979570508,0.000257626437815,1547.96699715,0.0041426926,4.76,34.4552286678,0.494,3823
16.0,0.997867763042,0.000257612467976,1548.02830005,0.0041426926,4.76,34.4552286678,0.494,3823
16.0,0.997850358486,0.000257621722994,1548.08960295,0.0041426926,4.76,34.4552286678,0.494,3823
16.0,0.997831165791,0.000257600477198,1548.15090586,0.0041426926,4.76,34.4552286678,0.494,3823
16.0,0.998111128807,0.000257623760263,1548.21220886,0.0041426926,4.76,34.4552286678,0.494,3823
16.0,0.997435331345,0.00025756371906,1548.27351177,0.0041426926,4.76,34.4552286678,0.494,3823
16.0,0.997544169426,0.000257559673628,1548.33481468,0.0041426926,4.76,34.4552286678,0.494,3823
16.0,0.997868895531,0.000257602136116,1548.3961176,0.0041426926,4.76,34.4552286678,0.494,3823
16.0,0.997488260269,0.000257555453572,1548.45742051,0.0041426926,4.76,34.4552286678,0.494,3823
16.0,0.997497081757,0.000257553911069,1548.51872343,0.0041426926,4.76,34.4552286678,0.494,3823
16.0,0.998043894768,0.000257603940554,1548.58002635,0.0041426926,4.76,34.4552286678,0.494,3823
16.0,0.997493207455,0.000257493084064,1548.64132927,0.0041426926,4.76,34.4552286678,0.494,3823
16.0,0.997635781765,0.000257539650192,1548.70263219,0.0041426926,4.76,34.4552286678,0.494,3823
16.0,0.997978210449,0.000257447885815,1548.76393521,0.0041426926,4.76,34.4552286678,0.494,3823
16.0,0.997094810009,0.000257388921455,1548.84567245,0.0041426926,4.76,34.4552286678,0.494,3823
16.0,0.997469544411,0.000257404666627,1548.90697538,0.0041426926,4.76,34.4552286678,0.494,3823
16.0,0.997902929783,0.000257447187323,1548.96827831,0.0041426926,4.76,34.4552286678,0.494,3823
16.0,0.997251093388,0.000257389910985,1549.02958124,0.0041426926,4.76,34.4552286678,0.494,3823
16.0,0.997777462006,0.000257418840192,1549.09088417,0.0041426926,4.76,34.4552286678,0.494,3823
16.0,0.997216939926,0.000257388135651,1549.15218711,0.0041426926,4.76,34.4552286678,0.494,3823
16.0,0.997399270535,0.000257385807345,1549.21349025,0.0041426926,4.76,34.4552286678,0.494,3823
16.0,0.997371912003,0.000257375766523,1549.27479319,0.0041426926,4.76,34.4552286678,0.494,3823
16.0,0.997167527676,0.000257350795437,1549.33609613,0.0041426926,4.76,34.4552286678,0.494,3823
16.0,0.997357428074,0.000257358595263,1549.41783339,0.0041426926,4.76,34.4552286678,0.494,3823
16.0,0.998227655888,0.00025743569131,1549.47913634,0.0041426926,4.76,34.4552286678,0.494,3823
16.0,0.997512102127,0.000257363077253,1549.54043928,0.0041426926,4.76,34.4552286678,0.494,3823
16.0,0.997481882572,0.000257344043348,1549.60174233,0.0041426926,4.76,34.4552286678,0.494,3823
16.0,0.998418629169,0.000257419043919,1549.66304529,0.0041426926,4.76,34.4552286678,0.494,3823
16.0,0.997589111328,0.000257342937402,1549.72434824,0.0041426926,4.76,34.4552286678,0.494,3823
16.0,0.996791362762,0.00025726336753,1549.7856512,0.0041426926,4.76,34.4552286678,0.494,3823
16.0,0.997546732426,0.000257336883806,1549.84695415,0.0041426926,4.76,34.4552286678,0.494,3823
16.0,0.998009681702,0.000257365813013,1549.90825711,0.0041426926,4.76,34.4552286678,0.494,3823
16.0,0.997796952724,0.000257332343608,1549.96956007,0.0041426926,4.76,34.4552286678,0.494,3823
16.0,0.997297465801,0.000257307314314,1550.03086304,0.0041426926,4.76,34.4552286678,0.494,3823
16.0,0.996933877468,0.000257240608335,1550.092166,0.0041426926,4.76,34.4552286678,0.494,3823
16.0,0.998001873493,0.000257322652033,1550.15346907,0.0041426926,4.76,34.4552286678,0.494,3823
16.0,0.997607350349,0.000257283682004,1550.21477204,0.0041426926,4.76,34.4552286678,0.494,3823
16.0,0.997586071491,0.00025726397871,1550.27607501,0.0041426926,4.76,34.4552286678,0.494,3823
16.0,0.99756705761,0.000257270381553,1550.33737798,0.0041426926,4.76,34.4552286678,0.494,3823
16.0,0.997393012047,0.000257249601418,1550.39868096,0.0041426926,4.76,34.4552286678,0.494,3823
16.0,0.997333228588,0.000257226551184,1550.45998393,0.0041426926,4.76,34.4552286678,0.494,3823
16.0,0.997159540653,0.000257196894381,1550.52128691,0.0041426926,4.76,34.4552286678,0.494,3823
16.0,0.99745196104,0.000257246632827,1550.58258989,0.0041426926,4.76,34.4552286678,0.494,3823
16.0,0.997202515602,0.000257202977082,1550.64389297,0.0041426926,4.76,34.4552286678,0.494,3823
16.0,0.997486174107,0.000257225474343,1550.70519606,0.0041426926,4.76,34.4552286678,0.494,3823
16.0,0.997631907463,0.000257229694398,1550.76649904,0.0041426926,4.76,34.4552286678,0.494,3823
16.0,0.997295498848,0.000257193227299,1550.82780203,0.0041426926,4.76,34.4552286678,0.494,3823
16.0,0.997553944588,0.000257212435827,1550.88910502,0.0041426926,4.76,34.4552286678,0.494,3823
16.0,0.997170567513,0.000257150066318,1550.97084224,0.0041426926,4.76,34.4552286678,0.494,3823
16.0,0.997033774853,0.000257122417679,1551.03214524,0.0041426926,4.76,34.4552286678,0.494,3823
16.0,0.997309625149,0.000257169740507,1551.09344843,0.0041426926,4.76,34.4552286678,0.494,3823
16.0,0.99685895443,0.000257120816968,1551.15475143,0.0041426926,4.76,34.4552286678,0.494,3823
16.0,0.99754846096,0.000257183302892,1551.21605443,0.0041426926,4.76,34.4552286678,0.494,3823
16.0,0.997785031796,0.000257201201748,1551.27735743,0.0041426926,4.76,34.4552286678,0.494,3823
16.0,0.997572898865,0.000257174280705,1551.33866043,0.0041426926,4.76,34.4552286678,0.494,3823
16.0,0.997718334198,0.000257185922237,1551.39996344,0.0041426926,4.76,34.4552286678,0.494,3823
16.0,0.997283875942,0.000257137813605,1551.46126644,0.0041426926,4.76,34.4552286678,0.494,3823
16.0,0.997491896152,0.000257119449088,1551.52256945,0.0041426926,4.76,34.4552286678,0.494,3823
16.0,0.997451364994,0.000257115869317,1551.58387246,0.0041426926,4.76,34.4552286678,0.494,3823
16.0,0.997177660465,0.000257094128756,1551.64517557,0.0041426926,4.76,34.4552286678,0.494,3823
16.0,0.997742831707,0.000257160805631,1551.70647859,0.0041426926,4.76,34.4552286678,0.494,3823
16.0,0.997468411922,0.000257147883531,1551.7677816,0.0041426926,4.76,34.4552286678,0.494,3823
16.0,0.996831476688,0.000257022154983,1551.8699534,0.0041426926,4.76,34.4552286678,0.494,3823
16.0,0.9974142313,0.000257134990534,1551.93125642,0.0041426926,4.76,34.4552286678,0.494,3823
16.0,0.997771561146,0.000257124454947,1551.99255944,0.0041426926,4.76,34.4552286678,0.494,3823
16.0,0.997870624065,0.000257146894,1552.05386246,0.0041426926,4.76,34.4552286678,0.494,3823
16.0,0.997715651989,0.000257126259385,1552.11516549,0.0041426926,4.76,34.4552286678,0.494,3823
16.0,0.997982501984,0.000257153995335,1552.17646852,0.0041426926,4.76,34.4552286678,0.494,3823
16.0,0.997902452946,0.000257117702859,1552.23777155,0.0041426926,4.76,34.4552286678,0.494,3823
16.0,0.998172044754,0.000257175124716,1552.29907458,0.0041426926,4.76,34.4552286678,0.494,3823
16.0,0.997475743294,0.000257095322013,1552.36037771,0.0041426926,4.76,34.4552286678,0.494,3823
16.0,0.998525857925,0.000257152452832,1552.42168074,0.0041426926,4.76,34.4552286678,0.494,3823
16.0,0.997943520546,0.000257104809862,1552.48298378,0.0041426926,4.76,34.4552286678,0.494,3823
16.0,0.997950911522,0.00025707349414,1552.54428682,0.0041426926,4.76,34.4552286678,0.494,3823
16.0,0.997840106487,0.000257099804003,1552.60558986,0.0041426926,4.76,34.4552286678,0.494,3823
16.0,0.998436033726,0.000257109466475,1552.666893,0.0041426926,4.76,34.4552286678,0.494,3823
16.0,0.997659921646,0.000256872182945,1552.72819594,0.0041426926,4.76,34.4552286678,0.494,3823
16.0,0.998302280903,0.000256930856267,1552.78949899,0.0041426926,4.76,34.4552286678,0.494,3823
16.0,0.998153626919,0.000256946950685,1552.85080203,0.0041426926,4.76,34.4552286678,0.494,3823
16.0,0.998162150383,0.000256906234426,1552.91210508,0.0041426926,4.76,34.4552286678,0.494,3823
16.0,0.998158574104,0.000256913888734,1552.97340833,0.0041426926,4.76,34.4552286678,0.494,3823
16.0,0.997902750969,0.00025689744507,1553.03471138,0.0041426926,4.76,34.4552286678,0.494,3823
16.0,0.998198211193,0.000256913772319,1553.09601444,0.0041426926,4.76,34.4552286678,0.494,3823
16.0,0.998465895653,0.000256947649177,1553.15731749,0.0041426926,4.76,34.4552286678,0.494,3823
16.0,0.997922897339,0.000256881961832,1553.21862055,0.0041426926,4.76,34.4552286678,0.494,3823
16.0,0.998409748077,0.000256903120317,1553.27992361,0.0041426926,4.76,34.4552286678,0.494,3823
16.0,0.998262763023,0.000256881990936,1553.34122667,0.0041426926,4.76,34.4552286678,0.494,3823
16.0,0.998172044754,0.000256862258539,1553.40252973,0.0041426926,4.76,34.4552286678,0.494,3823
16.0,0.998792231083,0.000256884173723,1553.4638328,0.0041426926,4.76,34.4552286678,0.494,3823
16.0,0.998463630676,0.000256857194472,1553.52513596,0.0041426926,4.76,34.4552286678,0.494,3823
16.0,0.998705208302,0.000256856321357,1553.58643903,0.0041426926,4.76,34.4552286678,0.494,3823
16.0,0.998702049255,0.000256854866166,1553.6477421,0.0041426926,4.76,34.4552286678,0.494,3823
16.0,0.998960971832,0.00025690390612,1553.70904517,0.0041426926,4.76,34.4552286678,0.494,3823
16.0,0.998682558537,0.000256871251622,1553.77034824,0.0041426926,4.76,34.4552286678,0.494,3823
16.0,0.998940587044,0.000256849016296,1553.83165142,0.0041426926,4.76,34.4552286678,0.494,3823
16.0,0.998931884766,0.000256852421444,1553.89295449,0.0041426926,4.76,34.4552286678,0.494,3823
16.0,0.999218046665,0.000256858678767,1553.95425757,0.0041426926,4.76,34.4552286678,0.494,3823
16.0,0.999442398548,0.000256882514805,1554.01556065,0.0041426926,4.76,34.4552286678,0.494,3823
16.0,0.998897790909,0.000256860104855,1554.07686383,0.0041426926,4.76,34.4552286678,0.494,3823
16.0,0.999251902103,0.000256882514805,1554.15860118,0.0041426926,4.76,34.4552286678,0.494,3823
16.0,0.999140977859,0.0002568558848,1554.21990426,0.0041426926,4.76,34.4552286678,0.494,3823
16.0,0.99951082468,0.000256859493675,1554.28120735,0.0041426926,4.76,34.4552286678,0.494,3823
16.0,0.999195337296,0.000256846280536,1554.34251054,0.0041426926,4.76,34.4552286678,0.494,3823
16.0,0.999578177929,0.000256887404248,1554.40381363,0.0041426926,4.76,34.4552286678,0.494,3823
16.0,1.00024390221,0.000256908824667,1554.46511682,0.0041426926,4.76,34.4552286678,0.494,3823
16.0,1.00009429455,0.000256889528828,1554.52641991,0.0041426926,4.76,34.4552286678,0.494,3823
16.0,1.00032615662,0.000256905797869,1554.58772301,0.0041426926,4.76,34.4552286678,0.494,3823
16.0,0.999824821949,0.000256841798546,1554.64902611,0.0041426926,4.76,34.4552286678,0.494,3823
16.0,1.00001573563,0.000256866536802,1554.71032921,0.0041426926,4.76,34.4552286678,0.494,3823
16.0,1.0010240078,0.000256947620073,1554.79206677,0.0041426926,4.76,34.4552286678,0.494,3823
16.0,1.00027441978,0.00025686857407,1554.85336988,0.0041426926,4.76,34.4552286678,0.494,3823
16.0,1.00009512901,0.000256867933786,1554.91467298,0.0041426926,4.76,34.4552286678,0.494,3823
16.0,1.00014090538,0.000256904604612,1554.97597609,0.0041426926,4.76,34.4552286678,0.494,3823
16.0,1.00047266483,0.000256901839748,1555.03727919,0.0041426926,4.76,34.4552286678,0.494,3823
16.0,1.00023949146,0.000256868486758,1555.0985823,0.0041426926,4.76,34.4552286678,0.494,3823
16.0,1.00054526329,0.000256869680015,1555.15988541,0.0041426926,4.76,34.4552286678,0.494,3823
16.0,1.00037336349,0.000256897124927,1555.22118853,0.0041426926,4.76,34.4552286678,0.494,3823
16.0,1.00103592873,0.000256931438344,1555.28249164,0.0041426926,4.76,34.4552286678,0.494,3823
16.0,1.00097453594,0.000256873317994,1555.34379486,0.0041426926,4.76,34.4552286678,0.494,3823
16.0,1.00101077557,0.00025690329494,1555.40509797,0.0041426926,4.76,34.4552286678,0.494,3823
16.0,1.00092971325,0.000256861269008,1555.46640109,0.0041426926,4.76,34.4552286678,0.494,3823
16.0,1.00038325787,0.000256822793745,1555.52770421,0.0041426926,4.76,34.4552286678,0.494,3823
16.0,1.00129568577,0.000256883446127,1555.58900734,0.0041426926,4.76,34.4552286678,0.494,3823
16.0,1.00138866901,0.000256935716607,1555.65031046,0.0041426926,4.76,34.4552286678,0.494,3823
16.0,1.00089943409,0.000256878120126,1555.71161368,0.0041426926,4.76,34.4552286678,0.494,3823
16.0,1.00152945518,0.000256916508079,1555.77291681,0.0041426926,4.76,34.4552286678,0.494,3823
16.0,1.00118923187,0.000256838160567,1555.83421994,0.0041426926,4.76,34.4552286678,0.494,3823
16.0,1.00180351734,0.000256882398389,1555.89552317,0.0041426926,4.76,34.4552286678,0.494,3823
16.0,1.00184059143,0.000256905565038,1555.9568263,0.0041426926,4.76,34.4552286678,0.494,3823
16.0,1.00207388401,0.000256907573203,1556.01812944,0.0041426926,4.76,34.4552286678,0.494,3823
16.0,1.00120699406,0.000256821193034,1556.07943257,0.0041426926,4.76,34.4552286678,0.494,3823
16.0,1.0023059845,0.000256890198216,1556.14073571,0.0041426926,4.76,34.4552286678,0.494,3823
16.0,1.00210487843,0.000256873812759,1556.20203885,0.0041426926,4.76,34.4552286678,0.494,3823
16.0,1.00198280811,0.00025683833519,1556.26334199,0.0041426926,4.76,34.4552286678,0.494,3823
16.0,1.00197219849,0.000256830971921,1556.32464513,0.0041426926,4.76,34.4552286678,0.494,3823
16.0,1.00202918053,0.000256825616816,1556.38594827,0.0041426926,4.76,34.4552286678,0.494,3823
16.0,1.00254189968,0.000256874744082,1556.44725152,0.0041426926,4.76,34.4552286678,0.494,3823
16.0,1.00223278999,0.000256840052316,1556.50855476,0.0041426926,4.76,34.4552286678,0.494,3823
16.0,1.00279998779,0.000256843399256,1556.56985791,0.0041426926,4.76,34.4552286678,0.494,3823
16.0,1.00212228298,0.000256822881056,1556.63116096,0.0041426926,4.76,34.4552286678,0.494,3823
16.0,1.00250685215,0.000256823695963,1556.69246411,0.0041426926,4.76,34.4552286678,0.494,3823
16.0,1.00280296803,0.000256804807577,1556.75376727,0.0041426926,4.76,34.4552286678,0.494,3823
16.0,1.0030066967,0.000256813684246,1556.81507042,0.0041426926,4.76,34.4552286678,0.494,3823
16.0,1.00296580791,0.000256875209743,1556.87637368,0.0041426926,4.76,34.4552286678,0.494,3823
16.0,1.00289046764,0.000256806903053,1556.93767683,0.0041426926,4.76,34.4552286678,0.494,3823
16.0,1.00289750099,0.000256815954344,1556.99898009,0.0041426926,4.76,34.4552286678,0.494,3823
16.0,1.00346708298,0.000256834144238,1557.06028325,0.0041426926,4.76,34.4552286678,0.494,3823
16.0,1.00343465805,0.000256897270447,1557.12158642,0.0041426926,4.76,34.4552286678,0.494,3823
16.0,1.0038394928,0.000256841332885,1557.18288958,0.0041426926,4.76,34.4552286678,0.494,3823
16.0,1.00382816792,0.000256816128967,1557.24419275,0.0041426926,4.76,34.4552286678,0.494,3823
16.0,1.00368070602,0.000256820669165,1557.30549591,0.0041426926,4.76,34.4552286678,0.494,3823
16.0,1.00372445583,0.000256812229054,1557.36679908,0.0041426926,4.76,34.4552286678,0.494,3823
16.0,1.00382101536,0.000256861560047,1557.42810225,0.0041426926,4.76,34.4552286678,0.494,3823
16.0,1.00394201279,0.00025685474975,1557.48940542,0.0041426926,4.76,34.4552286678,0.494,3823
16.0,1.00416219234,0.000256887840806,1557.5507087,0.0041426926,4.76,34.4552286678,0.494,3823
16.0,1.00397253036,0.00025685899891,1557.61201187,0.0041426926,4.76,34.4552286678,0.494,3823
16.0,1.00410962105,0.0002568057389,1557.67331505,0.0041426926,4.76,34.4552286678,0.494,3823
16.0,1.00424993038,0.000256818777416,1557.73461832,0.0041426926,4.76,34.4552286678,0.494,3823
16.0,1.00435054302,0.000256844505202,1557.8163558,0.0041426926,4.76,34.4552286678,0.494,3823
16.0,1.00462889671,0.000256781378994,1557.87765908,0.0041426926,4.76,34.4552286678,0.494,3823
16.0,1.00500178337,0.000256970641203,1557.93896226,0.0041426926,4.76,34.4552286678,0.494,3823
